X Y Z LocalTime TrackLength
-98.8200000000 -2.2422132794 3.6156432934 0.0000000000 0.0000000000
-82.3500000000 -2.2422132794 3.6156432934 0.0551905847 16.4700000000
-81.8500000000 -2.2422132794 3.6156432934 0.0568660730 16.9700039256
-81.5370255688 -2.2421140730 3.6165108825 0.0579148578 17.2829811165
-80.4333830906 -2.2402552241 3.6204933211 0.0616132140 18.3866325556
-80.1200000000 -2.2398985864 3.6216521278 0.0626633759 18.7000195382
-79.3638915961 -2.2419074497 3.6236283903 0.0651971374 19.4561422057
-79.1511705647 -2.2428777529 3.6234172594 0.0659099968 19.6688655631
-78.3900000000 -2.2462606912 3.6226780375 0.0684607901 20.4300531848
-78.0781142963 -2.2472195802 3.6218586725 0.0695059836 20.7419429865
-76.9709866555 -2.2516207228 3.6212996763 0.0732162073 21.8490797302
-76.6600000000 -2.2528631457 3.6211412866 0.0742583924 22.1600704481
-74.9300000000 -2.2561949028 3.6165045689 0.0800560050 23.8901276151
-74.6204959779 -2.2593049493 3.6139267331 0.0810933212 24.1996595292
-73.5073308827 -2.2717797947 3.6001930826 0.0848243521 25.3129794820
-73.2000000000 -2.2753299838 3.5961586316 0.0858544588 25.6203588599
-71.4700000000 -2.2925799801 3.5789098721 0.0916527505 27.3505788365
-71.1660395288 -2.2957194102 3.5796393317 0.0926714945 27.6545578845
-70.0425101033 -2.3093011641 3.5797451843 0.0964371571 28.7781696420
-69.7400000000 -2.3130772456 3.5796768286 0.0974510673 29.0807047965
-68.0100000000 -2.3393935563 3.5799289699 0.1032496788 30.8109533644
-67.7096812665 -2.3435245619 3.5827000209 0.1042563257 31.1113147538
-66.5800129738 -2.3586711259 3.5962493669 0.1080430195 32.2411660943
-66.2800000000 -2.3629265260 3.5998763438 0.1090486885 32.5412326300
-64.5500000000 -2.3801718507 3.6177723463 0.1148474001 34.2714598490
-64.0500000000 -2.3865487640 3.6174146360 0.1165233187 34.7715047190
-63.5500000000 -2.3934539603 3.6191221780 0.1181992774 35.2715593965
-61.8200000000 -2.4276645580 3.6283385337 0.1239987493 37.0019711432
-61.5136314285 -2.4377424411 3.6279072869 0.1250261472 37.3085072696
-60.3959763228 -2.4810354113 3.6305394708 0.1287749693 38.4270038694
-60.0900000000 -2.4927434496 3.6311065679 0.1298012531 38.7332061773
-58.3600000000 -2.5604283846 3.6369235781 0.1356041247 40.4645888077
-58.0547641783 -2.5704036683 3.6357597587 0.1366277520 40.7699913422
-56.9358408867 -2.6066946440 3.6314686110 0.1403801106 41.8895115825
-56.6300000000 -2.6164809212 3.6298990266 0.1414057553 42.1955145724
-54.9000000000 -2.6718165592 3.6151294802 0.1472075199 43.9265119522
-54.5912503778 -2.6858955289 3.6134519450 0.1482434912 44.2355885479
-53.4836578530 -2.7350606147 3.5890219171 0.1519605378 45.3445410830
-53.1700000000 -2.7489502297 3.5819327337 0.1530131733 45.6585879860
-52.5061165670 -2.7771250588 3.5654934909 0.1552411088 46.3232796858
-52.0827013699 -2.7937740658 3.5569307644 0.1566618061 46.7471087010
-51.4400000000 -2.8187908780 3.5434430432 0.1588182822 47.3904451397
-51.1115159847 -2.8244224432 3.5353684158 0.1599198796 47.7190784585
-50.0470096932 -2.8407628727 3.5113750738 0.1634895283 48.7839807806
-49.7100000000 -2.8460529400 3.5037359567 0.1646196466 49.1211204653
-49.1806387488 -2.8540555626 3.4920015185 0.1663947613 49.6506769652
-48.4861678200 -2.8667299195 3.4739223489 0.1687238915 50.3454989518
-47.9800000000 -2.8754995497 3.4604575599 0.1704214859 50.8519261031
-47.6161478458 -2.8829714697 3.4515865341 0.1716417912 51.2159653146
-46.6264891625 -2.9062474584 3.4286300269 0.1749610931 52.2061641157
-46.2500000000 -2.9148022991 3.4198108519 0.1762238184 52.5828561165
-45.7500000000 -2.9255181694 3.4104686303 0.1779005844 53.0830624241
-45.2500000000 -2.9351527924 3.3991302916 0.1795774232 53.5832880052
-43.5200000000 -2.9700756915 3.3571964631 0.1853796373 55.3141994425
-43.2168781695 -2.9781879213 3.3515303605 0.1863963317 55.6174843082
-42.0908689305 -3.0061769031 3.3292489954 0.1901729594 56.7440620684
-41.7900000000 -3.0136667898 3.3230692084 0.1911820895 57.0450891997
-40.0600000000 -3.0600222509 3.2913621400 0.1969846487 58.7760518278
-39.7591398208 -3.0686650864 3.2887472603 0.1979936992 59.0770490363
-38.6334798015 -3.1001104354 3.2790053304 0.2017689656 60.2031906598
-38.3300000000 -3.1085365945 3.2762241903 0.2027867860 60.5068017376
-36.6000000000 -3.1476763123 3.2631215474 0.2085881043 62.2373455637
-36.2880722476 -3.1529819852 3.2615461144 0.2096340089 62.5493240964
-35.1878500270 -3.1783967956 3.2559965472 0.2133235529 63.6498541002
-34.8700000000 -3.1859219507 3.2541820542 0.2143894680 63.9678001216
-34.2450827699 -3.2010459321 3.2514286955 0.2164851561 64.5929131683
-33.7496462990 -3.2084965403 3.2455067767 0.2181464401 65.0884411114
-33.1400000000 -3.2176182456 3.2382188791 0.2201906888 65.6982056507
-32.8087047208 -3.2229299624 3.2347210630 0.2213015870 66.0295638778
-31.7464704156 -3.2372034761 3.2199697928 0.2248634857 67.0919967435
-31.4100000000 -3.2416331161 3.2150703905 0.2259917517 67.4285339500
-30.8667094106 -3.2480346567 3.2068985273 0.2278135249 67.9719288401
-30.2065534572 -3.2600854361 3.1934734834 0.2300276090 68.6323313791
-29.6800000000 -3.2695308720 3.1827028064 0.2317936021 69.1590845093
-29.3280694064 -3.2741110400 3.1750791217 0.2329738802 69.5111296250
-28.3088079484 -3.2884872645 3.1570233269 0.2363919987 70.5306526123
-27.9500000000 -3.2935380920 3.1504280999 0.2375952861 70.8895589599
-27.4500000000 -3.3012645953 3.1435969446 0.2392719880 71.3896696847
-26.9500000000 -3.3087571729 3.1376739988 0.2409486457 71.8897652720
-26.6416297897 -3.3133683335 3.1343931229 0.2419827089 72.1981890764
-25.5260994576 -3.3329436321 3.1202960367 0.2457236940 73.3139804971
-25.2200000000 -3.3383561741 3.1163792517 0.2467502197 73.6201545049
-23.4900000000 -3.3678004857 3.0908525435 0.2525520042 75.3506460305
-23.1876590772 -3.3731855393 3.0888786229 0.2535658923 75.6530429635
-22.0616883796 -3.3969097289 3.0811465151 0.2573420582 76.7792904115
-21.7600000000 -3.4031709406 3.0793245119 0.2583538197 77.0810508669
-20.0300000000 -3.4402447794 3.0642050425 0.2641558745 78.8115671454
-19.7293839565 -3.4484745103 3.0638770673 0.2651642049 79.1122976023
-18.6003813082 -3.4801443052 3.0582541036 0.2689512499 80.2417586896
-18.3000000000 -3.4885838073 3.0564988169 0.2699588362 80.5422652646
-16.5700000000 -3.5443488932 3.0414234955 0.2757627416 82.2732828173
-16.2699995351 -3.5562527318 3.0382248040 0.2767695123 82.5735380091
-15.1401732319 -3.6013420718 3.0235099324 0.2805612441 83.7043596632
-14.8400000000 -3.6133488468 3.0195274420 0.2815686432 84.0048009435
-13.1100000000 -3.6810488998 2.9875410264 0.2873749338 85.7364742900
-12.8076327779 -3.6784406909 2.9858341776 0.2883888755 86.0388592218
-11.6834391441 -3.6700090437 2.9752552806 0.2921587687 87.1631345111
-11.3800000000 -3.6674534093 2.9725148351 0.2931763348 87.4665984484
-9.6500000000 -3.6480429099 2.9660365558 0.2989777825 89.1967734422
-9.1500000000 -3.6447767336 2.9658141946 0.3006544557 89.6967886816
-8.6500000000 -3.6428509600 2.9649335714 0.3023311175 90.1967976925
-8.3454398106 -3.6408604946 2.9639503598 0.3033524299 90.5013676545
-7.2257269106 -3.6322590414 2.9634283278 0.3071072996 91.6211139672
-6.9200000000 -3.6299971349 2.9634501340 0.3081325308 91.9268509416
-5.1900000000 -3.6212859777 2.9674201802 0.3139338984 93.6569318250
-4.8820026209 -3.6177736554 2.9700034102 0.3149668419 93.9649617914
-3.7697567874 -3.6079534801 2.9764468007 0.3186968752 95.0772698969
-3.4600000000 -3.6051802594 2.9781950998 0.3197356804 95.3870457825
-2.6192135687 -3.6019809147 2.9759440899 0.3225552375 96.2278542259
-2.5651380584 -3.6017103016 2.9758909483 0.3227365805 96.2819304401
-1.7300000000 -3.5973846364 2.9752269486 0.3255372303 97.1170927267
-1.4176077166 -3.5948152028 2.9753013920 0.3265848744 97.4294973738
-0.3138464347 -3.5881828756 2.9714472633 0.3302864420 98.5332855591
-0.0000000000 -3.5860735958 2.9700807493 0.3313389669 98.8471438634
0.7250297152 -3.5848877231 2.9681454048 0.3337703894 99.5721867823
1.0087321852 -3.5839119864 2.9668744376 0.3347218178 99.8558937941
1.7300000000 -3.5812945027 2.9635973389 0.3371406746 100.5771833699
2.0440409104 -3.5873237979 2.9564465026 0.3381943052 100.8913653595
3.1512251345 -3.6133102840 2.9337334907 0.3419091600 101.9990877427
3.4600000000 -3.6205386765 2.9270198037 0.3429451969 102.3080219233
5.1900000000 -3.6684616950 2.8917412118 0.3487503872 104.0391004184
5.4911608028 -3.6763011097 2.8849755892 0.3497609890 104.3404408804
6.6199633866 -3.7060679072 2.8617234455 0.3535487922 105.4698756405
6.9200000000 -3.7137433911 2.8552520722 0.3545555952 105.7700818454
8.6500000000 -3.7573290634 2.8094247629 0.3603614319 107.5012931909
9.1500000000 -3.7653418702 2.7924100359 0.3620395161 108.0016514380
9.6500000000 -3.7799167244 2.7721009219 0.3637185191 108.5022806124
10.0247614208 -3.7903608432 2.7566243416 0.3649769693 108.8775094787
10.9846569430 -3.8152161206 2.7234182338 0.3681993252 109.8383009255
11.3800000000 -3.8253529550 2.7098698516 0.3695264648 110.2340088545
11.7886737173 -3.8334630221 2.6956536037 0.3708982047 110.6430133092
12.7216833099 -3.8593797285 2.6658117572 0.3740302243 111.5768600685
13.1100000000 -3.8697692281 2.6531686499 0.3753337541 111.9655242457
13.5754205416 -3.8847560199 2.6380488060 0.3768963649 112.4314354913
14.3492186922 -3.9105820895 2.6141970701 0.3794943050 113.2060321070
14.8400000000 -3.9268013599 2.5985782923 0.3811420835 113.6973342114
15.1872123047 -3.9385281186 2.5885993203 0.3823077611 114.0448900488
16.2350813616 -3.9828360863 2.5580473091 0.3858269088 115.0941405692
16.5700000000 -3.9969446787 2.5479032140 0.3869517271 115.4295118113
17.1846257526 -4.0223081251 2.5310044558 0.3890157050 116.0448998745
17.6595492452 -4.0408575915 2.5190382015 0.3906103208 116.5203362419
18.3000000000 -4.0656124237 2.5020792240 0.3927607537 117.1614973138
18.6152518127 -4.0772850141 2.4928914513 0.3938193025 117.4771007991
19.7209136483 -4.1132252332 2.4634208386 0.3975310547 118.5837393438
20.0300000000 -4.1236680470 2.4551734694 0.3985687172 118.8931138194
21.7600000000 -4.1858645345 2.4286110093 0.4043757394 120.6244921225
22.0627648696 -4.1884929572 2.4183270381 0.4053918887 120.9274447477
23.1897144504 -4.1979155968 2.3804607779 0.4091741492 122.0550700881
23.4900000000 -4.2001361621 2.3702900358 0.4101819689 122.3555377562
25.2200000000 -4.2064705136 2.3084732660 0.4159884802 124.0867105796
25.5239675386 -4.2097570821 2.2956600626 0.4170090334 124.3909675795
26.6387536593 -4.2217877768 2.2503309991 0.4207516426 125.5067400179
26.9500000000 -4.2252049388 2.2375943235 0.4217965880 125.8182674523
27.4500000000 -4.2305369851 2.2182072560 0.4234750925 126.3186763761
27.9500000000 -4.2335685612 2.1973647453 0.4251537374 126.8191245836
28.6087976408 -4.2385281238 2.1699248794 0.4273655460 127.4785204332
29.0129069911 -4.2417048969 2.1528990495 0.4287223211 127.8830008751
29.6800000000 -4.2463475464 2.1246058542 0.4309620623 128.5507183258
29.9972330847 -4.2490210971 2.1108073439 0.4320272313 128.8682645596
31.0935770632 -4.2522661073 2.0625123409 0.4357083979 129.9656767929
31.4100000000 -4.2531317607 2.0486206509 0.4367708377 130.2824076391
32.1069561984 -4.2519314421 2.0179149227 0.4391109992 130.9800503346
32.4406013768 -4.2526862494 2.0033254342 0.4402312694 131.3140152850
33.1400000000 -4.2538481204 1.9725966405 0.4425796383 132.0140990702
33.4558923728 -4.2544368055 1.9619494201 0.4436398985 132.3301733073
34.5545671339 -4.2563475491 1.9275934090 0.4473272102 133.4293871275
34.8700000000 -4.2565669202 1.9176596130 0.4483858571 133.7449783813
35.5877147633 -4.2579649934 1.8975634842 0.4507943921 134.4629857927
35.8880017792 -4.2563891942 1.8873222498 0.4518023182 134.7634515840
36.6000000000 -4.2521813010 1.8629126661 0.4541921960 135.4758903858
36.9174027052 -4.2483518676 1.8529003608 0.4552575567 135.7934760191
38.0094414353 -4.2364750898 1.8167892424 0.4589231238 136.8861765780
38.3300000000 -4.2330400234 1.8061176103 0.4599991277 137.2069331247
38.9558398171 -4.2243861269 1.7869484936 0.4620997638 137.8331338847
39.4454080374 -4.2189788394 1.7732926271 0.4637428256 138.3229224702
40.0600000000 -4.2120071766 1.7564818996 0.4658054627 138.9377912012
40.3891507639 -4.2083615169 1.7494668629 0.4669099701 139.2670390122
41.4576134346 -4.1989584151 1.7300989078 0.4704950408 140.3357188659
41.7900000000 -4.1955063873 1.7244479211 0.4716103125 140.6681735480
42.3513920119 -4.1889946899 1.7149156886 0.4734940092 141.2296904092
42.9740107218 -4.1788230204 1.7166461966 0.4755830047 141.8523947053
43.5200000000 -4.1699716780 1.7183580969 0.4774148951 142.3984642516
43.8659648678 -4.1642791866 1.7209814781 0.4785757086 142.7444882415
44.8956025482 -4.1456115179 1.7282445741 0.4820305482 143.7743210128
45.2500000000 -4.1392587209 1.7307763111 0.4832196897 144.1287869079
45.7500000000 -4.1317198351 1.7350456189 0.4848973306 144.6288668790
46.2500000000 -4.1240082138 1.7415543261 0.4865750727 145.1289736226
46.5528956541 -4.1183990443 1.7446288398 0.4875914621 145.4319386182
47.6758715889 -4.0989989435 1.7556766880 0.4913596165 146.5551367663
47.9800000000 -4.0938157192 1.7587194447 0.4923801213 146.8593263868
49.7100000000 -4.0653460982 1.7718947369 0.4981849863 148.5896699501
50.0165310494 -4.0619873240 1.7731588072 0.4992134484 148.8962238687
51.1330389398 -4.0476734937 1.7759168629 0.5029595920 150.0128272029
51.4400000000 -4.0439012759 1.7769496999 0.5039895157 150.3198150470
53.1700000000 -4.0273363273 1.7872432185 0.5097939781 152.0499844520
53.4792875795 -4.0251694273 1.7895230645 0.5108317001 152.3592899293
54.5885923617 -4.0210828966 1.8004623702 0.5145536674 153.4686564546
54.9000000000 -4.0198850122 1.8031503339 0.5155985008 153.7800799300
55.6394113205 -4.0172809700 1.8116347864 0.5180794501 154.5195554220
55.9032594046 -4.0170346213 1.8146776410 0.5189647438 154.7834211853
56.6300000000 -4.0164353819 1.8232567171 0.5214031966 155.5102232198
56.9472532992 -4.0136774784 1.8260588386 0.5224677027 155.8275028946
58.0397386438 -4.0082556439 1.8374493580 0.5261333852 156.9200613456
58.3600000000 -4.0068265825 1.8407932321 0.5272079773 157.2403454011
58.9964807096 -4.0032175707 1.8457757661 0.5293435700 157.8768639675
59.4615318954 -3.9995013504 1.8493941021 0.5309040025 158.3419441300
60.0900000000 -3.9938517248 1.8546848947 0.5330127947 158.9704678324
60.4170533364 -3.9929058854 1.8602379146 0.5341102937 159.2975718271
61.4883153992 -3.9925221020 1.8740467367 0.5377049269 160.3689232239
61.8200000000 -3.9926505355 1.8782812538 0.5388179001 160.7006370944
62.3810969918 -3.9919084768 1.8861934164 0.5407007168 161.2617967077
63.0062279115 -3.9933984889 1.8977015180 0.5427985727 161.8870354289
63.5500000000 -3.9948130841 1.9077921217 0.5446234073 162.4309089452
64.0500000000 -3.9972186078 1.9188840251 0.5463014992 162.9310428029
64.5500000000 -4.0011840444 1.9293998180 0.5479795992 163.4311741595
64.9311712584 -4.0042785955 1.9365057235 0.5492588350 163.8124271532
65.8949757046 -4.0105743581 1.9562702157 0.5524935229 164.7764550399
66.2800000000 -4.0137509258 1.9637994888 0.5537857224 165.1615690581
66.7192316975 -4.0160887016 1.9715494615 0.5552597775 165.6008792634
67.5756021003 -4.0217038393 1.9851272460 0.5581336973 166.4573758923
68.0100000000 -4.0247102673 1.9917123560 0.5595914968 166.8918379440
68.4067644528 -4.0286968885 1.9992031693 0.5609231280 167.2886963342
69.3359463722 -4.0392314524 2.0163298510 0.5640417049 168.2180960215
69.7400000000 -4.0437501295 2.0237086012 0.5653978107 168.6222456104
70.1538804893 -4.0473291795 2.0280367648 0.5667867138 169.0361676994
71.0632257219 -4.0569637874 2.0420024354 0.5698385676 169.9456714163
71.4700000000 -4.0612294508 2.0482479774 0.5712037434 170.3525193821
71.8922924497 -4.0635484652 2.0555177754 0.5726209934 170.7748844160
72.7748091868 -4.0671729186 2.0666482103 0.5755826166 171.6574789713
73.2000000000 -4.0687293286 2.0719842660 0.5770095064 172.0827098220
73.5977602170 -4.0698335315 2.0771398836 0.5783443542 172.4805082306
74.5311426348 -4.0682257542 2.0987369386 0.5814772860 173.4141421074
74.9300000000 -4.0677778178 2.1075833432 0.5828160370 173.8131010867
75.3548412858 -4.0667390524 2.1166988235 0.5842419942 174.2380451385
76.2409606058 -4.0594065264 2.1350556672 0.5872162788 175.1243851306
76.6600000000 -4.0562534923 2.1437326475 0.5886227902 175.5435298327
77.0686724558 -4.0543481242 2.1517082315 0.5899944601 175.9522879962
77.9774554377 -4.0491081017 2.1640296218 0.5930444346 176.8611698130
78.3900000000 -4.0469589548 2.1696067222 0.5944289763 177.2737611866
78.7996002546 -4.0469190064 2.1746525307 0.5958036059 177.6833959927
79.7102364479 -4.0471412654 2.1905731624 0.5988599741 178.5941715878
80.1200000000 -4.0472547534 2.1978146843 0.6002352716 179.0040026173
80.5343763668 -4.0466725639 2.2065142064 0.6016261480 179.4184742640
81.4322823634 -4.0422993520 2.2274404081 0.6046402251 180.3166349572
81.8500000000 -4.0408904071 2.2371270604 0.6060424043 180.7344708933
82.3500000000 -4.0389251298 2.2489411075 0.6077208167 181.2346195062
