X Y Z LocalTime TrackLength
-98.8200000000 1.3934222490 -3.0785960493 0.0000000000 0.0000000000
-82.3500000000 1.3934222490 -3.0785960493 0.0551905847 16.4700000000
-81.8500000000 1.3934222490 -3.0785960493 0.0568660730 16.9700039256
-81.4682752626 1.3948055850 -3.0780542355 0.0581452404 17.3517338448
-80.4977771496 1.4014250202 -3.0741685769 0.0613974873 18.3222624779
-80.1200000000 1.4038201579 -3.0725704352 0.0626634593 18.7000528465
-79.6575249599 1.4089828579 -3.0684942241 0.0642133796 19.1625780331
-78.8585684748 1.4150755156 -3.0594109370 0.0668909599 19.9616095044
-78.3900000000 1.4186205100 -3.0538330005 0.0684613061 20.4302280493
-78.0225450040 1.4197800549 -3.0478642618 0.0696928343 20.7977354788
-77.0265737388 1.4214243301 -3.0280844450 0.0730310562 21.7939047060
-76.6600000000 1.4218533133 -3.0207286325 0.0742597164 22.1605546138
-76.1844822448 1.4218025544 -3.0112221314 0.0758535296 22.6361709639
-75.4111893685 1.4271256132 -2.9924915756 0.0784457225 23.4097091215
-74.9300000000 1.4305552200 -2.9808576677 0.0800587436 23.8910549926
-74.5693489593 1.4328293750 -2.9718149567 0.0812677271 24.2518286101
-73.5580994507 1.4379467330 -2.9486546891 0.0846574746 25.2633564795
-73.2000000000 1.4395396635 -2.9404779934 0.0858578337 25.6215548458
-72.7017987102 1.4422484220 -2.9237142423 0.0875283419 26.1200493971
-71.9684283725 1.4424421379 -2.9025618775 0.0899869960 26.8537249003
-71.4700000000 1.4419148456 -2.8882503440 0.0916579935 27.3523629251
-71.1144165519 1.4431236987 -2.8805819871 0.0928498958 27.7080331153
-70.0926095190 1.4494222921 -2.8539670348 0.0962753749 28.7302063731
-69.7400000000 1.4512140303 -2.8446784282 0.0974574571 29.0829447441
-69.2259242998 1.4553059799 -2.8328211809 0.0991807343 29.5971776630
-68.5228252176 1.4543120897 -2.8270972385 0.1015370419 30.3003008373
-68.0100000000 1.4536586534 -2.8230415345 0.1032556795 30.8131467006
-67.6594616889 1.4539316575 -2.8185233768 0.1044305083 31.1637161952
-66.6324570655 1.4497506777 -2.8044204620 0.1078725885 32.1908263603
-66.2800000000 1.4481508575 -2.7994076073 0.1090538870 32.5433246868
-65.7762614991 1.4469135463 -2.7913943746 0.1107422575 33.0471324953
-65.0535144465 1.4467271233 -2.7763956218 0.1131648952 33.7700353094
-64.5500000000 1.4463708395 -2.7656267067 0.1148526934 34.2736690890
-64.0500000000 1.4481132982 -2.7550970558 0.1165287161 34.7737869929
-63.5500000000 1.4524286060 -2.7412048824 0.1182050740 35.2740025760
-63.1148716750 1.4563756601 -2.7291542554 0.1196639452 35.7093186741
-62.2367340427 1.4642409206 -2.7064224208 0.1226079750 36.5877858959
-61.8200000000 1.4675900811 -2.6953399474 0.1240051277 37.0046835211
-61.3978672582 1.4713069559 -2.6866530368 0.1254201937 37.4269248631
-60.5229899910 1.4751312585 -2.6733676723 0.1283525837 38.3019115109
-60.0900000000 1.4767998546 -2.6669263061 0.1298038596 38.7349556453
-59.7042904118 1.4792438498 -2.6616750343 0.1310966624 39.1207111189
-58.7396979685 1.4809388410 -2.6518215136 0.1343295592 40.0853555520
-58.3600000000 1.4813185171 -2.6479042555 0.1356021446 40.4650762427
-57.8984771808 1.4807745987 -2.6419862018 0.1371490234 40.9266407644
-57.0999134953 1.4824317614 -2.6336044024 0.1398254982 41.7252502778
-56.6300000000 1.4833378892 -2.6284586668 0.1414004747 42.1951963899
-56.2651353819 1.4834168090 -2.6253490057 0.1426233425 42.5600764227
-55.2620735090 1.4803468210 -2.6199683372 0.1459851234 43.5631576063
-54.9000000000 1.4793833243 -2.6177716025 0.1471986245 43.9252411850
-54.4071963356 1.4746192862 -2.6124177870 0.1488504165 44.4181008951
-53.6737334970 1.4595607326 -2.6030906150 0.1513093278 45.1517777299
-53.1700000000 1.4490178754 -2.5968400406 0.1529980874 45.6556644368
-52.8223916425 1.4418318752 -2.5895041591 0.1541636086 46.0034264124
-51.7780054979 1.4234975185 -2.5662198929 0.1576653083 47.0482332438
-51.4400000000 1.4172240769 -2.5586717813 0.1587986227 47.3863830716
-50.8518958275 1.4071774016 -2.5450025881 0.1607705011 47.9747375046
-50.3231656118 1.3979563526 -2.5317288651 0.1625434027 48.5037147900
-49.7100000000 1.3870437757 -2.5163920645 0.1645994364 49.1171753875
-49.3909027379 1.3822716634 -2.5081543881 0.1656693937 49.4364162968
-48.2921118220 1.3667755896 -2.4788600561 0.1693537715 50.5357071901
-47.9800000000 1.3621162385 -2.4707493563 0.1704003162 50.8479607385
-46.2500000000 1.3435826316 -2.4254760806 0.1762009290 52.5787013362
-45.7500000000 1.3377239971 -2.4047156671 0.1778783209 53.0791705527
-45.2500000000 1.3335904514 -2.3829854571 0.1795558004 53.5796637206
-44.8232052697 1.3308473096 -2.3637652250 0.1809877670 54.0069028242
-43.9521733778 1.3243387202 -2.3242718579 0.1839102950 54.8788541952
-43.5200000000 1.3206914259 -2.3047553544 0.1853603448 55.3114864803
-43.1319659268 1.3153671403 -2.2870295600 0.1866624104 55.6999641871
-42.1695100418 1.3015060561 -2.2405085669 0.1898924216 56.6636435867
-41.7900000000 1.2967681925 -2.2225045736 0.1911659754 57.0436123694
-41.3283686620 1.2918755284 -2.1998976614 0.1927151975 57.5058263554
-40.5289978449 1.2845021176 -2.1680240646 0.1953967559 58.3058665915
-40.0600000000 1.2796397917 -2.1496735552 0.1969700225 58.7752521310
-39.6934320326 1.2785648583 -2.1369861750 0.1981994250 59.1420433988
-38.6940800846 1.2738507955 -2.1012557165 0.2015512385 60.1420453187
-38.3300000000 1.2718073633 -2.0882614841 0.2027723631 60.5063651465
-37.8463943571 1.2706506934 -2.0713203202 0.2043943234 60.9902726978
-37.0884295117 1.2662878595 -2.0458424254 0.2069363770 61.7486783699
-36.6000000000 1.2630404131 -2.0294956561 0.2085744694 62.2373961083
-36.2421799215 1.2614849941 -2.0194643230 0.2097743144 62.5953622805
-35.2263046875 1.2583741122 -1.9915552868 0.2131806969 63.6116258435
-34.8700000000 1.2566880835 -1.9817998167 0.2143754475 63.9680701581
-34.3659548154 1.2528315962 -1.9667186254 0.2160657573 64.4723598911
-33.6438243168 1.2530151029 -1.9545504742 0.2184866148 65.1945930407
-33.1400000000 1.2528569027 -1.9460431994 0.2201756294 65.6984934348
-32.7859448097 1.2536646769 -1.9390813459 0.2213626290 66.0526200787
-31.7641990227 1.2539691731 -1.9174220971 0.2247882287 67.0745956929
-31.4100000000 1.2536956057 -1.9099653769 0.2259757476 67.4288754002
-30.9082639580 1.2547595503 -1.9001829014 0.2276578688 67.9307121378
-30.1805792559 1.2557332560 -1.8835518271 0.2300976886 68.6585876529
-29.6800000000 1.2560506032 -1.8717316313 0.2317760876 69.1593107434
-29.3239422103 1.2578626431 -1.8649693893 0.2329698218 69.5154394769
-28.3088741529 1.2636207417 -1.8463241216 0.2363729771 70.5306953191
-27.9500000000 1.2653819337 -1.8397086066 0.2375761514 70.8896369265
-27.4500000000 1.2654851185 -1.8330309683 0.2392523185 71.3896857270
-26.9500000000 1.2652349969 -1.8262810542 0.2409284971 71.8897355541
-26.2288600853 1.2666784577 -1.8161216733 0.2433460512 72.6109572298
-25.9584299084 1.2664610304 -1.8118594531 0.2442526709 72.8814211008
-25.2200000000 1.2654896959 -1.8004041043 0.2467282567 73.6199496947
-24.9096551370 1.2640856878 -1.7951228553 0.2477687295 73.9303442929
-23.7973159462 1.2616718877 -1.7781283408 0.2514978732 75.0428161726
-23.4900000000 1.2614869036 -1.7742157546 0.2525281201 75.3501586761
-21.7600000000 1.2609854676 -1.7502275396 0.2583278833 77.0803757253
-21.4567721723 1.2645106898 -1.7478077647 0.2593445188 77.3836352757
-20.3326149236 1.2793918159 -1.7417957259 0.2631135156 78.5079073499
-20.0300000000 1.2833552086 -1.7403526912 0.2641280987 78.8105532401
-18.3000000000 1.3042951880 -1.7323398971 0.2699282449 80.5407500080
-17.9984833533 1.3059418291 -1.7288704072 0.2709391538 80.8422926804
-16.8706695906 1.3128471843 -1.7149988913 0.2747204895 81.9702131453
-16.5700000000 1.3147720567 -1.7114149107 0.2757285736 82.2709118183
-14.8400000000 1.3271812966 -1.6934233896 0.2815288604 84.0011016565
-14.5399946291 1.3291340363 -1.6899635465 0.2825347405 84.3011348950
-13.4101296437 1.3374843706 -1.6753970842 0.2863231321 85.4311248948
-13.1100000000 1.3394634449 -1.6711173128 0.2873294693 85.7312931414
-11.3800000000 1.3472984165 -1.6457341899 0.2931301603 87.4615492048
-11.0781365847 1.3460013844 -1.6416503878 0.2941423144 87.7634446215
-9.9531687735 1.3429394950 -1.6277448921 0.2979142958 88.8885027970
-9.6500000000 1.3420284774 -1.6239645775 0.2989308149 89.1916981155
-9.1500000000 1.3424042070 -1.6159990794 0.3006073854 89.6917660796
-8.6500000000 1.3437222985 -1.6084490670 0.3022839504 90.1918291995
-8.2335918206 1.3440027242 -1.6017478344 0.3036802578 90.6082944397
-7.3336369001 1.3476524576 -1.5899157139 0.3066979091 91.5083347108
-6.9200000000 1.3492305390 -1.5843867150 0.3080848856 91.9220145830
-6.5065970257 1.3520366348 -1.5799683996 0.3094710620 92.3354537009
-5.6083364328 1.3585009505 -1.5723564607 0.3124829654 93.2337699707
-5.1900000000 1.3613424122 -1.5687701219 0.3138856630 93.6521345113
-4.7881241092 1.3638627657 -1.5635320567 0.3152332335 94.0540552901
-3.8579797466 1.3695108762 -1.5471921753 0.3183524185 94.9843605090
-3.4600000000 1.3717011618 -1.5398860560 0.3196870368 95.3824161379
-3.0301140834 1.3729174447 -1.5323107265 0.3211286262 95.8123737846
-2.1615253915 1.3748875878 -1.5162809962 0.3240414231 96.6811127884
-1.7300000000 1.3755906602 -1.5080108262 0.3254885555 97.1127212926
-1.3366228684 1.3763780465 -1.4997427968 0.3268078125 97.5061888352
-0.3899153594 1.3816902810 -1.4768843590 0.3299830373 98.4531873985
-0.0000000000 1.3836316997 -1.4674492913 0.3312908001 98.8432244262
0.4442451630 1.3895813800 -1.4540057173 0.3327811549 99.2877162877
1.2779881766 1.3980719985 -1.4310444504 0.3355779239 100.1218188438
1.7300000000 1.4024449167 -1.4183332652 0.3370942086 100.5740341538
2.1038750920 1.4081770243 -1.4059623312 0.3383486677 100.9481602733
3.0955373795 1.4254173189 -1.3649227366 0.3416771318 101.9408213174
3.4600000000 1.4318943900 -1.3497783613 0.3429004507 102.3056583281
3.9512740909 1.4362380616 -1.3276853506 0.3445494666 102.7974524528
4.6913642059 1.4426189006 -1.2940253534 0.3470337262 103.5383353608
5.1900000000 1.4459565318 -1.2713153879 0.3487074779 104.0375036663
5.5430748920 1.4484232680 -1.2556995407 0.3498925702 104.3909345701
6.5689260584 1.4527554443 -1.2110034527 0.3533356897 105.4177683182
6.9200000000 1.4541810546 -1.1955306635 0.3545140449 105.7691881690
7.4346501279 1.4557606085 -1.1737611163 0.3562413002 106.2843057058
8.1123983621 1.4729729226 -1.1407927550 0.3585173293 106.9630738572
8.6500000000 1.4860991360 -1.1142481089 0.3603227429 107.5014956814
9.1500000000 1.4977474184 -1.0885659260 0.3620020128 108.0022948309
9.6500000000 1.5098846460 -1.0636893306 0.3636811939 108.5030649298
9.9512555042 1.5170648827 -1.0501449659 0.3646926848 108.8047118705
11.0798264017 1.5444541346 -0.9984951439 0.3684821491 109.9347962534
11.3800000000 1.5517026443 -0.9848943653 0.3694900364 110.2353668675
13.1100000000 1.5854449438 -0.9086134610 0.3752979396 111.9674308118
13.4226398979 1.5906167267 -0.8936584348 0.3763476680 112.2804726951
14.5135111216 1.6056597858 -0.8415299094 0.3800104439 113.3726925551
14.8400000000 1.6100303637 -0.8258732160 0.3811066876 113.6995878052
15.3807840793 1.6180496582 -0.8002191770 0.3829224636 114.2410448129
16.0723690944 1.6327928459 -0.7667609329 0.3852449710 114.9335959085
16.5700000000 1.6427504917 -0.7426851169 0.3869160904 115.4319129467
16.9477251773 1.6511105789 -0.7265135543 0.3881842902 115.8100791955
17.9006320297 1.6697383054 -0.6924815428 0.3913825933 116.7637758417
18.3000000000 1.6768490909 -0.6774223080 0.3927230742 117.1634938338
18.7021862102 1.6828729975 -0.6615808479 0.3940730464 117.5660399719
19.6500020988 1.6997613839 -0.6273240227 0.3972542429 118.5146254210
20.0300000000 1.7063895373 -0.6132598316 0.3985296805 118.8949439325
20.5177450567 1.7192020992 -0.5919007754 0.4001675330 119.3833289416
21.2340966704 1.7375278471 -0.5605725189 0.4025730127 120.1005996918
21.7600000000 1.7505911138 -0.5373874287 0.4043389703 120.6271810364
22.0911811419 1.7582070945 -0.5226011256 0.4054510490 120.9587816071
23.1738786034 1.7830055845 -0.4715047714 0.4090870873 122.0429679883
23.4900000000 1.7902212885 -0.4567597874 0.4101486951 122.3595171878
25.2200000000 1.8326069087 -0.3691198407 0.4159598475 124.0923099648
25.5202952555 1.8386126346 -0.3557633947 0.4169681806 124.3929637837
26.6491470963 1.8627940983 -0.3064668923 0.4207586373 125.5231504728
26.9500000000 1.8695498847 -0.2933415868 0.4217688634 125.8243670157
27.4500000000 1.8789092200 -0.2719512372 0.4234476162 126.3249165479
27.9500000000 1.8871107610 -0.2478368465 0.4251267701 126.8255696121
28.2895519785 1.8951761342 -0.2310922191 0.4262673562 127.1656320597
29.3295460797 1.9208823727 -0.1816101136 0.4297605930 128.2071201709
29.6800000000 1.9298660886 -0.1649786831 0.4309377552 128.5580858397
30.1669305444 1.9426327748 -0.1418520699 0.4325733711 129.0457369257
30.9433594830 1.9618321546 -0.1051505592 0.4351813100 129.8232702193
31.4100000000 1.9734810566 -0.0835162048 0.4367486483 130.2905613372
31.7935216231 1.9831409521 -0.0650853024 0.4380369278 130.6746498708
32.7417237381 2.0059241705 -0.0255306424 0.4412210426 131.6239502719
33.1400000000 2.0151938151 -0.0091861727 0.4425584176 132.0226725594
33.5557161438 2.0199083822 0.0103548210 0.4439544388 132.4388777223
34.4623417340 2.0307417471 0.0533705662 0.4469990879 133.3465880211
34.8700000000 2.0356372810 0.0727985473 0.4483681112 133.7547415082
35.2953811778 2.0424088491 0.0927955455 0.4497966945 134.1806497511
36.1635074173 2.0557477336 0.1308786867 0.4527117497 135.0497136266
36.6000000000 2.0618278355 0.1502879628 0.4541774449 135.4866834797
36.9834697746 2.0669435046 0.1672674474 0.4554650822 135.8705658920
37.9543718447 2.0801169311 0.2106804252 0.4587253290 136.8425275362
38.3300000000 2.0849970071 0.2272732049 0.4599866342 137.2185563715
38.7959000190 2.0874302504 0.2478171549 0.4615509512 137.6849196355
39.5894109386 2.0920553256 0.2821215900 0.4642151857 138.4791854751
40.0600000000 2.0945168920 0.3027308109 0.4657952365 138.9502362995
40.4263564009 2.0968318591 0.3196803931 0.4670254697 139.3169944733
41.4292373517 2.1076084678 0.3655538293 0.4703932352 140.3209820888
41.7900000000 2.1115702620 0.3821483239 0.4716047287 140.6821504389
42.2875256559 2.1166708359 0.4044436087 0.4732753967 141.1802062972
43.0159032033 2.1222112580 0.4336489689 0.4757207223 141.9091904175
43.5200000000 2.1253801552 0.4538259269 0.4774130692 142.4137057190
43.8706031951 2.1287887954 0.4680485239 0.4785901755 142.7646162089
44.9042914130 2.1398760381 0.5056439306 0.4820601446 143.7990476752
45.2500000000 2.1432086730 0.5183774695 0.4832206565 144.1450090587
45.7500000000 2.1460036406 0.5362916591 0.4848990053 144.6453425276
46.2500000000 2.1452106179 0.5519082640 0.4865770808 145.1455918247
46.5955581728 2.1465097448 0.5597727787 0.4877365741 145.4912442381
47.6236276577 2.1490869432 0.5835140358 0.4911862054 146.5195913256
47.9800000000 2.1499060857 0.5916165199 0.4923819850 146.8760591730
48.4568143593 2.1500886013 0.6019675307 0.4939818635 147.3529903258
49.2552422996 2.1567532096 0.6240077148 0.4966613752 148.1517504202
49.7100000000 2.1596312162 0.6375669903 0.4981876110 148.6067233527
50.1063035022 2.1582470753 0.6530132215 0.4995180725 149.0033332354
51.0183613648 2.1561293336 0.6877223582 0.5025799125 149.9160540732
51.4400000000 2.1547895821 0.7038596116 0.5039954013 150.3380070053
51.8231913974 2.1527280131 0.7173975255 0.5052816976 150.7214458852
52.8045680040 2.1453219332 0.7485742351 0.5085756559 151.7033458277
53.1700000000 2.1422140939 0.7601708090 0.5098022266 152.0689776030
53.6805749928 2.1361443023 0.7775089934 0.5115161597 152.5798880643
54.3556269909 2.1290694118 0.8027132121 0.5137824783 153.2554476699
54.9000000000 2.1228691524 0.8228476961 0.5156100709 153.8002340094
55.2288113463 2.1185208749 0.8343800189 0.5167139260 154.1292783869
56.3130423909 2.0918229837 0.8751153657 0.5203549317 155.2146030615
56.6300000000 2.0839969489 0.8867674194 0.5214192932 155.5318732911
58.3600000000 2.0402201403 0.9547217904 0.5272293920 157.2638197804
58.6609382415 2.0333173187 0.9799526094 0.5282427983 157.5658945374
59.7869188116 2.0130918706 1.0714257939 0.5320333538 158.6957658907
60.0900000000 2.0077741707 1.0961542960 0.5330536845 158.9999025335
60.7831935844 1.9929174888 1.1492551156 0.5353866227 159.6952952866
61.2097463407 1.9855529212 1.1831892804 0.5368224112 160.1232593008
61.8200000000 1.9740913038 1.2315479777 0.5388765481 160.7355407473
62.1768490803 1.9677980644 1.2594972527 0.5400776138 161.0935405486
63.1479786404 1.9493579316 1.3363453004 0.5433464954 162.0678806756
63.5500000000 1.9421320776 1.3681741941 0.5446997052 162.4712280157
64.0500000000 1.9322032784 1.4098996395 0.5463833633 162.9730692539
64.5500000000 1.9220966053 1.4521124355 0.5480671837 163.4749548068
64.8982016959 1.9158517306 1.4841850647 0.5492405469 163.8246886818
65.9403744464 1.8953621924 1.5907253721 0.5527559885 164.8724936263
66.2800000000 1.8887427708 1.6254187693 0.5539015977 165.2139530820
66.8547911331 1.8777280809 1.6854970088 0.5558409245 165.7919870751
67.4306601472 1.8750338163 1.7585652599 0.5577885357 166.3724794823
68.0100000000 1.8728097284 1.8325072271 0.5597480644 166.9565300133
68.3404676601 1.8705305372 1.8735818744 0.5608653836 167.2895505580
69.4112425147 1.8654577631 2.0069381155 0.5644857887 168.3686098522
69.7400000000 1.8638605860 2.0477423374 0.5655972980 168.6998959614
70.3407816889 1.8630866601 2.1206360087 0.5676278063 169.3050915048
70.8650486367 1.8609028443 2.1851197495 0.5694001125 169.8333138243
71.4700000000 1.8585869705 2.2598194210 0.5714452949 170.4428716173
71.7955015606 1.8553285848 2.2999331481 0.5725457556 170.7708539724
72.8779338268 1.8438581137 2.4265610101 0.5762025849 171.8607284461
73.2000000000 1.8408235622 2.4644204094 0.5772906968 172.1850285334
73.8717734608 1.8315682675 2.5455836917 0.5795613024 172.8617598520
74.2460457833 1.8272921671 2.5916047301 0.5808266484 173.2388754685
74.9300000000 1.8181600829 2.6754702512 0.5831389307 173.9280223840
75.2435335619 1.8104217949 2.7136339388 0.5841990315 174.2439668861
76.3519512027 1.7825281949 2.8492619471 0.5879471049 175.3610001409
76.6600000000 1.7751354050 2.8869515008 0.5889887323 175.6714360267
78.3900000000 1.7108442978 3.1138017408 0.5948472491 177.4174918910
78.6900806272 1.6970447479 3.1567592811 0.5958654809 177.7209475062
79.8181780308 1.6421623154 3.3133820795 0.5996915408 178.8611874772
80.1200000000 1.6279725435 3.3548496946 0.6007149252 179.1661769548
81.8500000000 1.5449433623 3.5910935713 0.6065806509 180.9142687550
82.3500000000 1.5244352681 3.6545083282 0.6082735142 181.4186965698
