X Y Z LocalTime TrackLength
-98.8200000000 -3.9144571994 1.9197429143 0.0000000000 0.0000000000
-82.3500000000 -3.9144571994 1.9197429143 0.0551905847 16.4700000000
-81.8500000000 -3.9144571994 1.9197429143 0.0568660730 16.9700039256
-81.5125937811 -3.9146628111 1.9186142020 0.0579967252 17.3074138845
-80.4585122430 -3.9175259539 1.9206591413 0.0615289724 18.3615014857
-80.1200000000 -3.9185525022 1.9212278203 0.0626633353 18.7000175654
-79.5722914075 -3.9200054410 1.9218325550 0.0644987249 19.2477331429
-78.9280359708 -3.9267185729 1.9227067028 0.0666577677 19.8920242258
-78.3900000000 -3.9323449721 1.9233706564 0.0684608537 20.4300945926
-78.0436834844 -3.9365367001 1.9242327335 0.0696214721 20.7764394427
-77.0135886374 -3.9526737250 1.9259653325 0.0730738265 21.8066623463
-76.6600000000 -3.9580758357 1.9264894748 0.0742588709 22.1602946137
-76.1713740759 -3.9661123460 1.9244856382 0.0758965372 22.6489945098
-75.4023805455 -3.9812058160 1.9215344435 0.0784740425 23.4181419465
-74.9300000000 -3.9906263804 1.9196485905 0.0800573756 23.8906237222
-74.5520343391 -3.9988957969 1.9177904780 0.0813243105 24.2686866698
-73.5922108175 -4.0218467131 1.9145393178 0.0845417643 25.2287902722
-73.2000000000 -4.0311441763 1.9130728734 0.0858565029 25.6211164605
-72.7823394227 -4.0423732973 1.9109861901 0.0872566773 26.0389359497
-71.8687534454 -4.0683775309 1.9034067478 0.0903196147 26.9529236009
-71.4700000000 -4.0798454735 1.8998909562 0.0916565153 27.3518599449
-71.0264817217 -4.0887687314 1.8965563745 0.0931431741 27.7954836466
-70.1979175791 -4.1043021218 1.8966006120 0.0959203523 28.6241935326
-69.7400000000 -4.1125218904 1.8961518147 0.0974551786 29.0821884443
-69.3716369525 -4.1180992996 1.8974276522 0.0986897948 29.4505980886
-68.3695578727 -4.1350059288 1.8987294286 0.1020484869 30.4528208292
-68.0100000000 -4.1411778268 1.8991457365 0.1032536328 30.8124339772
-67.5049436185 -4.1480061325 1.8996648561 0.1049463626 31.3175408631
-66.8013754837 -4.1609943609 1.9010164587 0.1073046156 32.0212302824
-66.2800000000 -4.1705364441 1.9017291005 0.1090521818 32.5426979183
-65.9395005972 -4.1774425709 1.9008970316 0.1101935317 32.8832702255
-64.8810114054 -4.2028891097 1.8989618723 0.1137418898 33.9420672755
-64.5500000000 -4.2108277875 1.8980492698 0.1148515369 34.2731768823
-64.0500000000 -4.2208402121 1.8979790564 0.1165275364 34.7732811444
-63.5500000000 -4.2293904549 1.8995322209 0.1182034624 35.2733606806
-63.2082184148 -4.2356926151 1.9007310728 0.1193490982 35.6152043481
-62.1648639444 -4.2533745833 1.9081433404 0.1228463583 36.6587351913
-61.8200000000 -4.2592692806 1.9106035938 0.1240023257 37.0036602025
-61.3007984659 -4.2686587780 1.9156796547 0.1257427389 37.5229757909
-60.6029381718 -4.2855890846 1.9205978964 0.1280822955 38.2210588804
-60.0900000000 -4.2980520979 1.9239413717 0.1298019062 38.7341635859
-59.7369056292 -4.3063956362 1.9266184368 0.1309856404 39.0873686837
-58.7161318966 -4.3352443071 1.9330162995 0.1344081315 40.1085703053
-58.3600000000 -4.3455659684 1.9351072193 0.1356022080 40.4648599356
-57.8735375413 -4.3596660833 1.9430547356 0.1372334655 40.9515954246
-57.1027038171 -4.3825520618 1.9558936734 0.1398183868 41.7228758826
-56.6300000000 -4.3966546903 1.9633017647 0.1414035396 42.1958516698
-56.2532171675 -4.4093697772 1.9718747481 0.1426673672 42.5729487582
-55.2906769631 -4.4389725262 1.9944896687 0.1458957319 43.5362098926
-54.9000000000 -4.4510131550 2.0034086914 0.1472060484 43.9271765893
-54.4838820126 -4.4594706041 2.0193820337 0.1486019867 44.3436897418
-53.5616120146 -4.4829613721 2.0540704046 0.1516962037 45.2669109108
-53.1700000000 -4.4928767994 2.0689694370 0.1530100810 45.6589341655
-52.7022978040 -4.5073304079 2.0892206180 0.1545798319 46.1273012402
-51.9425746303 -4.5313748322 2.1209430198 0.1571295972 46.8880667610
-51.4400000000 -4.5475670507 2.1417826925 0.1588163381 47.3913379660
-51.1012337396 -4.5576712288 2.1568229442 0.1599533694 47.7305903218
-50.0336582748 -4.5952145865 2.2007157717 0.1635366971 48.7997273063
-49.7100000000 -4.6065823187 2.2141291581 0.1646230743 49.1238645290
-48.9289387873 -4.6350507445 2.2462300600 0.1672448457 49.9061133556
-48.8110360327 -4.6386243186 2.2514782344 0.1676405867 50.0241869797
-47.9800000000 -4.6644927475 2.2880366542 0.1704299673 50.8564402470
-47.6766082416 -4.6751612935 2.3006842825 0.1714483483 51.1602843883
-46.5501665904 -4.7118385297 2.3487806943 0.1752292622 52.2883490100
-46.2500000000 -4.7217892443 2.3614079904 0.1762367693 52.5889473162
-45.7500000000 -4.7377975860 2.3821035649 0.1779149117 53.0896355499
-45.2500000000 -4.7513151947 2.4019838001 0.1795927134 53.5902172997
-44.8637760219 -4.7625024652 2.4178287700 0.1808888713 53.9769304883
-43.8892835309 -4.7914092731 2.4603873289 0.1841596875 54.9527802636
-43.5200000000 -4.8023646058 2.4765800512 0.1853991732 55.3225832148
-43.0211408881 -4.8178090169 2.5002934979 0.1870739306 55.8222485052
-42.3232326978 -4.8448351695 2.5302305433 0.1894170837 56.5213213605
-41.7900000000 -4.8658490101 2.5528693658 0.1912073719 57.0554526744
-41.4596035420 -4.8796775374 2.5660714173 0.1923166550 57.3864036460
-40.3775182542 -4.9228979298 2.6109199698 0.1959496303 58.4702802187
-40.0600000000 -4.9353775561 2.6241755504 0.1970156495 58.7883216672
-38.3300000000 -5.0125555887 2.6978940757 0.2028253805 60.5216606735
-38.0288523981 -5.0265073173 2.7142078956 0.2038373602 60.8235738883
-36.9002740172 -5.0800944424 2.7772329613 0.2076304355 61.9551804570
-36.6000000000 -5.0941750973 2.7941020548 0.2086396286 62.2562589035
-34.8700000000 -5.1720455822 2.8939813283 0.2144540269 63.9909388277
-34.5565866895 -5.1848810605 2.9125756882 0.2155073239 64.3051671645
-33.4650926972 -5.2290085714 2.9778020311 0.2191755668 65.3994986166
-33.1400000000 -5.2420602042 2.9970603069 0.2202680795 65.7254244594
-32.5834949879 -5.2641546267 3.0308782594 0.2221384239 66.2833989208
-31.9339983959 -5.2870081510 3.0718807875 0.2243212813 66.9345899076
-31.4100000000 -5.3059369844 3.1046730943 0.2260823582 67.4599591644
-31.0484206800 -5.3190007192 3.1283511342 0.2272978007 67.8225505727
-30.0629496134 -5.3572073545 3.1914161762 0.2306104647 68.8107765205
-29.6800000000 -5.3717517444 3.2158721552 0.2318977032 69.1947842802
-29.2588729774 -5.3879262883 3.2462121333 0.2333140809 69.6173155312
-28.3453506682 -5.4234068528 3.3136777116 0.2363870368 70.5340127389
-27.9500000000 -5.4386899749 3.3427990023 0.2377169131 70.9307316578
-27.4500000000 -5.4587189871 3.3790491558 0.2393987740 71.4324482529
-26.9500000000 -5.4779968448 3.4164732629 0.2410808327 71.9342216202
-26.4667991692 -5.4975092007 3.4539785641 0.2427068416 72.4192724658
-25.7704617692 -5.5226656719 3.5068513624 0.2450494020 73.1180673450
-25.2200000000 -5.5422740957 3.5489485892 0.2469012649 73.6704898208
-24.9019835499 -5.5549701921 3.5709585002 0.2479707517 73.9895214844
-23.7935716050 -5.5976431555 3.6490716363 0.2516984661 75.1015017874
-23.4900000000 -5.6099450451 3.6706186042 0.2527195307 75.4060872392
-21.7600000000 -5.6915137185 3.7688571258 0.2585348497 77.1408446278
-21.4551750491 -5.7048001009 3.7861811672 0.2595593645 77.4464520305
-20.3468022209 -5.7516824007 3.8492632808 0.2632844221 78.5576082493
-20.0300000000 -5.7650489446 3.8672738571 0.2643491350 78.8752051592
-19.4501345142 -5.7896285988 3.8997261704 0.2662978802 79.4565037617
-18.8262023943 -5.8180350198 3.9353482751 0.2683951506 80.0820974807
-18.3000000000 -5.8423527086 3.9645927476 0.2701638206 80.6096774440
-17.9312120672 -5.8586068061 3.9826825020 0.2714028545 80.9792687300
-16.9659151510 -5.9047265994 4.0274355560 0.2746461527 81.9467026288
-16.5700000000 -5.9235504806 4.0459651655 0.2759764013 82.3435006281
-16.1690992104 -5.9444994566 4.0652626295 0.2773238061 82.7454147262
-15.2121328193 -5.9901323455 4.1112628878 0.2805393896 83.7045723720
-14.8400000000 -6.0076679162 4.1290049049 0.2817897695 84.0775427575
-14.3313145339 -6.0305622194 4.1509802766 0.2834984655 84.5872216351
-13.6563454307 -6.0682998672 4.1790664641 0.2857668181 85.2638283616
-13.1100000000 -6.0990596003 4.2011855915 0.2876028650 85.8114910752
-12.7828766082 -6.1167150988 4.2145440682 0.2887020771 86.1393646861
-11.6937414037 -6.1742375638 4.2636494447 0.2923622815 87.2311229729
-11.3800000000 -6.1909476114 4.2779977861 0.2934167152 87.5456382386
-9.6500000000 -6.2887079364 4.3656846287 0.2992334015 89.2806679093
-9.1500000000 -6.3146992161 4.3895670793 0.3009139012 89.7819166684
-8.6500000000 -6.3375169612 4.4092671224 0.3025932840 90.2828289730
-8.3464590197 -6.3493432962 4.4210567733 0.3036125079 90.5868305676
-7.2204465841 -6.3900402453 4.4641065639 0.3073929362 91.7144005552
-6.9200000000 -6.4011182280 4.4756399454 0.3084016775 92.0152740269
-5.1900000000 -6.4661165716 4.5425838553 0.3142103429 93.7478411452
-4.8866831436 -6.4736313844 4.5532546626 0.3152282426 94.0514402871
-3.7676179870 -6.5049677867 4.5910959956 0.3189838594 95.1715837149
-3.4600000000 -6.5135753338 4.6015663780 0.3200162437 95.4795018424
-2.6982823891 -6.5320202541 4.6319086111 0.3225729165 96.2420568982
-2.4625148544 -6.5382526184 4.6403215347 0.3233641921 96.4780568510
-1.7300000000 -6.5580279142 4.6657733806 0.3258225917 97.2112899675
-1.4080557176 -6.5684342413 4.6744518604 0.3269029922 97.5335211164
-0.3345166452 -6.6069541340 4.7026460863 0.3305060239 98.6081211880
-0.0000000000 -6.6188546092 4.7113512835 0.3316287176 98.9429646117
0.5229283513 -6.6378201282 4.7246164870 0.3333837746 99.4664097422
1.2432984483 -6.6678390845 4.7452086955 0.3358022191 100.1876993106
1.7300000000 -6.6884699383 4.7584669851 0.3374361751 100.6750225362
2.1127012841 -6.7068007793 4.7662926954 0.3387210989 101.0582451037
3.0492553207 -6.7484718793 4.7870156430 0.3418652199 101.9959549218
3.4600000000 -6.7670236481 4.7961964459 0.3432441878 102.4072238403
3.8488250025 -6.7833908556 4.8038296523 0.3445493225 102.7964707220
4.8256278343 -6.8255901462 4.8234512990 0.3478282683 103.7743817219
5.1900000000 -6.8414197373 4.8309208376 0.3490514227 104.1391764266
5.7171755650 -6.8653792898 4.8424168899 0.3508215371 104.6670264820
6.3565426872 -6.8903043614 4.8579054403 0.3529679110 105.3070669049
6.9200000000 -6.9125163388 4.8709966845 0.3548594427 105.8711196294
7.2440416068 -6.9244386102 4.8802569357 0.3559473013 106.1955146187
8.3362380702 -6.9635581187 4.9118322765 0.3596139554 107.2888677072
8.6500000000 -6.9748710960 4.9209973906 0.3606673175 107.6029690823
9.1500000000 -6.9928066069 4.9321385575 0.3623456147 108.1034193105
9.6500000000 -7.0116062654 4.9402178157 0.3640238335 108.6038424613
11.3800000000 -7.0713770746 5.0114194164 0.3698340216 110.3363939505
11.6813395245 -7.0883288141 5.0236172485 0.3708470649 110.6384579907
12.8099866489 -7.1534917142 5.0663841437 0.3746413097 111.7697935412
13.1100000000 -7.1706657953 5.0776958424 0.3756498508 112.0705125614
14.8400000000 -7.2669853687 5.1510753287 0.3814661113 113.8048010687
15.1489932645 -7.2850726500 5.1629067231 0.3825049624 114.1145511010
16.2517984952 -7.3494135685 5.2047547209 0.3862125715 115.2200242738
16.5700000000 -7.3678908314 5.2171890402 0.3872823899 115.5390061482
17.1652291737 -7.4037534001 5.2410640008 0.3892839435 116.1357991416
17.7420100761 -7.4385635337 5.2631901717 0.3912233552 116.7140532676
18.3000000000 -7.4726996534 5.2841664689 0.3930996251 117.2734856685
18.6514894629 -7.4932295947 5.2981521340 0.3942814412 117.6258541780
19.6571963918 -7.5563984793 5.3399305532 0.3976641340 118.6344088832
20.0300000000 -7.5798013738 5.3555433678 0.3989180775 119.0082751165
20.4608317808 -7.6057157425 5.3759437009 0.4003673301 119.4403709429
21.3578932718 -7.6621310874 5.4135326885 0.4033846981 120.3399904406
21.7600000000 -7.6873728578 5.4304569523 0.4047372323 120.7432470361
22.2144918372 -7.7152155672 5.4507113448 0.4062659970 121.1990451000
22.9993185981 -7.7659866815 5.4857145875 0.4089064910 121.9862910469
23.4900000000 -7.7976957720 5.5077923143 0.4105573775 122.4784959389
23.8313615810 -7.8186435256 5.5253024361 0.4117060092 122.8209498349
24.8984507316 -7.8808488952 5.5829480595 0.4152964812 123.8914040787
25.2200000000 -7.9002366034 5.6002092972 0.4163785191 124.2140014215
26.9500000000 -8.0041477948 5.6863442674 0.4221988795 125.9493157783
27.4500000000 -8.0349023425 5.7110740571 0.4238812193 126.4508755781
27.9500000000 -8.0688859647 5.7341327216 0.4255640005 126.9525641530
28.3592661042 -8.0964634953 5.7537589791 0.4269414870 127.3632308216
29.2221906592 -8.1541896311 5.7906471012 0.4298451118 128.2288705261
29.6800000000 -8.1846144268 5.8103399436 0.4313855532 128.6881162004
30.0280250283 -8.2095485170 5.8253579909 0.4325570205 129.0373586805
31.0884119252 -8.2828116696 5.8705610904 0.4361256249 130.1012344646
31.4100000000 -8.3052334428 5.8841139344 0.4372079178 130.4238900072
33.1400000000 -8.4267338848 5.9616862782 0.4430310735 132.1599433602
33.4401350421 -8.4498523009 5.9774471567 0.4440422217 132.4613815310
34.5616823214 -8.5340908536 6.0378303527 0.4478204220 133.5877079328
34.8700000000 -8.5571287137 6.0545905578 0.4488590651 133.8973409240
35.4896817221 -8.6035364035 6.0893315280 0.4509468465 134.5197358044
36.0451928838 -8.6402655510 6.1173223545 0.4528167368 135.0771633518
36.6000000000 -8.6774661451 6.1450543558 0.4546843371 135.6339133682
36.9658371903 -8.7021913096 6.1654735838 0.4559162544 136.0011558697
37.9257508242 -8.7645071528 6.2163638909 0.4591476181 136.9644355016
38.3300000000 -8.7903715771 6.2383720686 0.4605084689 137.3701118784
38.7134916945 -8.8169077949 6.2587760427 0.4617998082 137.7550645968
39.7115314457 -8.8835452760 6.3148996041 0.4651605457 138.7569000022
40.0600000000 -8.9066419677 6.3344395987 0.4663339110 139.1066817508
40.6863433674 -8.9496210909 6.3721419197 0.4684437791 139.7356367495
41.0901904767 -8.9778120454 6.3962669399 0.4698042427 140.1411850308
41.7900000000 -9.0270737741 6.4374563069 0.4721617071 140.8439440291
42.0939713323 -9.0456282272 6.4550683025 0.4731850313 141.1489917841
43.2199998900 -9.1128526352 6.5186431288 0.4769752134 142.2788155776
43.5200000000 -9.1307843586 6.5356031648 0.4779850165 142.5798310669
45.2500000000 -9.2361519536 6.6315176309 0.4838082762 144.3157477815
45.7500000000 -9.2643759554 6.6562965198 0.4854903814 144.8171613284
46.2500000000 -9.2897186901 6.6812719963 0.4871720136 145.3184307036
46.6999415396 -9.3098639812 6.7041574972 0.4886849431 145.7694080686
47.5679517024 -9.3528801039 6.7497726613 0.4916045546 146.6396798967
47.9800000000 -9.3732003762 6.7716639206 0.4929905356 147.0528127139
48.4285785386 -9.3934454218 6.7943614493 0.4944989052 147.5024251425
49.2237237899 -9.4267891520 6.8317771053 0.4971718089 148.2991483848
49.7100000000 -9.4471827757 6.8547887395 0.4988064638 148.7864004379
50.0528028328 -9.4628073251 6.8717799997 0.4999591364 149.1299818961
51.1161783329 -9.5092798030 6.9251700519 0.5035345606 150.1957108314
51.4400000000 -9.5238406785 6.9413328731 0.5046234044 150.5202645003
53.1700000000 -9.5947128777 7.0330630753 0.5104404453 152.2542034008
53.4712661323 -9.6059194467 7.0496962120 0.5114534354 152.5561382089
54.5995206585 -9.6506676049 7.1107685658 0.5152472718 153.6869304673
54.9000000000 -9.6624845771 7.1268635055 0.5162576134 153.9880743075
56.6300000000 -9.7399939844 7.1953299087 0.5220722018 155.7212226364
56.9424766631 -9.7511774886 7.2055803208 0.5231218322 156.0340692965
58.0393416279 -9.7885865003 7.2388842531 0.5268057884 157.1320774538
58.3600000000 -9.7997217981 7.2487806196 0.5278828005 157.4530837623
58.9577072205 -9.8226211550 7.2647253823 0.5298903785 158.0514491407
59.5225727062 -9.8417446610 7.2822131227 0.5317875909 158.6169089223
60.0900000000 -9.8611267870 7.2994052585 0.5336933953 159.1849338610
60.4354919689 -9.8734709665 7.3096179992 0.5348538362 159.5307995043
61.4595987835 -9.9087369309 7.3416752695 0.5382936567 160.5560148946
61.8200000000 -9.9213593821 7.3534026819 0.5395042654 160.9168303416
62.2805578371 -9.9366766519 7.3679730213 0.5410511751 161.3778773929
63.1185872754 -9.9606528301 7.4002472228 0.5438662148 162.2168708847
63.5500000000 -9.9731832822 7.4167688481 0.5453153903 162.6487854204
64.0500000000 -9.9871024905 7.4362613383 0.5469949546 163.1493638519
64.5500000000 -10.0020300121 7.4572715940 0.5486748483 163.6500327476
65.0701514414 -10.0149461244 7.4804176944 0.5504224102 164.1708646006
65.7781482270 -10.0296624263 7.5127739177 0.5528010029 164.8797534182
66.2800000000 -10.0409327089 7.5351860437 0.5544870127 165.3822369263
66.6454107432 -10.0513855330 7.5505196450 0.5557146949 165.7481213112
67.6281152308 -10.0804584848 7.5939248154 0.5590167934 166.7322136734
68.0100000000 -10.0898270797 7.6116131119 0.5602999602 167.1146256312
68.4385090654 -10.1037512523 7.6339247158 0.5617405281 167.5439447923
69.3306245473 -10.1283873365 7.6783740280 0.5647388928 168.4375067818
69.7400000000 -10.1392631674 7.6985390766 0.5661147121 168.8475262855
70.1723120344 -10.1508264709 7.7216622461 0.5675679463 169.2806145121
71.0164285967 -10.1747357290 7.7657301503 0.5704054218 170.1262188360
71.4700000000 -10.1872951529 7.7893004332 0.5719300463 170.5805801013
71.8362064875 -10.1971134293 7.8075705024 0.5731608536 170.9473762442
72.8501381165 -10.2304273370 7.8551575503 0.5765687825 171.9629707301
73.2000000000 -10.2419123368 7.8718258068 0.5777447447 172.3134202150
73.7527943977 -10.2584062135 7.9000445405 0.5796029559 172.8671863856
74.3470338150 -10.2770732092 7.9306002520 0.5816006312 173.4625038639
74.9300000000 -10.2962268736 7.9604700959 0.5835604824 174.0465559536
75.2521502266 -10.3058503160 7.9782767084 0.5846436672 174.3693435711
76.3472667584 -10.3432254110 8.0333301518 0.5883253884 175.4664801130
76.6600000000 -10.3539029005 8.0493110849 0.5893768269 175.7798054285
78.3900000000 -10.4097327193 8.1412096564 0.5951935230 177.5132061745
78.6919198433 -10.4159625193 8.1575724727 0.5962084358 177.8156351692
79.8197772163 -10.4466350728 8.2199936181 0.6000006139 178.9456352188
80.1200000000 -10.4548746340 8.2361530998 0.6010099941 179.2464073559
81.8500000000 -10.4978282669 8.3344789458 0.6068270217 180.9797945581
82.3500000000 -10.5080269662 8.3584853560 0.6085073380 181.4804796846
