X Y Z LocalTime TrackLength
-98.8200000000 2.2534945866 -0.8896348945 0.0000000000 0.0000000000
-82.3500000000 2.2534945866 -0.8896348945 0.0551905847 16.4700000000
-81.8500000000 2.2534945866 -0.8896348945 0.0568660730 16.9700039256
-81.0330666668 2.2504516814 -0.8889618473 0.0596036276 17.7869536942
-80.9350466811 2.2502874074 -0.8888485484 0.0599320943 17.8849738847
-80.1200000000 2.2489716785 -0.8880445659 0.0626633298 18.7000324821
-79.8088777342 2.2509452801 -0.8885962063 0.0637059336 19.0111630222
-78.6997520401 2.2579786960 -0.8875936795 0.0674227403 20.1203116857
-78.3900000000 2.2600233621 -0.8871849025 0.0684607585 20.4300722577
-76.6600000000 2.2648320066 -0.8881695501 0.0742581160 22.1601265226
-76.3507366349 2.2606089176 -0.8850329224 0.0752946420 22.4694361402
-75.2431078488 2.2415039116 -0.8760975108 0.0790071142 23.5772659709
-74.9300000000 2.2360139487 -0.8738453124 0.0800565667 23.8904316000
-74.2356373534 2.2261166481 -0.8685771229 0.0823837734 24.5848924166
-73.8842547058 2.2228093859 -0.8620810894 0.0835615743 24.9363507041
-73.2000000000 2.2159984218 -0.8495112698 0.0858551383 25.6207622034
-72.8799533280 2.2133327440 -0.8434141499 0.0869279114 25.9408796797
-71.7926068131 2.2042766426 -0.8247858257 0.0905725010 27.0284237055
-71.4700000000 2.2013118136 -0.8193758774 0.0916538238 27.3510911588
-70.8558594768 2.1937553929 -0.8091006724 0.0937123904 27.9653701357
-70.3445135897 2.1888699533 -0.8054400420 0.0954261573 28.4767525155
-69.7400000000 2.1831789932 -0.8012759479 0.0974521689 29.0813130751
-69.4094349532 2.1791852956 -0.7978413328 0.0985601207 29.4119218362
-68.3452785801 2.1659797280 -0.7879405889 0.1021268307 30.4762064201
-68.0100000000 2.1619215153 -0.7844340936 0.1032505869 30.8115296950
-67.4603119702 2.1563319117 -0.7771550376 0.1050930077 31.3612991788
-66.8206097985 2.1500970138 -0.7699579112 0.1072370845 32.0010723040
-66.2800000000 2.1447233174 -0.7636653438 0.1090490483 32.5417501203
-65.9348781714 2.1412497188 -0.7594311590 0.1102058098 32.8869173147
-64.9004589898 2.1291064507 -0.7428932488 0.1136731780 33.9215401837
-64.5500000000 2.1248086177 -0.7374144722 0.1148479237 34.2720703233
-64.0500000000 2.1195752366 -0.7310681283 0.1165238345 34.7721420116
-63.5500000000 2.1149514183 -0.7248148061 0.1181997277 35.2722065234
-63.1685892590 2.1101638230 -0.7203246612 0.1194781745 35.6536760860
-62.2148610830 2.1069095008 -0.6991401450 0.1226753124 36.6076452734
-61.8200000000 2.1054064662 -0.6902916264 0.1239989958 37.0026108680
-61.4047359630 2.1040692649 -0.6794979000 0.1253911984 37.4180201012
-60.4895627307 2.1052815814 -0.6578016521 0.1284592082 38.3334514816
-60.0900000000 2.1057397197 -0.6485664479 0.1297986775 38.7331237740
-59.6489968567 2.1045189966 -0.6390677230 0.1312770264 39.1742340420
-58.8171837163 2.1045451506 -0.6214617938 0.1340654470 40.0062336447
-58.3600000000 2.1044517692 -0.6118679056 0.1355980231 40.4635214137
-57.9930882711 2.1049132513 -0.6042078442 0.1368279953 40.8305155716
-56.9842162817 2.1075509762 -0.5790056793 0.1402103190 41.8397059885
-56.6300000000 2.1082474369 -0.5703340314 0.1413978513 42.1940311317
-56.1006255719 2.1092166896 -0.5579887510 0.1431725689 42.7235549508
-55.4497358776 2.1107722085 -0.5436359119 0.1453546158 43.3746048414
-54.9000000000 2.1119807623 -0.5313166304 0.1471975694 43.9244850035
-54.5679892650 2.1136615119 -0.5249765144 0.1483105546 44.2565623255
-53.4955470750 2.1165855535 -0.5054748247 0.1519055754 45.3291860425
-53.1700000000 2.1174766812 -0.4996832853 0.1529968621 45.6547875845
-52.5169970729 2.1198649901 -0.4887803793 0.1551858041 46.3078928795
-52.1124446479 2.1243382942 -0.4813244769 0.1565420338 46.7125387804
-51.4400000000 2.1312125449 -0.4690750098 0.1587963230 47.3851375394
-51.1261230068 2.1350476198 -0.4619525267 0.1598486834 47.6991203750
-50.0186261542 2.1510877853 -0.4358521413 0.1635620738 48.8070411665
-49.7100000000 2.1554170414 -0.4284238421 0.1645968915 49.1157886242
-47.9800000000 2.1725441555 -0.3937484368 0.1703967681 50.8462701524
-47.6780448905 2.1758389112 -0.3844622324 0.1714093839 51.1483874931
-46.5503264347 2.1928399266 -0.3567032456 0.1751907939 52.2765759754
-46.2500000000 2.1972151606 -0.3490856872 0.1761978465 52.5770323506
-45.7500000000 2.2048336252 -0.3346919452 0.1778746196 53.0773016378
-45.2500000000 2.2110387431 -0.3243388805 0.1795510003 53.5774514444
-44.5676753139 2.2221538410 -0.3101687294 0.1818388165 54.2600214794
-44.2219448585 2.2284602766 -0.3026349642 0.1829981124 54.6058915589
-43.5200000000 2.2409687625 -0.2872549151 0.1853518480 55.3081244846
-43.2081755319 2.2475137797 -0.2807037904 0.1863974974 55.6200880434
-42.0967949891 2.2751377322 -0.2610632511 0.1901244206 56.7319856487
-41.7900000000 2.2828833313 -0.2555453636 0.1911532495 57.0389295662
-40.0600000000 2.3238075132 -0.2269571263 0.1969544053 58.7696995453
-39.7591991931 2.3324289094 -0.2207638137 0.1979632961 59.0706891161
-38.6300000396 2.3622884445 -0.1987661509 0.2017503452 60.2004975212
-38.3300000000 2.3702091070 -0.1926110681 0.2027564907 60.5006667231
-36.6000000000 2.4151360533 -0.1590346761 0.2085584189 62.2316258148
-36.2968045356 2.4225055315 -0.1529050727 0.2095752416 62.5349743072
-35.1774458783 2.4539242932 -0.1298594946 0.2133297239 63.6550113055
-34.8700000000 2.4624225374 -0.1235616814 0.2143609266 63.9626406831
-34.1083567050 2.4820340771 -0.1093664377 0.2169153384 64.7246784656
-33.8724365065 2.4882715228 -0.1059041298 0.2177065390 64.9607065339
-33.1400000000 2.5076079549 -0.0945210221 0.2201629257 65.6934957440
-32.8189807271 2.5151760249 -0.0920454228 0.2212393708 66.0146155044
-31.7377994239 2.5375443972 -0.0827532298 0.2248646055 67.0960683650
-31.4100000000 2.5441336017 -0.0797713500 0.2259637206 67.4239493918
-30.8532311872 2.5639828037 -0.0775547178 0.2278313248 67.9810815927
-30.2064193583 2.5851857850 -0.0774627220 0.2300007481 68.6282410106
-29.6800000000 2.6026065725 -0.0771751664 0.2317663915 69.1549533391
-29.3193497796 2.6171690005 -0.0769403480 0.2329763648 69.5158997373
-28.3322968300 2.6561369352 -0.0799104426 0.2362878160 70.5037264056
-27.9500000000 2.6710921901 -0.0809022121 0.2375703614 70.8863194258
-27.4500000000 2.6892749484 -0.0860613273 0.2392476972 71.3866807984
-26.9500000000 2.7079020233 -0.0929943244 0.2409251675 71.8870799527
-26.4462529504 2.7288513027 -0.0969206554 0.2426153946 72.3912820557
-25.7278684093 2.7549036077 -0.1003150602 0.2450252627 73.1101470482
-25.2200000000 2.7731814942 -0.1024873582 0.2467289216 73.6183533182
-24.8695768026 2.7852630687 -0.1041853749 0.2479043820 73.9689909433
-23.8381558503 2.8208334099 -0.1092520538 0.2513641986 75.0010378337
-23.4900000000 2.8329356747 -0.1108410441 0.2525320695 75.3494096725
-22.9677060524 2.8507490885 -0.1116965735 0.2542840285 75.8720126989
-22.2878969883 2.8710446004 -0.1159165408 0.2565640924 76.5521378991
-21.7600000000 2.8866825030 -0.1187342508 0.2583346268 77.0802787733
-21.4166403190 2.8964623960 -0.1204369271 0.2594862003 77.4237839584
-20.3716720586 2.9209268024 -0.1245378773 0.2629903903 78.4690468669
-20.0300000000 2.9289959517 -0.1256645272 0.2641361557 78.8108180657
-19.4844228668 2.9405758709 -0.1285408052 0.2659656213 79.3565307943
-18.8501050366 2.9547966970 -0.1316120997 0.2680927292 79.9910155578
-18.3000000000 2.9672453246 -0.1338748359 0.2699374440 80.5412713159
-17.9629573281 2.9737238061 -0.1362885198 0.2710676249 80.8783868532
-16.9043931272 2.9955671275 -0.1433831627 0.2746173368 81.9372004299
-16.5700000000 3.0026110511 -0.1454860145 0.2757386748 82.2716762873
-15.9875481297 3.0138768723 -0.1517765623 0.2776918553 82.8542769477
-15.4309992917 3.0234962837 -0.1566139665 0.2795580788 83.4109300103
-14.8400000000 3.0338286643 -0.1616644335 0.2815398275 84.0020472608
-14.5135225974 3.0447124820 -0.1665660593 0.2826351065 84.3287446602
-13.4306357279 3.0783005779 -0.1861971936 0.2862679434 85.4123305195
-13.1100000000 3.0882376344 -0.1917039184 0.2873435863 85.7331692470
-12.4154049066 3.1092747724 -0.2011902336 0.2896735892 86.4281560029
-12.0912174920 3.1185934316 -0.2061689620 0.2907610533 86.7525155895
-11.3800000000 3.1393413587 -0.2167265554 0.2931467945 87.4641228081
-11.0680801112 3.1505559874 -0.2220556817 0.2941933894 87.7762914291
-9.9587338156 3.1876229526 -0.2385407554 0.2979151671 88.8863794619
-9.6500000000 3.1978325664 -0.2431410111 0.2989509374 89.1953179654
-9.1500000000 3.2127364736 -0.2514646136 0.3006282664 89.6956136698
-8.6500000000 3.2288681606 -0.2594091067 0.3023057148 90.1959412992
-8.3156235511 3.2315712422 -0.2652791638 0.3034270034 90.5303821549
-7.2568686124 3.2382541716 -0.2829822442 0.3069773185 91.5893064247
-6.9200000000 3.2403622394 -0.2885828541 0.3081069379 91.9262301784
-6.3707007825 3.2439298175 -0.2981625222 0.3099489349 92.4756298110
-5.7381266082 3.2447220040 -0.3121911038 0.3120703495 93.1083601272
-5.1900000000 3.2456135671 -0.3242546589 0.3139085546 93.6566254847
-4.8503107150 3.2455232024 -0.3313404946 0.3150477191 93.9963907116
-3.7974510051 3.2397796530 -0.3547487211 0.3185787043 95.0495265395
-3.4600000000 3.2382430736 -0.3620180199 0.3197103976 95.3870613393
-2.8999882015 3.2368875559 -0.3736716786 0.3215884494 95.9472015591
-2.2957420486 3.2332613553 -0.3854884829 0.3236148390 96.5515742226
-1.7300000000 3.2303009534 -0.3963559896 0.3255120824 97.1174340467
-1.3963502225 3.2295727495 -0.4031295342 0.3266310114 97.4511553394
-0.3324486956 3.2262170055 -0.4227887064 0.3301988109 98.5152440343
-0.0000000000 3.2253842164 -0.4290106340 0.3313136949 98.8477539538
0.5768851531 3.2264806228 -0.4395919302 0.3332482996 99.4247430975
1.1561656391 3.2283021369 -0.4528933716 0.3351911480 100.0041792379
1.7300000000 3.2307874252 -0.4658388787 0.3371157260 100.5781708524
2.0653024028 3.2340844742 -0.4736232142 0.3382403608 100.9135818143
3.1197676905 3.2468892810 -0.5022918585 0.3417775915 101.9685147790
3.4600000000 3.2511849522 -0.5118348201 0.3429189450 102.3089100692
3.9921609441 3.2559442390 -0.5275174645 0.3447041554 102.8413283808
4.6616959249 3.2587810846 -0.5478827605 0.3469502113 103.5111791770
5.1900000000 3.2612906386 -0.5637155807 0.3487224690 104.0397314006
5.5368740754 3.2628231597 -0.5703994983 0.3498857968 104.3866754054
6.5724122643 3.2644571517 -0.5967232856 0.3533591888 105.4225496889
6.9200000000 3.2651255641 -0.6056981940 0.3545250789 105.7702560826
7.4311595697 3.2720207725 -0.6175950841 0.3562396795 106.2816052598
8.1542338528 3.2848420035 -0.6378735512 0.3586655930 107.0050776421
8.6500000000 3.2940078514 -0.6516504258 0.3603289007 107.5011242879
9.1500000000 3.3033527564 -0.6642648886 0.3620063140 108.0013751807
9.6500000000 3.3123032369 -0.6765283385 0.3636836819 108.5016101363
10.0548212278 3.3167833203 -0.6846883199 0.3650414906 108.9065413352
10.9920306728 3.3234575822 -0.7097348481 0.3681853670 109.8441094034
11.3800000000 3.3260842061 -0.7198205748 0.3694867913 110.2322214118
11.8398428131 3.3300840191 -0.7312926534 0.3710293102 110.6922285231
12.6322121671 3.3331184311 -0.7489507718 0.3736870373 111.4848005850
13.1100000000 3.3351474038 -0.7593049463 0.3752895932 111.9627090421
13.4671115127 3.3390729434 -0.7649635695 0.3764873219 112.3198892687
14.4935608297 3.3489994743 -0.7881795464 0.3799303802 113.3466493569
14.8400000000 3.3524014134 -0.7958641858 0.3810924467 113.6931926240
15.3963629031 3.3562696791 -0.8107527257 0.3829588353 114.2497737729
15.9833524043 3.3570655360 -0.8291756441 0.3849281974 114.8370529767
16.5700000000 3.3581553134 -0.8477200286 0.3868964293 115.4240008792
16.8888651334 3.3565899078 -0.8677184144 0.3879678222 115.7434982170
17.9952901460 3.3522137951 -0.9396992289 0.3916859827 116.8522710684
18.3000000000 3.3507542599 -0.9596988899 0.3927100111 117.1576417483
20.0300000000 3.3369558428 -1.0811242846 0.3985259036 118.8920076875
20.3372778281 3.3352766484 -1.1028934678 0.3995589585 119.2000619919
21.4340373665 3.3241900925 -1.1818036253 0.4032466525 120.2997127271
21.7600000000 3.3208607231 -1.2052925382 0.4043426660 120.6265394942
22.2796768115 3.3138508096 -1.2403122369 0.4060895297 121.1474470699
23.0229819558 3.3079876516 -1.2864571558 0.4085871205 121.8922065894
23.4900000000 3.3045311367 -1.3153692207 0.4101563338 122.3601355155
23.8964659404 3.3025715798 -1.3426083401 0.4115225221 122.7675209134
24.7679208778 3.2994327865 -1.3981440699 0.4144509799 123.6407494309
25.2200000000 3.2974537627 -1.4268710977 0.4159701465 124.0937484619
25.5719106769 3.2967013938 -1.4509321524 0.4171530787 124.4464838399
26.6238772334 3.2970411581 -1.5176873760 0.4206880845 125.5005666076
26.9500000000 3.2967054223 -1.5384697403 0.4217840014 125.8273530351
27.4500000000 3.2964225938 -1.5708236201 0.4234643343 126.3284034400
27.9500000000 3.2957083767 -1.6007610551 0.4251441764 126.8293040447
28.3132426880 3.2972394846 -1.6231248671 0.4263646979 127.1932401968
29.3141525780 3.3022106040 -1.6896356859 0.4297288974 128.1963700067
29.6800000000 3.3043789235 -1.7140805320 0.4309586007 128.5630420936
30.1514341630 3.3071224822 -1.7454880948 0.4325431908 129.0355334174
30.9417290075 3.3102176432 -1.8003657825 0.4352000334 129.8277374851
31.4100000000 3.3120286675 -1.8328622060 0.4367742813 130.2971422858
31.7822583533 3.3139609729 -1.8603770541 0.4380261671 130.6704237074
32.7607014514 3.3261504809 -1.9293105380 0.4413160270 131.6513679908
33.1400000000 3.3308646407 -1.9563442515 0.4425914337 132.0316606210
33.5816370266 3.3383492380 -1.9890251713 0.4440768540 132.4745720876
34.4418929838 3.3542409866 -2.0529421098 0.4469704325 133.3373458108
34.8700000000 3.3619577661 -2.0852965915 0.4484105521 133.7667464834
35.2778225495 3.3694846062 -2.1146723712 0.4497821006 134.1756980469
36.1772109569 3.3891738114 -2.1837054047 0.4528081154 135.0779469207
36.6000000000 3.3978852869 -2.2160828158 0.4542305442 135.5020667395
36.9908898386 3.4051816718 -2.2450929479 0.4555453754 135.8941023898
37.9510672445 3.4244659156 -2.3178038933 0.4587755779 136.8572222061
38.3300000000 3.4320226296 -2.3464912699 0.4600503693 137.2373171484
38.8000082029 3.4414882179 -2.3821290291 0.4616315802 137.7087737164
39.5761949138 3.4545316987 -2.4425535611 0.4642431024 138.4874182175
40.0600000000 3.4622439053 -2.4803212265 0.4658708970 138.9727609187
40.4153052571 3.4687044524 -2.5073423712 0.4670662143 139.3291531362
41.4451322043 3.4918475810 -2.5848985091 0.4705308785 140.3621558240
41.7900000000 3.4993374401 -2.6107710762 0.4716910809 140.7080761126
42.3464491030 3.5108089308 -2.6541603719 0.4735634688 141.2663380547
42.9475833139 3.5208425332 -2.7001033941 0.4755858420 141.8693091459
43.5200000000 3.5311756676 -2.7438725064 0.4775116536 142.4434959823
43.8480226804 3.5367719195 -2.7709598180 0.4786157588 142.7726847890
44.9274281511 3.5543965501 -2.8546375625 0.4822474878 143.8554725270
45.2500000000 3.5595089900 -2.8794525432 0.4833327457 144.1790398340
45.7500000000 3.5706955930 -2.9156934589 0.4850146008 144.6804810793
46.2500000000 3.5792168874 -2.9526413482 0.4866964602 145.1819215455
47.9800000000 3.6180498266 -3.0799019204 0.4925162117 146.9170877155
48.2838451764 3.6224484772 -3.1033047410 0.4935384887 147.2218663431
49.3901642035 3.6375066868 -3.1858947144 0.4972599670 148.3313663244
49.7100000000 3.6416756927 -3.2099948421 0.4983358932 148.6521378852
50.2504175724 3.6488087986 -3.2500378418 0.5001536966 149.1940895014
50.9766683535 3.6605313605 -3.3151493566 0.5025998005 149.9233475392
51.4400000000 3.6679459331 -3.3569145653 0.5041604260 150.3886209845
51.8661499158 3.6753936611 -3.3933589659 0.5055952787 150.8163947719
52.6755999363 3.6856581137 -3.4639747205 0.5083209307 151.6289841535
53.1700000000 3.6918893825 -3.5069711905 0.5099856802 152.1252941753
53.4988919287 3.6972459256 -3.5341376277 0.5110927879 152.4553517317
54.5933316239 3.7150459595 -3.6259506053 0.5147772690 153.5537802742
54.9000000000 3.7197186920 -3.6513208684 0.5158095684 153.8615335833
56.6300000000 3.7427730659 -3.7937391097 0.5216327214 155.5975968468
56.9397021895 3.7503692736 -3.8167561348 0.5226747655 155.9082479213
58.0283461715 3.7775855723 -3.8989587389 0.5263380662 157.0003304552
58.3600000000 3.7858129268 -3.9241873397 0.5274541294 157.3330463366
58.8539074235 3.7977940696 -3.9614538761 0.5291161054 157.8285073213
59.6576336757 3.8174819941 -4.0241088848 0.5318211820 158.6349125379
60.0900000000 3.8282066803 -4.0576486623 0.5332763536 159.0687140368
60.5342473252 3.8403626641 -4.0895837926 0.5347709879 159.5142774329
61.3173928716 3.8654050492 -4.1459701912 0.5374062112 160.2998496443
61.8200000000 3.8814095386 -4.1822289873 0.5390974568 160.8040219851
62.1495201564 3.8903925964 -4.2072603342 0.5402064587 161.1346157045
63.2411900740 3.9229369157 -4.2881138763 0.5438802386 162.2297596187
63.5500000000 3.9321682497 -4.3110353734 0.5449194892 162.5395584966
64.0500000000 3.9444803567 -4.3499125979 0.5466023740 163.0412236827
64.5500000000 3.9538739938 -4.3866368074 0.5482845116 163.5426634469
65.0432460120 3.9620308796 -4.4210298328 0.5499434310 164.0371791445
65.8021591539 3.9759993444 -4.4732401988 0.5524958013 164.7980144664
66.2800000000 3.9845313362 -4.5061935880 0.5541028766 165.2770707308
66.6522316137 3.9889133092 -4.5301132438 0.5553542712 165.6500985617
67.6300560427 4.0022337320 -4.5935650306 0.5586418168 166.6300702846
68.0100000000 4.0073451883 -4.6179939629 0.5599191779 167.0108359333
68.4509812135 4.0140926237 -4.6463955789 0.5614018005 167.4527861608
69.3122378807 4.0296619980 -4.7019399836 0.5642975941 168.3159726470
69.7400000000 4.0372267054 -4.7295895524 0.5657358594 168.7446977984
70.1477217667 4.0443457735 -4.7581721601 0.5671072476 169.1534854909
71.0455855183 4.0662080732 -4.8251631749 0.5701286750 170.0541104878
71.4700000000 4.0764914577 -4.8567821120 0.5715568714 170.4798289421
71.8582063632 4.0843617017 -4.8849814620 0.5728629385 170.8691407132
72.8230463291 4.1028321572 -4.9548314590 0.5761088953 171.8366823042
73.2000000000 4.1100901760 -4.9822277632 0.5773770899 172.2147027300
73.6734419263 4.1198171674 -5.0179363617 0.5789702727 172.6895934686
74.4353021871 4.1392332776 -5.0752980922 0.5815342920 173.4538569063
74.9300000000 4.1518380943 -5.1129362504 0.5831992848 173.9501494421
75.2764862153 4.1630708240 -5.1382472004 0.5843654266 174.2977428586
76.3279011977 4.1997733012 -5.2176093162 0.5879052093 175.3527875944
76.6600000000 4.2112342089 -5.2425999252 0.5890232495 175.6860247193
77.3037975689 4.2323985329 -5.2950169648 0.5911915820 176.3323076358
77.7205320460 4.2425869919 -5.3305077914 0.5925952682 176.7506749527
78.3900000000 4.2597806016 -5.3873078970 0.5948502450 177.4227771812
78.7026932476 4.2684107426 -5.4152482088 0.5959039923 177.7368368267
79.8143335421 4.3076815267 -5.5138017249 0.5996508042 178.8535282549
80.1200000000 4.3184215413 -5.5410227679 0.6006810922 179.1605941920
81.8500000000 4.3775979318 -5.7012990991 0.6065139987 180.8990713824
82.3500000000 4.3962093947 -5.7466316808 0.6081997224 181.4014722016
