X Y Z LocalTime TrackLength
-98.8200000000 3.3252294406 -1.5226314623 0.0000000000 0.0000000000
-82.3500000000 3.3252294406 -1.5226314623 0.0551905847 16.4700000000
-81.8500000000 3.3252294406 -1.5226314623 0.0568660730 16.9700039256
-81.4707107058 3.3261349082 -1.5234834374 0.0581370765 17.3492975191
-80.4996498061 3.3267407117 -1.5269641136 0.0613911303 18.3203650084
-80.1200000000 3.3271087799 -1.5281204730 0.0626633473 18.7000190222
-79.6709614575 3.3301375203 -1.5311120268 0.0641681629 19.1490809241
-78.8338861729 3.3358195723 -1.5383955105 0.0669734227 19.9862073103
-78.3900000000 3.3385805503 -1.5422392212 0.0684609976 20.4301218228
-78.0009289695 3.3419940328 -1.5468725909 0.0697649469 20.8192378071
-77.0531128274 3.3482209300 -1.5593835873 0.0729415060 21.7671571459
-76.6600000000 3.3511800401 -1.5642965043 0.0742590031 22.1603142533
-76.2316839523 3.3539862264 -1.5705778481 0.0756945190 22.5886884541
-75.3508422347 3.3632882025 -1.5824462117 0.0786467574 23.4696593959
-74.9300000000 3.3675347316 -1.5881155908 0.0800572514 23.8905640477
-74.5205342709 3.3717357372 -1.5940910924 0.0814296457 24.3000975854
-73.6157839803 3.3801805621 -1.6087118683 0.0844621284 25.2050055846
-73.2000000000 3.3844123601 -1.6154335515 0.0858557406 25.6208681741
-72.7964151768 3.3864309359 -1.6216360490 0.0872084014 26.0245082957
-71.8770073945 3.3816408558 -1.6312691708 0.0902897209 26.9439791793
-71.4700000000 3.3791644243 -1.6354872820 0.0916537825 27.3510186041
-71.0561973341 3.3775675899 -1.6400501796 0.0930406244 27.7648522408
-70.1492081815 3.3713844384 -1.6460312941 0.0960803011 28.6718823411
-69.7400000000 3.3686284004 -1.6488186650 0.0974517212 29.0811119728
-69.3220060054 3.3669415662 -1.6506837847 0.0988525533 29.4991163270
-68.4310207334 3.3630612917 -1.6543796056 0.1018385435 30.3901178549
-68.0100000000 3.3610695158 -1.6561029099 0.1032495286 30.8111496652
-67.6108623748 3.3571830426 -1.6580122039 0.1045872333 31.2103133315
-66.6713971498 3.3455995623 -1.6605237878 0.1077359142 32.1498534919
-66.2800000000 3.3411071663 -1.6613590064 0.1090476955 32.5412797717
-65.8381172012 3.3380713232 -1.6614787476 0.1105286202 32.9831761503
-64.9976475762 3.3316562599 -1.6624579095 0.1133454242 33.8236709564
-64.5500000000 3.3282592948 -1.6630493299 0.1148457013 34.2713350404
-64.0500000000 3.3267073145 -1.6674586246 0.1165214653 34.7713609215
-63.5500000000 3.3280546792 -1.6737079329 0.1181973012 35.2714058247
-61.8200000000 3.3302274407 -1.6867451496 0.1239954117 37.0015047070
-61.5199995853 3.3317578523 -1.6868154348 0.1250008681 37.3015104929
-60.3900365816 3.3354742747 -1.6939292959 0.1287880166 38.4315022322
-60.0900000000 3.3365074024 -1.6956081091 0.1297936076 38.7315467505
-58.3600000000 3.3493998910 -1.7040272091 0.1355919287 40.4616639398
-58.0597054834 3.3531573592 -1.7057405314 0.1365984790 40.7619883213
-56.9303745781 3.3693649899 -1.7080701955 0.1403839056 41.8914381769
-56.6300000000 3.3735836079 -1.7085689780 0.1413907335 42.1918442646
-54.9000000000 3.3901445716 -1.7170036719 0.1471893067 43.9219930228
-54.5988418573 3.3936006990 -1.7236574336 0.1481989971 44.2232459753
-53.4730187441 3.4036886801 -1.7458272493 0.1519732738 45.3493328218
-53.1700000000 3.4063942303 -1.7515435441 0.1529891169 45.6524190643
-51.4400000000 3.4240440960 -1.7842195636 0.1587888734 47.3828669200
-51.1309842022 3.4263146049 -1.7880314226 0.1598247223 47.6919161438
-50.0219635576 3.4320468621 -1.8031533328 0.1635422848 48.8010549386
-49.7100000000 3.4344279006 -1.8074005808 0.1645880394 49.1130581004
-48.9829596566 3.4404963873 -1.8146020778 0.1670251166 49.8401681727
-48.6963076862 3.4408905326 -1.8174168909 0.1679859635 50.1268342516
-47.9800000000 3.4420795601 -1.8242746301 0.1703869968 50.8431842483
-47.6613791552 3.4414868210 -1.8313569385 0.1714552227 51.1618860314
-46.5755207081 3.4396646066 -1.8553901236 0.1750957355 52.2480122059
-46.2500000000 3.4392408149 -1.8627016134 0.1761871046 52.5736170505
-45.7500000000 3.4370491231 -1.8745318317 0.1778635150 53.0737659424
-45.2500000000 3.4384064042 -1.8914292746 0.1795404105 53.5740573880
-44.7820722968 3.4394435173 -1.9054190503 0.1811095538 54.0421989696
-43.9915954634 3.4430340560 -1.9319093982 0.1837606689 54.8331279079
-43.5200000000 3.4456797456 -1.9474898282 0.1853422995 55.3049918010
-43.1541021536 3.4476943350 -1.9595025684 0.1865694396 55.6710945682
-42.1544767986 3.4503902428 -1.9955490269 0.1899223069 56.6713735822
-41.7900000000 3.4516405735 -2.0088583638 0.1911448348 57.0360976702
-41.3091279636 3.4518316396 -2.0269058939 0.1927578309 57.5173121676
-40.5382485954 3.4493839048 -2.0558607828 0.1953436332 58.2887392369
-40.0600000000 3.4483800224 -2.0741748064 0.1969478907 58.7673432513
-39.6944551683 3.4483607662 -2.0867832061 0.1981739239 59.1331077068
-38.6953680348 3.4486953387 -2.1220926610 0.2015249668 60.1328189644
-38.3300000000 3.4492552382 -2.1349950347 0.2027504510 60.4984174138
-37.8511887081 3.4499115441 -2.1527901085 0.2043565482 60.9775635753
-37.0803492922 3.4513463881 -2.1797422702 0.2069420161 61.7488755776
-36.6000000000 3.4526169930 -2.1963165412 0.2085531312 62.2295162930
-36.2392468822 3.4576273223 -2.2040114707 0.2097627878 62.5903884432
-35.2229057792 3.4737857167 -2.2287829248 0.2131710790 63.6071600627
-34.8700000000 3.4790747033 -2.2374368956 0.2143545345 63.9602136512
-34.3479185322 3.4865343865 -2.2492090955 0.2161052198 64.4824857002
-33.6702748170 3.4926747487 -2.2671992565 0.2183776454 65.1603961261
-33.1400000000 3.4978987063 -2.2813422530 0.2201559013 65.6908899858
-32.7994163665 3.5022323741 -2.2908062476 0.2212981146 66.0316346067
-31.7447522197 3.5174044042 -2.3256621218 0.2248357913 67.0869839910
-31.4100000000 3.5225889220 -2.3364884477 0.2259586509 67.4219532572
-30.8135701458 3.5345865888 -2.3550624556 0.2279593514 68.0187988903
-30.2972200389 3.5452697223 -2.3728950822 0.2296916507 68.5355674141
-29.6800000000 3.5587098939 -2.3939017526 0.2317623710 69.1532975246
-29.3607664139 3.5663356355 -2.4042091613 0.2328333706 69.4727902243
-28.2624188290 3.5946906224 -2.4436889038 0.2365188719 70.5722130563
-27.9500000000 3.6027224233 -2.4550755562 0.2375672098 70.8849441400
-27.4500000000 3.6155015080 -2.4748813730 0.2392451858 71.3855036699
-26.9500000000 3.6285037464 -2.4962818346 0.2409234092 71.8861345839
-26.6307501677 3.6377288924 -2.5087250132 0.2419948773 72.2057617185
-25.5526824441 3.6707231388 -2.5518753407 0.2456134379 73.2851972441
-25.2200000000 3.6823177414 -2.5663943226 0.2467304195 73.6184000465
-24.6970791871 3.6987773252 -2.5878258627 0.2484857393 74.1420232968
-23.9733903526 3.7193537369 -2.6208477745 0.2509152679 74.8667575669
-23.4900000000 3.7333246013 -2.6426757631 0.2525380676 75.3508461519
-23.1052126542 3.7448603882 -2.6601924702 0.2538299141 75.7362072426
-22.1779238274 3.7742864479 -2.7079676481 0.2569441845 76.6651922952
-21.7600000000 3.7875293362 -2.7292866578 0.2583477319 77.0838720244
-21.3807990093 3.8009303623 -2.7490137394 0.2596214596 77.4638246778
-20.3815955389 3.8376316175 -2.8016168525 0.2629780525 78.4650848932
-20.0300000000 3.8505158709 -2.8199433265 0.2641591227 78.8173955364
-19.4455241958 3.8702141227 -2.8529397777 0.2661227434 79.4031392184
-18.9438347656 3.8842881766 -2.8824143574 0.2678081715 79.9058909622
-18.3000000000 3.9027444224 -2.9199982945 0.2699711294 80.5510929731
-17.9913742384 3.9108124158 -2.9391500793 0.2710081191 80.8604192816
-16.8705683086 3.9415385446 -3.0121649297 0.2747749290 81.9840214026
-16.5700000000 3.9496914005 -3.0316782926 0.2757850595 82.2853343519
-14.8400000000 3.9950040935 -3.1486528297 0.2816000367 84.0199283868
-14.5247685419 4.0001005539 -3.1678056035 0.2826589437 84.3357839984
-13.4457058966 4.0208361417 -3.2351682881 0.2862842431 85.4171462709
-13.1100000000 4.0271600077 -3.2563157564 0.2874121392 85.7535789941
-12.6183538417 4.0371742704 -3.2884340748 0.2890642612 86.2463791276
-11.8161174451 4.0487425337 -3.3446892415 0.2917606962 87.0506688147
-11.3800000000 4.0548540287 -3.3754605123 0.2932265899 87.4879165187
-10.9413252295 4.0609000393 -3.4082718958 0.2947015320 87.9278615832
-10.1457116034 4.0692160718 -3.4651108980 0.2973758483 88.7255463973
-9.6500000000 4.0742893198 -3.5004440404 0.2990420752 89.2225458326
-9.1500000000 4.0801488159 -3.5391952973 0.3007235294 89.7240838624
-8.6500000000 4.0923019538 -3.5837452461 0.3024069862 90.2262161384
-8.2742498502 4.1049056192 -3.6161910141 0.3036721435 90.6035775532
-7.2788103118 4.1365079692 -3.6998685569 0.3070229760 91.6030278500
-6.9200000000 4.1478365055 -3.7299943485 0.3082307827 91.9632810638
-6.3913411944 4.1664819390 -3.7749693474 0.3100107145 92.4941819783
-5.7552693856 4.1914431686 -3.8313905609 0.3121532890 93.1332389879
-5.1900000000 4.2135251945 -3.8817423830 0.3140574207 93.7011816183
-4.8662073073 4.2252666787 -3.9114246670 0.3151482737 94.0265457542
-3.7718311586 4.2724815974 -4.0115540929 0.3188361626 95.1265070325
-3.4600000000 4.2858262268 -4.0402649223 0.3198870298 95.4399430675
-1.7300000000 4.3610797144 -4.1946314341 0.3257158137 97.1784990562
-1.4299274002 4.3784428213 -4.2178346323 0.3267265846 97.4799694540
-0.3028070008 4.4437497258 -4.3070242551 0.3305237590 98.6124979223
-0.0000000000 4.4614018110 -4.3307834987 0.3315438599 98.9167497511
0.7545693181 4.5083970633 -4.3897154536 0.3340864063 99.6750846416
1.0612107066 4.5326638379 -4.4128179329 0.3351206557 99.9835512506
1.7300000000 4.5861857298 -4.4625244862 0.3373763568 100.6563255415
2.0779709515 4.6153288021 -4.4888642688 0.3385504782 101.0065089417
3.0691937816 4.6946892861 -4.5640636627 0.3418941144 102.0037431749
3.4600000000 4.7257299585 -4.5933004659 0.3432122315 102.3968716227
3.8494256109 4.7574524620 -4.6219727079 0.3445257958 102.7886405124
4.8442680502 4.8398215502 -4.6966193884 0.3478822044 103.7896743089
5.1900000000 4.8682210999 -4.7230677368 0.3490487058 104.1375796601
5.8773760711 4.9238531858 -4.7770572252 0.3513680623 104.8293219889
6.1535874147 4.9438322044 -4.7998223457 0.3522997464 105.1071892333
6.9200000000 4.9998322859 -4.8620980322 0.3548848136 105.8781748780
7.2213369743 5.0236542352 -4.8873970102 0.3559018962 106.1815104949
8.3470160540 5.1204909909 -4.9778075038 0.3597023725 107.3149589363
8.6500000000 5.1466114884 -5.0023863097 0.3607253792 107.6200600494
9.1500000000 5.1895610888 -5.0427499461 0.3624135062 108.1235264971
9.6500000000 5.2298474323 -5.0830831940 0.3641008958 108.6267703054
9.9517212124 5.2549261045 -5.1065682131 0.3651191276 108.9304431285
11.0648017314 5.3497790454 -5.1926654954 0.3688760458 110.0508709992
11.3800000000 5.3765967133 -5.2173162170 0.3699399769 110.3681688816
11.9405550249 5.4257650821 -5.2615396475 0.3718326236 110.9326169752
12.6217049142 5.4838413333 -5.3164080770 0.3741322761 111.6184366986
13.1100000000 5.5251835821 -5.3557420635 0.3757807449 112.1100592364
13.5125178742 5.5578284625 -5.3870539759 0.3771389505 112.5151137553
14.3813203818 5.6295782961 -5.4550923424 0.3800710088 113.3895251689
14.8400000000 5.6669833606 -5.4912747574 0.3816189141 113.8511514819
15.1837592531 5.6941548669 -5.5194791667 0.3827790662 114.1971366030
16.2541895885 5.7841036991 -5.6047754887 0.3863924424 115.2747208680
16.5700000000 5.8106174631 -5.6299516543 0.3874584993 115.5926425584
18.3000000000 5.9571957242 -5.7685610546 0.3932989137 117.3344200798
18.6026319376 5.9867235889 -5.7919716657 0.3943215663 117.6393906953
19.7136365529 6.0941581274 -5.8724923436 0.3980742171 118.7584785243
20.0300000000 6.1245922178 -5.8955160125 0.3991428228 119.0771371900
20.5880611828 6.1801153540 -5.9381440551 0.4010289347 119.6395772237
21.2698716546 6.2476671149 -5.9897752165 0.4033330972 120.3266686775
21.7600000000 6.2959110150 -6.0271098432 0.4049894319 120.8205832270
22.1597834553 6.3342630011 -6.0581221555 0.4063402834 121.2234006324
23.0401440376 6.4203599924 -6.1207498246 0.4093141243 122.1101756629
23.4900000000 6.4641167128 -6.1529331107 0.4108336979 122.5633028380
23.8410091091 6.4964457928 -6.1778974337 0.4120187746 122.9166828231
24.8983068005 6.5958175836 -6.2574428474 0.4155901115 123.9816152701
25.2200000000 6.6260941287 -6.2822755507 0.4166769007 124.3056848744
26.9500000000 6.7860292091 -6.4101755694 0.4225191358 126.0478194603
27.4500000000 6.8313050764 -6.4436837709 0.4242065768 126.5509868615
27.9500000000 6.8765352260 -6.4745524557 0.4258934459 127.0539812656
28.2795221577 6.9072543887 -6.4932084919 0.4270051190 127.3854596568
29.3741108435 7.0061362199 -6.5525675413 0.4306963785 128.4861076670
29.6800000000 7.0337494213 -6.5690834561 0.4317279058 128.7936861540
31.4100000000 7.1853625844 -6.6707639578 0.4375620815 130.5333474305
31.7244615788 7.2145135694 -6.6914318450 0.4386235146 130.8498347368
32.7946813557 7.3092121750 -6.7512914326 0.4422324549 131.9259025191
33.1400000000 7.3394769452 -6.7708279621 0.4433968789 132.2730972303
33.5909674479 7.3780496836 -6.7972041788 0.4449174502 132.7264830406
34.4779873572 7.4534563787 -6.8468643339 0.4479077619 133.6180866018
34.8700000000 7.4868810149 -6.8691070035 0.4492293961 134.0121527787
35.3826400030 7.5291643890 -6.8991130308 0.4509574997 134.5274130558
36.0161642081 7.5775731457 -6.9356780700 0.4530919948 135.1638354258
36.6000000000 7.6217249011 -6.9690696177 0.4550589043 135.7502961503
36.9119911570 7.6467147696 -6.9867798853 0.4561103291 136.0637890372
38.0293163907 7.7347149106 -7.0435681192 0.4598741930 137.1860123585
38.3300000000 7.7581864129 -7.0587762254 0.4608870219 137.4879955855
40.0600000000 7.8842891309 -7.1431967753 0.4667116538 139.2246953304
40.3790772365 7.9080793125 -7.1574010016 0.4677858779 139.5449753018
41.4447502419 7.9840506399 -7.2117736612 0.4713739056 140.6147357824
41.7900000000 8.0086135477 -7.2294599587 0.4725363338 140.9613120587
42.2535513448 8.0399273938 -7.2513820686 0.4740963938 141.4264408572
43.1081359925 8.1000199676 -7.2960125495 0.4769737270 142.2842975930
43.5200000000 8.1290461957 -7.3174989696 0.4783604605 142.6977450911
43.9839944982 8.1605195818 -7.3442264608 0.4799229016 143.1635773246
44.7288658851 8.2108093274 -7.3847710007 0.4824306773 143.9112446795
45.2500000000 8.2459570695 -7.4135389149 0.4841852594 144.4343595513
45.7500000000 8.2812020097 -7.4358876364 0.4858681725 144.9361029950
46.2500000000 8.3128224504 -7.4560145311 0.4875499733 145.4375107650
46.6308067303 8.3348131806 -7.4713267223 0.4888304385 145.8192619223
47.6220137922 8.3896020362 -7.5131768872 0.4921632039 146.8128640061
47.9800000000 8.4092232484 -7.5285954389 0.4933668871 147.1717213814
48.5236313456 8.4419969367 -7.5522011814 0.4951953862 147.7168567612
49.1210960406 8.4778912778 -7.5804462205 0.4972052904 148.3160650724
49.7100000000 8.5135358766 -7.6074448986 0.4991863193 148.9066708883
50.0279961090 8.5323122393 -7.6210371312 0.5002558014 149.2255126513
51.1321290715 8.5963097534 -7.6685202271 0.5039690357 150.3325178410
51.4400000000 8.6141129162 -7.6816401033 0.5050043921 150.6411838777
53.1700000000 8.7199702703 -7.7524392199 0.5108231020 152.3759227622
53.4700044313 8.7336952857 -7.7647377038 0.5118313370 152.6764944437
54.5981095725 8.7879783234 -7.8086801833 0.5156227251 153.8067596359
54.9000000000 8.8025201931 -7.8205339453 0.5166373494 154.1092342254
56.6300000000 8.8787465311 -7.8782446165 0.5224493928 155.8419321398
56.9442030858 8.8924622081 -7.8883878839 0.5235049451 156.1565998914
58.0377491326 8.9419395584 -7.9194980226 0.5271785135 157.2517068996
58.3600000000 8.9566625904 -7.9284972143 0.5282610649 157.5744214488
58.9444796913 8.9833670899 -7.9470579990 0.5302247650 158.1598118643
59.5373916062 9.0088952239 -7.9667171579 0.5322166659 158.7535988494
60.0900000000 9.0330286590 -7.9844144419 0.5340731492 159.3070229627
60.4403309494 9.0472412681 -7.9956110644 0.5352499351 159.6578232176
61.4529124384 9.0897435542 -8.0295359595 0.5386516569 160.6718641722
61.8200000000 9.1052483213 -8.0420725242 0.5398849135 161.0394954822
62.2682428707 9.1258104849 -8.0560049211 0.5413909136 161.4884299080
63.1203865724 9.1716820836 -8.0774117712 0.5442546047 162.3420759758
63.5500000000 9.1947641789 -8.0883753117 0.5456983605 162.7724523192
64.0500000000 9.2226879367 -8.0997379395 0.5473787547 163.2733652547
64.5500000000 9.2500123663 -8.1113207335 0.5490590650 163.7742501847
65.1672011742 9.2797394837 -8.1254073321 0.5511325523 164.3923348803
65.7103770938 9.3058597063 -8.1369908760 0.5529572984 164.9362620337
66.2800000000 9.3337092056 -8.1484370309 0.5548709174 165.5066865771
66.6334508969 9.3523802100 -8.1499942983 0.5560583347 165.8606361687
67.6289503149 9.4040769070 -8.1545276280 0.5594025736 166.8574875189
68.0100000000 9.4241344281 -8.1561653243 0.5606827039 167.2390711112
68.4245315358 9.4464675049 -8.1586310677 0.5620754253 167.6542145342
69.3592377085 9.4964006326 -8.1629191432 0.5652157214 168.5902635103
69.7400000000 9.5164227923 -8.1649418630 0.5664949046 168.9715601009
70.2390082958 9.5429359098 -8.1660433999 0.5681713757 169.4712783907
70.9243703842 9.5785767723 -8.1659863724 0.5704737955 170.1575668493
71.4700000000 9.6073635046 -8.1652389857 0.5723068712 170.7039617311
71.7944056313 9.6232357965 -8.1649399834 0.5733965269 171.0287576521
72.8893878722 9.6785087748 -8.1680709961 0.5770748036 172.1251387813
73.2000000000 9.6941198600 -8.1689680594 0.5781182063 172.4361461733
74.9300000000 9.7765949484 -8.1789264592 0.5839289513 174.1681991764
75.2300006489 9.7883562761 -8.1789946098 0.5849362392 174.4684320891
76.3583557207 9.8305735649 -8.1777879883 0.5887245842 175.5975775834
76.6600000000 9.8418179607 -8.1775619255 0.5897373226 175.8994332717
78.3900000000 9.9065639439 -8.1747037818 0.5955456738 177.6307066782
78.7057393041 9.9199299361 -8.1729884134 0.5966059882 177.9467354200
79.7901671697 9.9686659474 -8.1700295188 0.6002480980 179.0322621615
80.1200000000 9.9838230927 -8.1689286204 0.6013559505 179.3624471094
80.6471215052 10.0096610410 -8.1677721642 0.6031267234 179.8902083776
81.3599686586 10.0398612594 -8.1653932319 0.6055207056 180.6036991808
81.8500000000 10.0604684295 -8.1631063876 0.6071663856 181.0941738204
82.3500000000 10.0774063930 -8.1615608604 0.6088450220 181.5944680849
