X Y Z LocalTime TrackLength
-98.8200000000 4.4078996372 -4.5418205883 0.0000000000 0.0000000000
-82.3500000000 4.4078996372 -4.5418205883 0.0551905847 16.4700000000
-81.8500000000 4.4078996372 -4.5418205883 0.0568660730 16.9700039256
-81.5494681087 4.4120102885 -4.5396539927 0.0578732743 17.2705731574
-80.4212222522 4.4246436547 -4.5290562970 0.0616544370 18.3989397534
-80.1200000000 4.4282505413 -4.5260180640 0.0626639766 18.7002003540
-78.3900000000 4.4560089908 -4.5028147482 0.0684626068 20.4306259900
-78.0850916277 4.4618126408 -4.4968468064 0.0694847730 20.7356494551
-76.9684844940 4.4850473813 -4.4753497943 0.0732281762 21.8527054787
-76.6600000000 4.4916188994 -4.4691092412 0.0742623964 22.1613245735
-75.8985068210 4.5070620305 -4.4535375754 0.0768153313 22.9231427125
-75.6725875708 4.5109202712 -4.4493441003 0.0775726657 23.1491338401
-74.9300000000 4.5231919087 -4.4352157694 0.0800619931 23.8919659506
-74.6120712939 4.5287019807 -4.4271563292 0.0811279342 24.2100461334
-73.5235157315 4.5488065002 -4.4032351493 0.0847774032 25.2990503953
-73.2000000000 4.5543992159 -4.3959580560 0.0858620065 25.6226979567
-72.6050444752 4.5662128035 -4.3840344836 0.0878566228 26.2178958534
-72.0429756892 4.5788195250 -4.3710327089 0.0897412264 26.7802564382
-71.4700000000 4.5909087652 -4.3570433925 0.0916624047 27.3535356136
-71.1290230528 4.5987459233 -4.3489715959 0.0928057283 27.6946999790
-70.0904110335 4.6207877957 -4.3236504122 0.0962882134 28.7338547141
-69.7400000000 4.6282767602 -4.3147959813 0.0974631803 29.0844595611
-69.2482169187 4.6383135651 -4.3019295899 0.0991121931 29.5765171794
-68.4473146255 4.6932978597 -4.2647420448 0.1018054602 30.3801656414
-68.0100000000 4.7235551606 -4.2448613127 0.1032760481 30.8189794371
-67.5796730006 4.7484492798 -4.2143323745 0.1047242404 31.2511086531
-66.7574636604 4.7986454554 -4.1568924526 0.1074915695 32.0768491686
-66.2800000000 4.8275979980 -4.1232212801 0.1090986158 32.5563771656
-65.9389644565 4.8511087789 -4.0993476283 0.1102470478 32.8990566817
-64.8672927662 4.9237852349 -4.0199924841 0.1138566624 33.9761173833
-64.5500000000 4.9456038159 -3.9964308168 0.1149254573 34.2950326576
-64.0500000000 4.9804494769 -3.9540033645 0.1166112150 34.7980420277
-63.5500000000 5.0148354401 -3.9116386756 0.1182968585 35.3010144752
-63.2234608164 5.0371754178 -3.8836284583 0.1193977929 35.6295150647
-62.1252757482 5.1118508260 -3.7895309153 0.1231002265 36.7342510886
-61.8200000000 5.1326635677 -3.7635554977 0.1241293996 37.0413375869
-60.0900000000 5.2481697778 -3.6243822161 0.1299590013 38.7808149932
-59.7789661897 5.2693736119 -3.6013853715 0.1310066878 39.0934193533
-58.6930229776 5.3404905496 -3.5221701611 0.1346636765 40.1845681915
-58.3600000000 5.3624252981 -3.4981463800 0.1357851189 40.5191781173
-57.8681924954 5.3924270606 -3.4617079224 0.1374409947 41.0132493913
-57.0592887130 5.4465922809 -3.3971952521 0.1401667234 41.8265274972
-56.6300000000 5.4755971177 -3.3632857467 0.1416132526 42.2581321352
-56.1788359216 5.5045961103 -3.3278380315 0.1431331224 42.7116181424
-55.4182131547 5.5501565946 -3.2664463217 0.1456952445 43.4760734071
-54.9000000000 5.5811573510 -3.2246174249 0.1474408159 43.9968998682
-54.5764237913 5.5999303782 -3.1990093749 0.1485305206 44.3220319802
-53.4744340973 5.6651194106 -3.1081460809 0.1522429261 45.4296815265
-53.1700000000 5.6829160127 -3.0833061772 0.1532683991 45.7356468871
-51.4400000000 5.7948692669 -2.9489952278 0.1590962462 47.4745101501
-51.1268382881 5.8196022669 -2.9162584900 0.1601548441 47.7903498556
-50.0610976551 5.8991259810 -2.8027035351 0.1637570037 48.8650694888
-49.7100000000 5.9257216649 -2.7654685285 0.1649437388 49.2191384282
-49.2828997994 5.9582048143 -2.7195276819 0.1663876350 49.6499318262
-48.3358113405 6.0285171938 -2.6073507893 0.1695929046 50.6062290347
-47.9800000000 6.0551867386 -2.5653729201 0.1707970912 50.9655014396
-46.2500000000 6.1799858379 -2.3629043218 0.1766501932 52.7118246682
-45.7500000000 6.2209464197 -2.3055176676 0.1783426898 53.2167754545
-45.2500000000 6.2601399416 -2.2485061974 0.1800345832 53.7215434591
-43.5200000000 6.3979691487 -2.0438241868 0.1858920116 55.4691045080
-43.2199648577 6.4188015497 -2.0057548580 0.1869081762 55.7722633608
-42.0953028387 6.4897275055 -1.8555119601 0.1907188953 56.9091312563
-41.7900000000 6.5091098475 -1.8148815767 0.1917533208 57.2177367002
-41.1077063818 6.5528567750 -1.7263777056 0.1940641629 57.9071439286
-40.6664734638 6.5851166503 -1.6692190208 0.1955594456 58.3532320351
-40.0600000000 6.6286884642 -1.5903328803 0.1976146615 58.9663709736
-39.7056827712 6.6542190667 -1.5467003162 0.1988143640 59.3242785912
-38.7226261033 6.7224804860 -1.4256714331 0.2021423453 60.3171070693
-38.3300000000 6.7496331340 -1.3775717149 0.2034713977 60.7136019820
-37.9361331150 6.7756369083 -1.3283346894 0.2048047826 61.1113880251
-36.9588456684 6.8364366762 -1.2059519025 0.2081125688 62.0981834764
-36.6000000000 6.8588277568 -1.1613910653 0.2093269991 62.4604801166
-36.0262022697 6.8966758339 -1.0891865796 0.2112697215 63.0400458070
-35.5122922277 6.9317554749 -1.0247877162 0.2130098403 63.5591617689
-34.8700000000 6.9763454842 -0.9443998810 0.2151847973 64.2080061508
-34.5629237368 6.9983590783 -0.9047918741 0.2162252961 64.5184095080
-33.4401493888 7.0745081953 -0.7570540640 0.2200299763 65.6534196055
-33.1400000000 7.0949744580 -0.7178887035 0.2210469585 65.9568061618
-31.4100000000 7.2108612174 -0.4908660464 0.2269087423 67.7055342402
-31.0911865889 7.2320863413 -0.4493292420 0.2279888412 68.0277437202
-30.0221818852 7.3017106879 -0.3109305345 0.2316097885 69.1079165200
-29.6800000000 7.3241336846 -0.2666685410 0.2327688483 69.4536791178
-29.2037103580 7.3524643216 -0.2052854064 0.2343814824 69.9347468333
-28.3809687752 7.4007792570 -0.0945453420 0.2371691050 70.7663125972
-27.9500000000 7.4263426368 -0.0366320464 0.2386293276 71.2019091526
-27.4500000000 7.4540433293 0.0293909810 0.2403225646 71.7070138858
-26.9500000000 7.4790283755 0.0976067100 0.2420163126 72.2122683471
-26.6147074048 7.4994562049 0.1409419543 0.2431517349 72.5509683685
-25.5231037894 7.5595178584 0.2783590789 0.2468455191 73.6528258089
-25.2200000000 7.5761058998 0.3163699767 0.2478710914 73.9587553558
-23.4900000000 7.6668551565 0.5369962854 0.2537255239 75.7051786275
-23.1342626906 7.6823125782 0.5821967756 0.2549288009 76.0641112816
-22.1924976124 7.7263317320 0.7010473624 0.2581144438 77.0143664741
-21.7600000000 7.7468428171 0.7551630194 0.2595772772 77.4507221417
-21.4176700191 7.7634588476 0.7979282144 0.2607351743 77.7961149607
-20.3349928936 7.8146525547 0.9375530804 0.2643988696 78.8889581087
-20.0300000000 7.8292459105 0.9770517692 0.2654310420 79.1968457390
-18.3000000000 7.9149941639 1.1999082433 0.2712857806 80.9432998391
-17.9499273823 7.9322728839 1.2450398697 0.2724705505 81.2966945182
-16.9967784198 7.9822180442 1.3691326494 0.2756973682 82.2591844237
-16.5700000000 8.0047051890 1.4248590820 0.2771422905 82.6901759855
-16.2265177158 8.0227390502 1.4701425246 0.2783053841 83.0371015598
-15.1449166772 8.0758547759 1.6131247919 0.2819674505 84.1294048643
-14.8400000000 8.0910678399 1.6534318698 0.2829998830 84.4373517856
-13.1100000000 8.1812507281 1.8827930976 0.2888585510 86.1848718317
-12.7590173667 8.2022769103 1.9220445516 0.2900447351 86.5386700069
-11.7957557400 8.2605141226 2.0301435391 0.2933004402 87.5097262744
-11.3800000000 8.2861817724 2.0768010309 0.2947057535 87.9288815968
-11.0245135758 8.3090186392 2.1183260537 0.2959081616 88.2875152260
-9.9622260073 8.3959330893 2.2455987040 0.2995070895 89.3609246548
-9.6500000000 8.4215201150 2.2830223813 0.3005649004 89.6764265149
-9.1500000000 8.4625266961 2.3453946956 0.3022598878 90.1819721873
-8.6500000000 8.5010140234 2.4088873506 0.3039546875 90.6874592555
-8.3431530862 8.5251933996 2.4488802548 0.3049953640 90.9978463852
-7.2481315663 8.6135604580 2.5918311680 0.3087098095 92.1056894948
-6.9200000000 8.6404023466 2.6344099216 0.3098228596 92.4376609819
-6.4191670389 8.6805192506 2.6995915958 0.3115215870 92.9443130331
-5.6238213845 8.7473835781 2.8040087245 0.3142205105 93.7492656314
-5.1900000000 8.7845667942 2.8609667668 0.3156928488 94.1883907036
-4.7368730050 8.8242630124 2.9208370562 0.3172311251 94.6471801618
-3.9899495316 8.8924353620 3.0164991534 0.3197663033 95.4032843578
-3.4600000000 8.9411357479 3.0838996883 0.3215649402 95.9397231563
-3.1422253038 8.9718960640 3.1244897502 0.3226440261 96.2615549545
-2.0307926675 9.0825820134 3.2661355306 0.3264190665 97.3874314855
-1.7300000000 9.1124023861 3.3042937012 0.3274406087 97.6920994165
-0.0000000000 9.2861070206 3.5352095614 0.3333216495 99.4461198599
0.3396801968 9.3205002508 3.5820145653 0.3344771481 99.7907322786
1.3400793237 9.4183179789 3.7222164925 0.3378801831 100.8056331185
1.7300000000 9.4566862461 3.7770756723 0.3392067473 101.2012617655
2.1133771265 9.4920945028 3.8312778496 0.3405104480 101.5900699039
3.1225209705 9.5851472742 3.9714188795 0.3439409047 102.6131388367
3.4600000000 9.6165837223 4.0180766618 0.3450881256 102.9552773267
5.1900000000 9.7725164227 4.2583745693 0.3509680103 104.7088883535
5.4901817123 9.8018283596 4.2990042989 0.3519884974 105.0132237817
6.6062785947 9.9112615085 4.4471600477 0.3557816105 106.1444172048
6.9200000000 9.9431287154 4.4892723147 0.3568483826 106.4625543717
7.4630582059 9.9981957019 4.5623638332 0.3586950606 107.0132748390
8.1927520226 10.0713947865 4.6592100505 0.3611755478 107.7529981122
8.6500000000 10.1178480273 4.7195914630 0.3627299590 108.2165530335
9.1500000000 10.1711280710 4.7851793769 0.3644303770 108.7236479912
9.6500000000 10.2260504180 4.8512694236 0.3661316104 109.2309833144
11.3800000000 10.4197779243 5.0813421716 0.3720199179 110.9869903380
11.6826011257 10.4524969863 5.1166526194 0.3730474268 111.2933983467
12.7773693322 10.5638929034 5.2517297391 0.3767653105 112.4020790243
13.1100000000 10.5980517501 5.2926668789 0.3778950242 112.7389577163
13.5666023476 10.6454750816 5.3470690106 0.3794452510 113.2012324365
14.4707382902 10.7457452982 5.4664491789 0.3825220373 114.1187115132
14.8400000000 10.7869251573 5.5148019087 0.3837785506 114.4933979555
15.5929510573 10.8697771384 5.6162779649 0.3863415377 115.2576712249
15.6669630231 10.8779114353 5.6262181817 0.3865934548 115.3327895010
16.5700000000 10.9761277685 5.7484057791 0.3896671811 116.2493485914
16.8721980570 11.0078018782 5.7872892859 0.3906945057 116.5556816083
17.9680970351 11.1211384018 5.9246698459 0.3944179989 117.6659580179
18.3000000000 11.1557892601 5.9662242893 0.3955457864 118.0022442873
18.7551286143 11.2033748279 6.0236164092 0.3970924881 118.4634426828
19.6591828609 11.3015761561 6.1386235681 0.4001665445 119.3800584927
20.0300000000 11.3420908690 6.1860001120 0.4014276070 119.7560815261
20.7200863592 11.4197486323 6.2747431649 0.4037755115 120.4561801260
20.9238558263 11.4406501049 6.3017626528 0.4044684403 120.6627932714
21.7600000000 11.5253728131 6.4131749163 0.4073116775 121.5105847957
22.0616059668 11.5563123762 6.4550695118 0.4083381691 121.8166561193
23.1548051385 11.6710560989 6.6087944606 0.4120605542 122.9265581260
23.4900000000 11.7066327319 6.6558132885 0.4132019949 123.2669014103
23.9282871962 11.7526173639 6.7171742204 0.4146942609 123.7118494254
24.8663002090 11.8445367946 6.8470897335 0.4178851672 124.6632673084
25.2200000000 11.8792976669 6.8960753505 0.4190884066 125.0220335220
26.9500000000 12.0538700921 7.1172070498 0.4249670242 126.7748815935
27.4500000000 12.1057729001 7.1801579155 0.4266662622 127.2814994771
27.9500000000 12.1559339396 7.2408773117 0.4283640090 127.7876693424
28.3316770723 12.1948843006 7.2877858963 0.4296604458 128.1741886153
29.3470391459 12.2973438871 7.4182590411 0.4331113023 129.2030140616
29.6800000000 12.3300800796 7.4615041345 0.4342428326 129.5403658120
31.4100000000 12.4965825127 7.6913146430 0.4401231353 131.2935461582
31.7112100792 12.5244584260 7.7289807813 0.4411456253 131.5983812133
32.8218577374 12.6295268112 7.8727092467 0.4449185989 132.7232083345
33.1400000000 12.6597632994 7.9138078695 0.4459993727 133.0454181032
33.6716427507 12.7063224640 7.9796580156 0.4478030561 133.5831485183
34.4108430958 12.7694142821 8.0695312767 0.4503097701 134.3304604375
34.8700000000 12.8088056927 8.1255772020 0.4518669728 134.7947036414
35.2980948469 12.8457441726 8.1801364412 0.4533198543 135.2278427669
36.1106852682 12.9095018711 8.2826962730 0.4560755080 136.0493578273
36.6000000000 12.9480848355 8.3441340333 0.4577347887 136.5440262325
36.9319208021 12.9752793580 8.3900099122 0.4588624587 136.8802062952
38.0190111776 13.0516098963 8.5363194639 0.4625507708 137.9797511450
38.3300000000 13.0736042441 8.5780656376 0.4636058937 138.2943012255
40.0600000000 13.1963665763 8.8284686876 0.4694839593 140.0466938770
40.3625560328 13.2161822483 8.8716297620 0.4705113135 140.3529565373
41.4770024982 13.2829916678 9.0297558397 0.4742938385 141.4805463946
41.7900000000 13.3020890149 9.0742248786 0.4753562856 141.7972653350
42.3961435381 13.3352865672 9.1617960449 0.4774137652 142.4106084638
42.9714722706 13.3694505347 9.2444294743 0.4793669339 142.9928444077
43.5200000000 13.4025016509 9.3230805233 0.4812291505 143.5479729831
43.8842915994 13.4242557976 9.3754040294 0.4824659089 143.9166480873
44.8504340856 13.4828062784 9.5112786537 0.4857447658 144.8940537244
45.2500000000 13.5073314646 9.5670861871 0.4871006832 145.2982461100
45.7500000000 13.5392052892 9.6352027694 0.4887968897 145.8038753160
46.2500000000 13.5707414482 9.7034309477 0.4904930883 146.3094984016
46.5516487965 13.5899546108 9.7443673957 0.4915163453 146.6145198074
47.6699906048 13.6641076415 9.8933793112 0.4953094184 147.7451798974
47.9800000000 13.6850886059 9.9341162377 0.4963607219 148.0585594470
48.5180776509 13.7217453308 10.0016890001 0.4981841744 148.6021067685
49.2787318592 13.7743333342 10.1004203481 0.5007634513 149.3709425110
49.7100000000 13.8044070482 10.1562899194 0.5022258387 149.8068568666
50.2136002181 13.8399484254 10.2217985121 0.5039337198 150.3159472004
50.8151386607 13.8811250699 10.2989278284 0.5059729805 150.9238065932
51.4400000000 13.9241765559 10.3785784416 0.5080911754 151.5552013265
51.7418049558 13.9471116397 10.4173741516 0.5091149130 151.8603545479
52.8608082684 14.0334394708 10.5639996000 0.5129121864 152.9922205084
53.1700000000 14.0574038609 10.6042450956 0.5139613251 153.3049420130
53.7092077864 14.0992446549 10.6758893052 0.5157916019 153.8505013975
54.4739841682 14.1595230188 10.7818064520 0.5183897384 154.6249270174
54.9000000000 14.1933710932 10.8409856275 0.5198371754 155.0563671198
55.4300817148 14.2364933538 10.9175326826 0.5216398335 155.5936862050
55.9527667115 14.2768734206 10.9953871007 0.5234179420 156.1236782145
56.6300000000 14.3297235531 11.0958597486 0.5257217451 156.8103701020
56.9300185777 14.3504483170 11.1420817577 0.5267425537 157.1146368776
58.0306706088 14.4257767553 11.3171719202 0.5304902173 158.2316715389
58.3600000000 14.4484333484 11.3693417059 0.5316114807 158.5658785987
58.8022433931 14.4796064218 11.4376642342 0.5331164617 159.0144569897
59.7426392724 14.5372679694 11.5860610819 0.5363164309 159.9682343571
60.0900000000 14.5587800735 11.6408616348 0.5374984645 160.3205511305
61.8200000000 14.6670502655 11.9172789201 0.5433875665 162.0758986770
62.1419057984 14.6834536078 11.9683001548 0.5444824780 162.4022374397
63.1536876474 14.7359566306 12.1280263685 0.5479237318 163.4278943077
63.5500000000 14.7570663961 12.1905666418 0.5492717470 163.8296691392
64.0500000000 14.7828109941 12.2728937697 0.5509741244 164.3370603367
64.5500000000 14.8094647652 12.3546922675 0.5526763832 164.8444129843
64.9747895336 14.8333252617 12.4225299742 0.5541219287 165.2752501600
65.8875031514 14.8777165726 12.5696556943 0.5572274144 166.2008111040
66.2800000000 14.8971700612 12.6326536348 0.5585627924 166.5988104991
66.7541911620 14.9205360917 12.7057765681 0.5601745467 167.0791798315
67.4986604591 14.9531237394 12.8174270160 0.5627027591 167.8326800025
68.0100000000 14.9758266352 12.8938657719 0.5644391902 168.3502049418
68.3453923041 14.9906734561 12.9448032993 0.5655785336 168.6897703341
69.4187078520 15.0338550465 13.1063524906 0.5692233120 169.7760343996
69.7400000000 15.0470182027 13.1547562772 0.5703144165 170.1012208768
71.4700000000 15.1165873100 13.4083984162 0.5761858797 171.8511613006
71.7726607262 15.1327319331 13.4483884748 0.5772116969 172.1568810106
72.8999815044 15.1920716136 13.5943610235 0.5810311386 173.2951612801
73.2000000000 15.2080127417 13.6332306569 0.5820476597 173.5981088121
74.9300000000 15.2980126176 13.8608480653 0.5879104390 175.3454003155
75.2432163539 15.3089899496 13.9063787254 0.5889731368 175.6621010232
76.3379180102 15.3439130243 14.0626530160 0.5926855664 176.7684525036
76.6600000000 15.3543240413 14.1085370097 0.5937778052 177.0939551338
77.2430973426 15.3728512568 14.1911087412 0.5957549488 177.6831684157
77.8372323072 15.3916114927 14.2719197603 0.5977679962 178.2830674238
78.3900000000 15.4093450545 14.3472910436 0.5996410006 178.8412382001
78.7396970471 15.4192064237 14.3936001977 0.6008251764 179.1941285941
79.7561007306 15.4485039422 14.5295936788 0.6042677071 180.2200084643
80.1200000000 15.4591711036 14.5780987748 0.6055001616 180.5872839274
80.5745797291 15.4741957363 14.6371933852 0.6070392619 181.0459391820
81.4225156169 15.5050016295 14.7557280649 0.6099142338 181.9026742784
81.8500000000 15.5208423285 14.8152292217 0.6113635635 182.3345742217
82.3500000000 15.5405384857 14.8839025472 0.6130584836 182.8396576992
