X Y Z LocalTime TrackLength
-98.8200000000 -1.2861006498 3.5694376804 0.0000000000 0.0000000000
-82.3500000000 -1.2861006498 3.5694376804 0.0551905847 16.4700000000
-81.8500000000 -1.2861006498 3.5694376804 0.0568660730 16.9700039256
-81.4793443890 -1.2860847676 3.5679555485 0.0581081467 17.3406646595
-80.4902952909 -1.2854326855 3.5607814646 0.0614225522 18.3297401638
-80.1200000000 -1.2854715729 3.5580515722 0.0626634558 18.7000476796
-79.6519653190 -1.2854508295 3.5543904362 0.0642319057 19.1681001341
-78.8572559270 -1.2862212286 3.5504943114 0.0668950548 19.9628195604
-78.3900000000 -1.2865861536 3.5483727849 0.0684608737 20.4300838932
-78.0198444105 -1.2851793160 3.5463123491 0.0697013208 20.8002500559
-77.0291440605 -1.2833355355 3.5384887871 0.0730213539 21.7909831881
-76.6600000000 -1.2827947414 3.5354627843 0.0742584324 22.1601422031
-76.1953427477 -1.2888138021 3.5302350987 0.0758157756 22.6248712622
-75.3831900091 -1.3006698934 3.5217501419 0.0785378312 23.4371549947
-74.9300000000 -1.3071734932 3.5170377032 0.0800567637 23.8904194215
-74.5431873046 -1.3134350457 3.5114923931 0.0813533280 24.2773249098
-73.5996397722 -1.3329135740 3.4963712503 0.0845163735 25.2211948308
-73.2000000000 -1.3410773941 3.4899160847 0.0858560805 25.6209726373
-72.7868926159 -1.3483568684 3.4825387012 0.0872409063 26.0342127264
-71.8734035826 -1.3616875578 3.4721148178 0.0903026929 26.9478586661
-71.4700000000 -1.3674714857 3.4671596886 0.0916548114 27.3513367300
-71.0398253864 -1.3732656904 3.4618129271 0.0930966507 27.7815865361
-70.1762464569 -1.3804611383 3.4488865614 0.0959911137 28.6452923326
-69.7400000000 -1.3839310931 3.4425466733 0.0974532739 29.0816016920
-69.3540478261 -1.3879366839 3.4378999606 0.0987468544 29.4676050009
-68.3898437248 -1.3979341377 3.4241678104 0.1019786401 30.4319589001
-68.0100000000 -1.4016659804 3.4188419924 0.1032517775 30.8118605968
-67.5484071951 -1.4080851804 3.4130677318 0.1047989648 31.2735375551
-66.7583536363 -1.4244825111 3.4027450989 0.1074474447 32.0638288347
-66.2800000000 -1.4343720667 3.3966500167 0.1090510117 32.5423271771
-65.9242661486 -1.4428104213 3.3923837841 0.1102436002 32.8981887014
-64.8956139109 -1.4650970089 3.3792905432 0.1136920116 33.9271658989
-64.5500000000 -1.4722879981 3.3747815077 0.1148506183 34.2728859347
-64.0500000000 -1.4851244218 3.3702161714 0.1165268984 34.7730755340
-63.5500000000 -1.4974216060 3.3668272709 0.1182031119 35.2732422353
-63.1465545540 -1.5071965362 3.3633717442 0.1195556459 35.6768234957
-62.2191169555 -1.5325551816 3.3571529193 0.1226650610 36.6046287870
-61.8200000000 -1.5433427190 3.3540931173 0.1240031776 37.0039057949
-61.3907107415 -1.5564988564 3.3528040871 0.1254425739 37.4334015100
-60.5215802840 -1.5845751550 3.3500467619 0.1283569109 38.3029899376
-60.0900000000 -1.5981678943 3.3481981343 0.1298040410 38.7347911906
-59.6986981409 -1.6121623098 3.3454530342 0.1311163268 39.1263553170
-58.7472334952 -1.6496510846 3.3391026639 0.1343076369 40.0785797226
-58.3600000000 -1.6650725497 3.3360290281 0.1356064930 40.4661347933
-57.9149217038 -1.6818032353 3.3344910548 0.1370992119 40.9115333041
-57.0745205064 -1.7121533024 3.3351116119 0.1399176202 41.7524828208
-56.6300000000 -1.7280540483 3.3351007159 0.1414083673 42.1972908337
-56.2456936558 -1.7424055493 3.3344151550 0.1426972611 42.5818680666
-55.2824511666 -1.7764718390 3.3313904955 0.1459275906 43.5457178051
-54.9000000000 -1.7900813837 3.3298515558 0.1472101940 43.9284165165
-54.4489244084 -1.8043670983 3.3279332514 0.1487227486 44.3797256563
-53.6249945401 -1.8250865350 3.3237577681 0.1514850772 45.2039267547
-53.1700000000 -1.8364108484 3.3212665625 0.1530104985 45.6590723872
-52.7940374960 -1.8456341146 3.3204617067 0.1542709343 46.0351511740
-51.8165826799 -1.8718165248 3.3215308459 0.1575481116 47.0129574209
-51.4400000000 -1.8818468041 3.3216589356 0.1588107010 47.3896759928
-50.9786773167 -1.8990350584 3.3171904707 0.1603580043 47.8513438771
-50.1861516983 -1.9266066561 3.3025951351 0.1630162838 48.6444834970
-49.7100000000 -1.9429875887 3.2934929987 0.1646133867 49.1210075387
-49.3513776008 -1.9614968421 3.2881127001 0.1658170887 49.4801496888
-48.3314617629 -2.0178562942 3.2730917636 0.1692410615 50.5017321444
-47.9800000000 -2.0372399188 3.2680747127 0.1704209452 50.8537658057
-47.4559152711 -2.0645079406 3.2619428139 0.1721799919 51.3785997753
-46.7840386370 -2.0947957881 3.2545812559 0.1744343224 52.0511992366
-46.2500000000 -2.1185677835 3.2483584964 0.1762261393 52.5858076156
-45.7500000000 -2.1397111117 3.2483876438 0.1779034826 53.0862585777
-45.2500000000 -2.1615623036 3.2469350337 0.1795809427 53.5867420580
-44.9187667770 -2.1772487442 3.2446481920 0.1806924145 53.9183562084
-43.8354656463 -2.2312102666 3.2367496985 0.1843279448 55.0030294444
-43.5200000000 -2.2470242826 3.2346662065 0.1853866525 55.3188997319
-41.7900000000 -2.3385923797 3.2129669437 0.1911937397 57.0515068385
-41.4899603088 -2.3558030282 3.2093881242 0.1922011368 57.3520625423
-40.3626145838 -2.4167922065 3.1948505703 0.1959856237 58.4811506356
-40.0600000000 -2.4330919931 3.1909097472 0.1970014879 58.7842310268
-39.2509888982 -2.4752809650 3.1794329029 0.1997171102 59.5944336215
-39.0990193673 -2.4807121426 3.1770971703 0.2002268753 59.7465181341
-38.3300000000 -2.5079198869 3.1647266505 0.2028064627 60.5161279261
-38.0059130566 -2.5257117188 3.1581824941 0.2038946212 60.8407705954
-36.9462526549 -2.5863887938 3.1384899301 0.2074529326 61.9023496575
-36.6000000000 -2.6062047916 3.1318905924 0.2086156497 62.2492336725
-36.1302140076 -2.6337291638 3.1240792574 0.2101932529 62.7198938148
-35.2965813271 -2.6811096701 3.1056368315 0.2129927264 63.5550756470
-34.8700000000 -2.7055819169 3.0964560668 0.2144252818 63.9824600367
-34.4340754294 -2.7300857395 3.0863115477 0.2158891817 64.4191937864
-33.6163214857 -2.7725658636 3.0697195224 0.2186345568 65.2382187494
-33.1400000000 -2.7972642774 3.0595201676 0.2202337012 65.7152930020
-32.7938347903 -2.8138139245 3.0543881312 0.2213955077 66.0618936086
-31.7357129185 -2.8689934905 3.0366760651 0.2249476819 67.1216015078
-31.4100000000 -2.8860158793 3.0313553827 0.2260411190 67.4478041206
-30.6058923446 -2.9242091083 3.0161838029 0.2287400440 68.2529721691
-30.5325801086 -2.9273634758 3.0145177914 0.2289860828 68.3263711613
-29.6800000000 -2.9635781613 2.9944249458 0.2318473650 69.1799688599
-29.3763381490 -2.9732778661 2.9858069141 0.2328661993 69.4839093518
-28.2505623655 -3.0122976828 2.9583142925 0.2366433154 70.6106968339
-27.9500000000 -3.0227291717 2.9511300420 0.2376517297 70.9115274923
-27.4500000000 -3.0424406570 2.9377319769 0.2393296965 71.4120994575
-26.9500000000 -3.0611476640 2.9255805177 0.2410074355 71.9126010595
-26.6377488168 -3.0727047168 2.9204797219 0.2420550074 72.2251093297
-25.5384314686 -3.0932660779 2.8943642584 0.2457417871 73.3249293799
-25.2200000000 -3.0990843594 2.8866388526 0.2468097164 73.6435094019
-24.5989945774 -3.1090725563 2.8720994959 0.2488922799 74.2647718462
-24.0852673029 -3.1166298890 2.8589567173 0.2506151525 74.7787228722
-23.4900000000 -3.1251924644 2.8436700205 0.2526114809 75.3742540137
-23.1526725533 -3.1291208001 2.8355428846 0.2537426863 75.7117041518
-22.1091119645 -3.1410558962 2.8070991865 0.2572425521 76.7557208263
-21.7600000000 -3.1446642547 2.7975683346 0.2584133842 77.1049835896
-21.2727059617 -3.1476225185 2.7826942486 0.2600477435 77.5925176236
-20.4936219089 -3.1521822152 2.7601438456 0.2626606362 78.3719414883
-20.0300000000 -3.1543834184 2.7469472913 0.2642155028 78.8357600799
-19.6438870816 -3.1584527921 2.7376797821 0.2655103390 79.2220081974
-18.6992922086 -3.1698896226 2.7175918053 0.2686779254 80.1668860886
-18.3000000000 -3.1746852603 2.7094098974 0.2700168827 80.5662936456
-17.8865902380 -3.1771863586 2.7020456625 0.2714030440 80.9797794956
-16.9703309978 -3.1843920931 2.6839151807 0.2744754257 81.8962466256
-16.5700000000 -3.1873507243 2.6759821850 0.2758178052 82.2966699054
-16.1311358815 -3.1937942968 2.6665104981 0.2772895702 82.7356868310
-15.2911013426 -3.2085363709 2.6529055364 0.2801065479 83.5759610467
-14.8400000000 -3.2165107844 2.6455124412 0.2816192842 84.0271969473
-14.4670440734 -3.2234588006 2.6402006119 0.2828699526 84.4002578078
-13.4752496995 -3.2389593389 2.6260804188 0.2861956703 85.3922740303
-13.1100000000 -3.2444904192 2.6205811375 0.2874204449 85.7576093042
-12.6165892411 -3.2492338043 2.6118869881 0.2890749392 86.2511236615
-11.8888801902 -3.2583828588 2.5988615600 0.2915151790 86.9790069133
-11.3800000000 -3.2646795291 2.5894493555 0.2932216318 87.4880175712
-11.0358906399 -3.2688233715 2.5813559830 0.2943756737 87.8322490909
-9.9845801208 -3.2780973134 2.5571272123 0.2979013168 88.8838799325
-9.6500000000 -3.2806101545 2.5493763435 0.2990233470 89.2185611953
-9.1500000000 -3.2823509314 2.5372013622 0.3007001359 89.7187167735
-8.6500000000 -3.2834703546 2.5247765974 0.3023769480 90.2188767224
-8.1520643166 -3.2829784203 2.5108949885 0.3040469765 90.7170104242
-7.4139244368 -3.2864390579 2.4909054419 0.3065226105 91.4554291938
-6.9200000000 -3.2887293371 2.4775657756 0.3081791731 91.9495432921
-6.5600308886 -3.2908156164 2.4668257972 0.3093865770 92.3096808899
-5.5527627310 -3.2963102115 2.4385749163 0.3127649871 93.3173604060
-5.1900000000 -3.2982183954 2.4282079838 0.3139817244 93.6802785551
-4.7173154053 -3.3059122201 2.4165268096 0.3155671787 94.1531739631
-3.9071637442 -3.3321871507 2.4022477776 0.3182852227 94.9638775882
-3.4600000000 -3.3465707751 2.3939727592 0.3197854614 95.4113526318
-3.0616658330 -3.3560090270 2.3864647949 0.3211215753 95.8098721113
-2.1459022265 -3.3803355143 2.3680992666 0.3241935855 96.7261431097
-1.7300000000 -3.3908700116 2.3595221406 0.3255887397 97.1422701716
-1.3372380603 -3.4023126141 2.3527929572 0.3269063272 97.5352590867
-0.3764804009 -3.4286451052 2.3395724349 0.3301290514 98.4964687333
-0.0000000000 -3.4389015412 2.3341915636 0.3313919065 98.8731297477
0.4811308222 -3.4520714104 2.3352049817 0.3330056493 99.3544459274
1.2283506141 -3.4701676914 2.3397696392 0.3355117243 100.1018989106
1.7300000000 -3.4825839089 2.3424150622 0.3371942050 100.6037133393
2.0744902988 -3.4927395601 2.3439239292 0.3383497400 100.9483586998
3.1272816649 -3.5230238029 2.3481469281 0.3418810863 102.0015943215
3.4600000000 -3.5326830235 2.3492889228 0.3429971218 102.3344567527
4.0955226030 -3.5537994521 2.3447154752 0.3451291798 102.9703536701
4.5210815836 -3.5673839614 2.3423694454 0.3465567840 103.3961359601
5.1900000000 -3.5885309458 2.3384009448 0.3488007603 104.0654082563
5.5020145900 -3.5966029061 2.3308433771 0.3498475769 104.3776204545
6.6129003885 -3.6232130666 2.3039271348 0.3535744633 105.4891512336
6.9200000000 -3.6304568111 2.2961639657 0.3546047644 105.7964360197
8.6500000000 -3.6741704145 2.2514817805 0.3604091500 107.5276181995
9.1500000000 -3.6797617584 2.2436713598 0.3620859795 108.0277149200
9.6500000000 -3.6867967765 2.2348221975 0.3637629384 108.5278471721
10.3317923470 -3.6982478331 2.2219716605 0.3660497688 109.2098650721
10.7086280211 -3.7008159559 2.2182854458 0.3673134300 109.5867275586
11.3800000000 -3.7051278737 2.2117601815 0.3695647716 110.2581531747
11.7010421165 -3.7073531419 2.2097426075 0.3706413184 110.5792111926
12.7857485249 -3.7098274691 2.1987439840 0.3742787010 111.6639764250
13.1100000000 -3.7102766704 2.1955370090 0.3753660214 111.9882459589
13.7173590594 -3.7104025715 2.1903380910 0.3774026727 112.5956339143
14.2386791579 -3.7121467026 2.1871982106 0.3791508110 113.1169664416
14.8400000000 -3.7140771480 2.1833111336 0.3811672216 113.7183094645
15.1694859501 -3.7131649375 2.1823619908 0.3822720806 114.0478000055
16.2398751322 -3.7093476100 2.1804736477 0.3858614103 115.1181978870
16.5700000000 -3.7082204704 2.1800499760 0.3869684164 115.4483269216
17.1664904682 -3.7045644776 2.1846193331 0.3889687147 116.0448525351
17.6929758423 -3.6988350531 2.1901663553 0.3907343857 116.5713983695
18.3000000000 -3.6922209013 2.1969989802 0.3927701770 117.1785036923
18.6236658240 -3.6892274993 2.2006905135 0.3938556564 117.5022063109
19.7093162610 -3.6777138941 2.2110245629 0.3974965988 118.5879672342
20.0300000000 -3.6747004799 2.2140851042 0.3985720641 118.9086816045
20.7110504658 -3.6713016702 2.2217167808 0.4008560545 119.5897917501
21.0661631580 -3.6698962045 2.2259497872 0.4020469843 119.9449324824
21.7600000000 -3.6672969439 2.2342901898 0.4043738843 120.6388330952
22.0739850402 -3.6658224576 2.2375699635 0.4054268796 120.9528405255
23.1778275298 -3.6585995677 2.2458521439 0.4091287315 122.0567379689
23.4900000000 -3.6563947782 2.2477513829 0.4101756303 122.3689257820
25.2200000000 -3.6409872181 2.2651426620 0.4159776347 124.0991365710
25.5278927722 -3.6375885308 2.2683908255 0.4170102795 124.4070669720
26.6442002068 -3.6229543556 2.2817526862 0.4207544419 125.5235505699
26.9500000000 -3.6189448634 2.2856568028 0.4217801249 125.8294032834
27.4500000000 -3.6174800283 2.2894361929 0.4234569545 126.3294243063
27.9500000000 -3.6184276329 2.2935757912 0.4251337981 126.8294469383
28.2576101146 -3.6200796794 2.2969909092 0.4261654734 127.1370821879
29.3731154767 -3.6245675559 2.3058030563 0.4299065761 128.2526316418
29.6800000000 -3.6257022089 2.3080374668 0.4309357794 128.5595281324
31.4100000000 -3.6297416150 2.3197178472 0.4367376851 130.2896275394
31.7159080627 -3.6310064075 2.3173235112 0.4377636438 130.5955493189
32.8350492921 -3.6378689711 2.3111908854 0.4415170261 131.7147286509
33.1400000000 -3.6397348125 2.3094356691 0.4425397756 132.0196918411
34.8700000000 -3.6510688963 2.2958051742 0.4483420000 133.7498382190
35.1731684920 -3.6527475389 2.2941696648 0.4493588014 134.0530174837
36.2969103645 -3.6534937098 2.2888289169 0.4531276817 135.1767725540
36.6000000000 -3.6539567834 2.2873686083 0.4541442084 135.4798677764
38.3300000000 -3.6638724611 2.2822421360 0.4599464886 137.2099597722
38.6318574283 -3.6667239801 2.2810546817 0.4609589546 137.5118347158
39.7587941031 -3.6756054298 2.2719573313 0.4647388955 138.6388433801
40.0600000000 -3.6776891330 2.2694465999 0.4657491916 138.9400686551
41.7900000000 -3.6890723252 2.2617259063 0.4715517695 140.6701797416
42.0904389182 -3.6902337729 2.2595354610 0.4725594917 140.9706305952
43.2195213811 -3.6892489716 2.2569037876 0.4763465150 142.0997168171
43.5200000000 -3.6890363779 2.2563810691 0.4773543431 142.4001976734
45.2500000000 -3.6806681009 2.2543204943 0.4831569744 144.1302758440
45.7500000000 -3.6766487143 2.2543525557 0.4848341042 144.6302967504
46.2500000000 -3.6769792326 2.2553037135 0.4865111940 145.1303025199
47.9800000000 -3.6819729721 2.2549269057 0.4923139637 146.8603668070
48.2898672852 -3.6804399427 2.2573683258 0.4933533874 147.1702493381
49.4012676834 -3.6746735976 2.2635491821 0.4970814470 148.2816821453
49.7100000000 -3.6731447049 2.2655110873 0.4981170582 148.5904263056
51.4400000000 -3.6659286962 2.2728854129 0.5039201035 150.3205144669
51.7465227817 -3.6585822988 2.2768951135 0.5049486771 150.6271532964
52.8650517671 -3.6390297745 2.2878875470 0.5087014128 151.7459074770
53.1700000000 -3.6332261088 2.2906770836 0.5097245577 152.0509254790
54.9000000000 -3.6127276927 2.3080007177 0.5155283810 153.7811913819
55.2021671873 -3.6099950583 2.3130608964 0.5165421787 154.0834150568
56.3292994263 -3.5989832407 2.3343724784 0.5203239932 155.2108028563
56.6300000000 -3.5962278376 2.3401739927 0.5213329237 155.5115737634
58.3600000000 -3.5855425277 2.3824403273 0.5271380735 157.2421810802
58.6604633119 -3.5826101467 2.3853763580 0.5281461009 157.5426748017
59.7888282210 -3.5778850210 2.3988694536 0.5319316190 158.6711305647
60.0900000000 -3.5768068583 2.4022163076 0.5329420009 158.9723246357
61.8200000000 -3.5728316903 2.4206027915 0.5387458308 160.7024852892
62.1231445094 -3.5733931534 2.4220265293 0.5397627998 161.0056354593
63.2472475360 -3.5691991321 2.4182019591 0.5435338787 162.1297530876
63.5500000000 -3.5681937269 2.4172330706 0.5445495359 162.4325105658
64.0500000000 -3.5664225212 2.4160002557 0.5462269122 162.9325201211
64.5500000000 -3.5648279045 2.4132664636 0.5479043180 163.4325350420
64.8703514667 -3.5622236706 2.4117164977 0.5489790725 163.7529028595
65.9564776373 -3.5511712416 2.4156586414 0.5526230058 164.8390926823
66.2800000000 -3.5478901436 2.4168610673 0.5537084194 165.1626359756
66.9058523796 -3.5493919961 2.4112205928 0.5558081252 165.7885232852
67.3743919670 -3.5538374144 2.4089290458 0.5573800871 166.2570896169
68.0100000000 -3.5601263968 2.4061496726 0.5595125847 166.8927428125
68.3298461491 -3.5640672583 2.4065605102 0.5605857124 167.2126155238
69.4248542293 -3.5825564487 2.4100352079 0.5642598916 168.3077854911
69.7400000000 -3.5880585273 2.4109832407 0.5653173404 168.6229826789
71.4700000000 -3.6221364527 2.4224086172 0.5711225927 170.3534153338
71.7762935582 -3.6284041508 2.4168477608 0.5721505875 170.6598253438
72.8970964089 -3.6552931204 2.4012998826 0.5759123265 171.7810588578
73.2000000000 -3.6623952607 2.3972321709 0.5769289415 172.0840748297
74.9300000000 -3.7136048659 2.3725078703 0.5827362676 173.8150688945
75.2300367744 -3.7189462182 2.3672553575 0.5837432352 174.1152009752
76.3594125363 -3.7382582774 2.3498435163 0.5875334243 175.2448763738
76.6600000000 -3.7430578132 2.3452912043 0.5885421764 175.5455384270
78.3900000000 -3.7679708567 2.3176449811 0.5943479069 177.2759986945
78.6929456664 -3.7701187996 2.3094897441 0.5953647466 177.5790635680
79.8157890491 -3.7813523231 2.2786519102 0.5991337417 178.7023868825
80.1200000000 -3.7841113319 2.2703985078 0.6001548556 179.0067241425
81.8500000000 -3.8034780504 2.2406964888 0.6059606369 180.7371478251
82.3500000000 -3.8134171837 2.2283181547 0.6076391350 181.2374048281
