X Y Z LocalTime TrackLength
-98.8200000000 3.4748132314 3.0785875431 0.0000000000 0.0000000000
-82.3500000000 3.4748132314 3.0785875431 0.0551905847 16.4700000000
-81.8500000000 3.4748132314 3.0785875431 0.0568660730 16.9700039256
-81.3416369455 3.4757180840 3.0795613054 0.0585696025 17.4783727820
-80.6316045658 3.4783363269 3.0824035112 0.0609489679 18.1884157660
-80.1200000000 3.4803237693 3.0845658434 0.0626633932 18.7000328836
-79.7710477101 3.4824570455 3.0847195456 0.0638327691 19.0489936483
-78.7358762324 3.4894853953 3.0799326797 0.0673017991 20.0842002440
-78.3900000000 3.4918727990 3.0785616892 0.0684608864 20.4300893212
-77.8544683667 3.4964941126 3.0778683036 0.0702555568 20.9656458733
-77.2019577348 3.5010393132 3.0741345631 0.0724422698 21.6181830962
-76.6600000000 3.5049557989 3.0710122429 0.0742585003 22.1601686255
-76.3214560668 3.5073926873 3.0687731881 0.0753930537 22.4987305491
-75.2651241195 3.5163965803 3.0592516138 0.0789332252 23.5551439891
-74.9300000000 3.5193907031 3.0562998172 0.0800563577 23.8902962641
-74.3552212443 3.5222645092 3.0518035188 0.0819826042 24.4651050342
-73.7783843286 3.5244049773 3.0488134056 0.0839157132 25.0419537309
-73.2000000000 3.5266814793 3.0460985835 0.0858540063 25.6203542271
-72.8690601289 3.5280961532 3.0468322438 0.0869630593 25.9512996781
-71.7992204520 3.5331531963 3.0510978531 0.0905483688 27.0211600131
-71.4700000000 3.5344381938 3.0523523238 0.0916516690 27.3503870899
-70.8663185688 3.5384367282 3.0577061174 0.0936748560 27.9541113144
-70.3373281829 3.5350708978 3.0648020613 0.0954478198 28.4831600589
-69.7400000000 3.5307952897 3.0726292302 0.0974498283 29.0805605217
-69.4089230993 3.5276997727 3.0755594947 0.0985594413 29.4116666123
-68.3447175171 3.5174987480 3.0906166124 0.1021263923 30.4760278238
-68.0100000000 3.5138727836 3.0952808440 0.1032482941 30.8107992677
-67.4575337009 3.5081885231 3.1050920945 0.1051001540 31.3633868078
-66.8218673643 3.5009763206 3.1169812763 0.1072309726 31.9992053282
-66.2800000000 3.4946948534 3.1270097135 0.1090473677 32.5412065975
-65.9337808844 3.4886889324 3.1339578329 0.1102080682 32.8875494311
-64.9021944598 3.4753176272 3.1558052265 0.1136663409 33.9194540660
-64.5500000000 3.4704426624 3.1630205545 0.1148470312 34.2717581560
-64.0500000000 3.4621910457 3.1734820202 0.1165233095 34.7719396865
-63.5500000000 3.4529108545 3.1830282690 0.1181995956 35.2721209430
-63.2291890574 3.4467496430 3.1894317931 0.1192751728 35.5930565965
-62.1470854789 3.4267362805 3.2103379819 0.1229030417 36.6755474194
-61.8200000000 3.4207184197 3.2166284844 0.1239996291 37.0027504570
-61.2441062139 3.4110657041 3.2270696784 0.1259302821 37.5788251303
-60.6528974615 3.4021453195 3.2350494201 0.1279120894 38.1701551073
-60.0900000000 3.3934482223 3.2423271411 0.1297989914 38.7331719235
-59.7498981653 3.3877820590 3.2465619909 0.1309390757 39.0733491908
-58.7068474820 3.3778986550 3.2627619987 0.1344354100 40.1165727175
-58.3600000000 3.3745181646 3.2681206333 0.1355980553 40.4634800147
-57.8525078870 3.3681982755 3.2749921592 0.1372991958 40.9710621747
-57.1226878381 3.3590667358 3.2875192309 0.1397457439 41.7010469722
-56.6300000000 3.3527303182 3.2958291296 0.1413973628 42.1938495711
-56.2643641967 3.3473504696 3.3018111785 0.1426230971 42.5595760543
-55.2772905740 3.3375620886 3.3227446595 0.1459322161 43.5469203780
-54.9000000000 3.3338382137 3.3304874167 0.1471970502 43.9243110858
-54.4592821344 3.3291160337 3.3393918784 0.1486745278 44.3651473587
-53.5909431667 3.3281924953 3.3631598666 0.1515859234 45.2338122456
-53.1700000000 3.3275219714 3.3746206026 0.1529972724 45.6549148301
-52.7472713956 3.3275214902 3.3890977995 0.1544149166 46.0778941868
-51.8858256870 3.3234121141 3.4163375580 0.1573036181 46.9397804839
-51.4400000000 3.3210978477 3.4302989845 0.1587986036 47.3858339837
-51.0700529585 3.3202647221 3.4401994890 0.1600389729 47.7559166602
-50.0690651048 3.3044713990 3.4609947679 0.1633950557 48.7572453067
-49.7100000000 3.2987225779 3.4681255158 0.1645989028 49.1164293332
-49.1927922895 3.2904024600 3.4827701689 0.1663333194 49.6339156153
-48.5282967973 3.2776747135 3.5053932372 0.1685621844 50.2989181010
-47.9800000000 3.2668719560 3.5240491583 0.1704013127 50.8476434867
-47.6520116764 3.2608375024 3.5368769393 0.1715016525 51.1759398027
-46.5665681550 3.2360416970 3.5766783841 0.1751431208 52.2623960068
-46.2500000000 3.2288312941 3.5883714697 0.1762051606 52.5792637436
-45.7500000000 3.2171869271 3.6094636523 0.1778829598 53.0798480068
-45.2500000000 3.2057478240 3.6298074061 0.1795606474 53.5803965635
-44.9264781477 3.1988270453 3.6421252464 0.1806460422 53.9042285206
-43.8368674196 3.1745243568 3.6795297991 0.1843012044 54.9947521221
-43.5200000000 3.1675729983 3.6904710524 0.1853641555 55.3118862390
-41.7900000000 3.1250699397 3.7462429137 0.1911674722 57.0433563410
-41.4843693942 3.1170668327 3.7572664567 0.1921933262 57.3492920645
-40.3619061147 3.0838710723 3.7971572932 0.1959611867 58.4729546501
-40.0600000000 3.0748349042 3.8080334584 0.1969746487 58.7751933652
-38.3300000000 3.0192254046 3.8755256221 0.2027831137 60.5074563939
-38.0286294968 2.9981707444 3.8787494841 0.2037962101 60.8095803281
-36.9132263437 2.9159646873 3.8875103012 0.2075467270 61.9280432608
-36.6000000000 2.8928826857 3.8899867893 0.2085999451 62.2421304756
-36.0228755072 2.8486611794 3.8922808298 0.2105409027 62.8209573232
-35.3814144683 2.8031838683 3.8991393101 0.2126974471 63.4640652947
-34.8700000000 2.7667325950 3.9040618135 0.2144168131 63.9768055614
-34.4851418445 2.7396933359 3.9077107119 0.2157106112 64.3626323681
-33.5678863862 2.6795102116 3.9198110078 0.2187933709 65.2819398836
-33.1400000000 2.6515839710 3.9256971886 0.2202314272 65.7107803632
-32.7738164839 2.6278433916 3.9303133877 0.2214620625 66.0777641444
-31.7475100326 2.5649335306 3.9410052190 0.2249103387 67.1060526879
-31.4100000000 2.5443583532 3.9446711958 0.2260443197 67.4442112487
-30.7543496189 2.5127164855 3.9481860031 0.2282455895 68.1006419881
-30.3841302557 2.4958858150 3.9485596624 0.2294883878 68.4712440190
-29.6800000000 2.4638191608 3.9485262980 0.2318521087 69.1761131562
-29.3734232087 2.4484565008 3.9514801199 0.2328815490 69.4830905593
-28.2510258334 2.3965314475 3.9634792330 0.2366497524 70.6067527073
-27.9500000000 2.3826595904 3.9667353723 0.2376603755 70.9081172500
-27.4500000000 2.3585012502 3.9710166084 0.2393391532 71.4087234426
-26.9500000000 2.3342076393 3.9747531062 0.2410179479 71.9093318242
-26.4727482266 2.3147403919 3.9765543676 0.2426197834 72.3869880633
-25.6959222607 2.2838581741 3.9778129087 0.2452269935 73.1644289067
-25.2200000000 2.2652607390 3.9779051273 0.2468242573 73.6407185783
-24.8537744126 2.2517871094 3.9779224658 0.2480532632 74.0071944093
-23.8568215965 2.2163430848 3.9790394497 0.2513987837 75.0047780427
-23.4900000000 2.2033277119 3.9791726069 0.2526297419 75.3718329807
-23.0185790020 2.1854846788 3.9821352640 0.2542118832 75.8436049481
-22.2270875817 2.1590397018 3.9863881610 0.2568677967 76.6355496697
-21.7600000000 2.1434628834 3.9887594169 0.2584351432 77.1029069699
-21.3859000828 2.1317166158 3.9922179091 0.2596904268 77.4772098231
-20.4071747182 2.1006724997 3.9975464777 0.2629744724 78.4564422041
-20.0300000000 2.0887497167 3.9989883372 0.2642400440 78.8338107134
-19.5757111817 2.0757633454 3.9995034469 0.2657642203 79.2882892313
-18.7579887746 2.0482285910 3.9956239196 0.2685082220 80.1064845205
-18.3000000000 2.0327858098 3.9933848803 0.2700450836 80.5647429453
-17.9281080130 2.0205340601 3.9883069750 0.2712931082 80.9368739115
-16.9369899600 1.9912774113 3.9793538928 0.2746186629 81.9284643986
-16.5700000000 1.9803074057 3.9756526313 0.2758500731 82.2956394423
-16.0845177685 1.9651484054 3.9689414457 0.2774792229 82.7814090389
-15.3348276276 1.9398069068 3.9606541090 0.2799951239 83.5315733534
-14.8400000000 1.9232304748 3.9545091375 0.2816557377 84.0267212572
-14.4873606092 1.9114732754 3.9506419874 0.2828391556 84.3795801049
-13.4581104649 1.8745811548 3.9406451479 0.2862934682 85.4095400915
-13.1100000000 1.8629456166 3.9381049286 0.2874616573 85.7578564893
-12.5833280155 1.8447305090 3.9349967913 0.2892291227 86.2848577241
-11.9134130510 1.8257298676 3.9300340502 0.2914768985 86.9550606158
-11.3800000000 1.8107481492 3.9258541445 0.2932666610 87.4887057188
-11.0394210179 1.8031529441 3.9227560248 0.2944092600 87.8293856425
-9.9875979176 1.7818922470 3.9151623880 0.2979377939 88.8814512754
-9.6500000000 1.7750678747 3.9127761340 0.2990703290 89.2191287320
-9.1500000000 1.7656614824 3.9103027104 0.3007476126 89.7192280163
-8.6500000000 1.7516699108 3.9064142819 0.3024252983 90.2194435603
-8.3474610208 1.7410032721 3.9029609761 0.3034407041 90.5221919400
-7.2201316164 1.6996946388 3.8846552152 0.3072247920 91.6504267017
-6.9200000000 1.6888108679 3.8797142229 0.3082322310 91.9507979367
-5.1900000000 1.6300984454 3.8565769109 0.3140385245 93.6820051197
-4.8859918628 1.6203201675 3.8496297717 0.3150590047 93.9862515580
-3.7688778572 1.5877344632 3.8272025726 0.3188083353 95.1040661278
-3.4600000000 1.5790142810 3.8208923184 0.3198449926 95.4131332968
-2.7353768569 1.5597835993 3.8035311544 0.3222770620 96.1382294584
-2.4316041708 1.5533574701 3.7976731686 0.3232963959 96.4421266175
-1.7300000000 1.5387748343 3.7836541689 0.3256507011 97.1440317281
-1.4083484522 1.5325888657 3.7758819822 0.3267301100 97.4658386014
-0.3266946579 1.5158831050 3.7480123873 0.3303598826 98.5479806780
-0.0000000000 1.5112263117 3.7394649512 0.3314561860 98.8748223498
0.5832143241 1.5022160737 3.7235415537 0.3334134063 99.4583300936
1.1612572410 1.4935994151 3.7095216361 0.3353531179 100.0366073244
1.7300000000 1.4852171251 3.6954032165 0.3372616457 100.6055932436
2.0689584167 1.4813319797 3.6880834586 0.3383989679 100.9446551528
3.1158213789 1.4684792446 3.6573608807 0.3419122976 101.9920480315
3.4600000000 1.4642726064 3.6472753786 0.3430673794 102.3364023642
3.9779188041 1.4583246780 3.6319158165 0.3448055532 102.8545881764
4.6806057545 1.4515552896 3.6103940161 0.3471638615 103.5576374025
5.1900000000 1.4468656418 3.5943525767 0.3488734958 104.0673107491
5.5465013650 1.4412193914 3.5822833571 0.3500701887 104.4240634948
6.5560634754 1.4264245442 3.5564093466 0.3534581808 105.4340657839
6.9200000000 1.4215100575 3.5470497038 0.3546795017 105.7981583727
7.3879973483 1.4145123065 3.5358297038 0.3562500072 106.2663467340
8.1921848183 1.4041957029 3.5096640067 0.3589492868 107.0710261402
8.6500000000 1.3985540781 3.4945016247 0.3604859788 107.5291311359
9.1500000000 1.3938871175 3.4800066490 0.3621640158 108.0293678183
9.6500000000 1.3871010564 3.4644190864 0.3638422573 108.5296616169
10.1260859116 1.3809721751 3.4473424476 0.3654404820 109.0060975268
10.9349028801 1.3756733329 3.4155298550 0.3681558919 109.8155575000
11.3800000000 1.3731692429 3.3976195615 0.3696502464 110.2610257237
11.7881757255 1.3688412097 3.3800295769 0.3710208665 110.6696064642
12.6725031393 1.3606332047 3.3430868629 0.3739901723 111.5547435735
13.1100000000 1.3568492485 3.3248989169 0.3754591366 111.9926384233
13.4801940844 1.3556550831 3.3102491629 0.3767019864 112.3631268677
14.4943357145 1.3476455582 3.2600205959 0.3801083907 113.3785434091
14.8400000000 1.3450732627 3.2428338558 0.3812694529 113.7246466055
15.4400484333 1.3411040259 3.2134752839 0.3832848921 114.3254330065
15.9206196224 1.3364739402 3.1902613779 0.3848990346 114.8065869874
16.5700000000 1.3304298704 3.1588968598 0.3870801678 115.4567607514
16.8801292535 1.3271888678 3.1440056558 0.3881218314 115.7672661174
17.9974922203 1.3161937601 3.0906742618 0.3918747737 116.8859554072
18.3000000000 1.3131670977 3.0762631140 0.3928908209 117.1888231859
20.0300000000 1.2884463702 2.9705103635 0.3987060281 118.9222878840
20.3370075270 1.2855571517 2.9487903606 0.3997386179 119.2300782050
21.4337636431 1.2753998098 2.8673273323 0.4034283963 120.3299027119
21.7600000000 1.2723145052 2.8430897548 0.4045259480 120.6570548585
22.2744503449 1.2662632832 2.8056026284 0.4062565759 121.1729099729
23.0358610035 1.2589000715 2.7503378988 0.4088179072 121.9363592446
23.4900000000 1.2544700667 2.7173587634 0.4103456059 122.3917197912
23.9142186836 1.2504168572 2.6840359550 0.4117732966 122.8172681381
24.7384054897 1.2578722475 2.6224997223 0.4145462437 123.6437827636
25.2200000000 1.2625075533 2.5864416807 0.4161665894 124.1267521490
25.5564753550 1.2661682161 2.5622165483 0.4172984636 124.4641205746
26.6367602559 1.2752996295 2.4840961348 0.4209324905 125.5472651632
26.9500000000 1.2781191514 2.4614840389 0.4219862117 125.8613346356
27.4500000000 1.2797456493 2.4246160377 0.4236683206 126.3626997101
27.9500000000 1.2788317635 2.3893789712 0.4253500387 126.8639456871
28.4286020329 1.2752845090 2.3541182060 0.4269602066 127.3438625992
29.1933713969 1.2679048547 2.2972033908 0.4295333391 128.1107825004
29.6800000000 1.2627560444 2.2611077996 0.4311706313 128.5987799039
30.0364602404 1.2586956801 2.2356237051 0.4323697502 128.9561755735
31.0604632717 1.2438495526 2.1606146772 0.4358150478 129.9830297222
31.4100000000 1.2386290837 2.1350503655 0.4369910779 130.3335414139
31.9453801108 1.2286146890 2.0970050445 0.4387922409 130.8703708376
32.5823741451 1.2134260238 2.0519728315 0.4409354544 131.5091355901
33.1400000000 1.2008818058 2.0123815488 0.4428116118 132.0683121949
33.4692487975 1.1919314604 1.9891655223 0.4439194822 132.3985020169
34.5475746972 1.1700998031 1.9175835343 0.4475463232 133.4794219508
34.8700000000 1.1632823825 1.8964302154 0.4486307350 133.8026144390
35.5705621572 1.1469584236 1.8520065781 0.4509867234 134.5047834360
35.8679181588 1.1383572471 1.8315882849 0.4519872418 134.8029638441
36.6000000000 1.1179577906 1.7810953762 0.4544504670 135.5370793580
36.9085033763 1.1101550447 1.7590510471 0.4554886051 135.8464696889
38.0258093618 1.0811866779 1.6874698962 0.4592466346 136.9664412575
38.3300000000 1.0734224943 1.6679812254 0.4602697648 137.2713563164
40.0600000000 1.0235858494 1.5658382745 0.4660872786 139.0051468913
40.3600011153 1.0136226145 1.5481016252 0.4670962659 139.3058388259
41.4886972334 0.9741538267 1.4798788637 0.4708929428 140.4372837885
41.7900000000 0.9635253856 1.4615612423 0.4719065035 140.7393317838
43.5200000000 0.9010822743 1.3540936845 0.4777267712 142.4738528991
43.8328812861 0.8925419834 1.3280865850 0.4787807424 142.7879313785
44.9294954671 0.8616700087 1.2375098632 0.4824747364 143.8887131396
45.2500000000 0.8525236906 1.2110977333 0.4835543673 144.2104363048
45.7500000000 0.8367317893 1.1715457339 0.4852383482 144.7122520013
46.2500000000 0.8230719980 1.1325543736 0.4869219801 145.2139612448
47.9800000000 0.7603643647 1.0045087289 0.4927472834 146.9498891130
48.2807323975 0.7511083811 0.9837411268 0.4937594025 147.2514816999
49.4002411652 0.7172381887 0.9079426070 0.4975267347 148.3740649387
49.7100000000 0.7080081183 0.8870617844 0.4985690925 148.6846659574
50.3198874531 0.6947191912 0.8416255681 0.5006220139 149.2963957431
50.8972281845 0.6832586551 0.8016055883 0.5025646004 149.8752356044
51.4400000000 0.6732923499 0.7638357716 0.5043908559 150.4194174528
51.8106014984 0.6645211531 0.7390130320 0.5056377384 150.7909557761
52.7577226593 0.6415084382 0.6744656914 0.5088246271 151.7405529685
53.1700000000 0.6313345191 0.6462643021 0.5102119039 152.1539225377
53.5442754361 0.6205100065 0.6175257174 0.5114722181 152.5294586971
54.5632538597 0.5927835276 0.5379316834 0.5149036726 153.5519172461
54.9000000000 0.5838992756 0.5121403006 0.5160375247 153.8897688604
56.6300000000 0.5437768485 0.3788907411 0.5218623401 155.6254201970
56.9303223723 0.5354900664 0.3565834170 0.5228734478 155.9266858184
58.0564443968 0.5035545069 0.2742134355 0.5266645918 157.0562681177
58.3600000000 0.4949446338 0.2518683436 0.5276865635 157.3607687518
59.0564491176 0.4789327384 0.2017732147 0.5300306833 158.0592111174
59.4761108386 0.4688484602 0.1686307605 0.5314439809 158.4803004869
60.0900000000 0.4554637412 0.1197722600 0.5335113764 159.0962843714
60.4455930894 0.4465351972 0.0931036018 0.5347085920 159.4529905762
61.4226748313 0.4214458431 0.0204743668 0.5379981456 160.4330893709
61.8200000000 0.4112938728 -0.0089868887 0.5393358053 160.8316380119
62.2056734807 0.4011817484 -0.0383828192 0.5406344673 161.2185655036
63.2034524150 0.3741929876 -0.1129290906 0.5439939577 162.2194894803
63.5500000000 0.3646311122 -0.1389322937 0.5451608201 162.5671453762
64.0500000000 0.3477418824 -0.1720847722 0.5468436653 163.0685331738
64.5500000000 0.3238868214 -0.2004396290 0.5485264873 163.5699097384
64.8506573514 0.3102534402 -0.2161218569 0.5495380402 163.8712862779
65.9745418466 0.2591551092 -0.2736036460 0.5533191578 164.9977995802
66.2800000000 0.2451416433 -0.2890853875 0.5543468175 165.3039726973
67.0148446790 0.2123041400 -0.3300031001 0.5568196040 166.0406995369
67.3221889112 0.1989970547 -0.3456478079 0.5578535188 166.3487293875
68.0100000000 0.1699551789 -0.3813500906 0.5601673487 167.0380887080
68.3391421194 0.1583873767 -0.4006793965 0.5612747218 167.3680031197
69.3970187164 0.1213485259 -0.4608960381 0.5648334948 168.4282395905
69.7400000000 0.1093084720 -0.4802087576 0.5659872745 168.7719776557
70.2378512687 0.0919494255 -0.5096311356 0.5676622947 169.2710049726
70.9982591344 0.0681750586 -0.5540713902 0.5702203123 170.0330814037
71.4700000000 0.0533008690 -0.5817049618 0.5718072801 170.5058698036
71.8522146751 0.0439981600 -0.6011351653 0.5730922846 170.8886942540
72.8040390202 0.0224961944 -0.6511447615 0.5762924786 171.8420741820
73.2000000000 0.0140704101 -0.6728534329 0.5776238931 172.2387227192
73.6157351166 0.0051164978 -0.6949721993 0.5790217261 172.6551458740
74.5333594710 -0.0214866998 -0.7464117671 0.5821081454 173.5745960265
74.9300000000 -0.0328544493 -0.7686079786 0.5834422255 173.9720231828
75.3845918043 -0.0508170263 -0.7935470973 0.5849717121 174.4276573088
76.1717281190 -0.0835711631 -0.8372111235 0.5876203856 175.2166840472
76.6600000000 -0.1045755522 -0.8641154389 0.5892634620 175.7061527275
77.0029185641 -0.1215000596 -0.8831801120 0.5904177877 176.0500201803
78.0652804264 -0.1722061378 -0.9345838299 0.5939922944 177.1148331919
78.3900000000 -0.1879502909 -0.9502609744 0.5950849080 177.4403143220
80.1200000000 -0.2756073288 -1.0277019241 0.6009056995 179.1743298320
80.4221786366 -0.2879307266 -1.0391700890 0.6019217048 179.4769790288
81.5499987788 -0.3363252822 -1.0909295901 0.6057153481 180.6070232950
81.8500000000 -0.3493139641 -1.1047069959 0.6067244813 180.9076234538
82.3500000000 -0.3727344961 -1.1283894456 0.6084067501 181.4087371541
