X Y Z LocalTime TrackLength
-98.8200000000 2.6760376996 3.1531091245 0.0000000000 0.0000000000
-82.3500000000 2.6760376996 3.1531091245 0.0551905847 16.4700000000
-81.8500000000 2.6760376996 3.1531091245 0.0568660730 16.9700039256
-81.4216564351 2.6789527120 3.1532738220 0.0583014824 17.3983603251
-80.5407625934 2.6883895210 3.1542897603 0.0612535324 18.2793054418
-80.1200000000 2.6928628364 3.1547889484 0.0626635919 18.7000948956
-79.7106364021 2.6965964966 3.1544658001 0.0640354359 19.1094782868
-78.8043424051 2.7032825292 3.1533469721 0.0670725422 20.0157977826
-78.3900000000 2.7060497683 3.1529653699 0.0684610508 20.4301523108
-77.9848014251 2.7091592479 3.1553400692 0.0698189540 20.8353723652
-77.0622528808 2.7133239619 3.1607247166 0.0729105521 21.7579461754
-76.6600000000 2.7149357604 3.1633268270 0.0742585654 22.1602132566
-76.2357426477 2.7160122607 3.1690412694 0.0756804186 22.5845133034
-75.3571169764 2.7195482567 3.1783653638 0.0786249640 23.4631957073
-74.9300000000 2.7210748822 3.1826704046 0.0800563557 23.8903399945
-74.5333792102 2.7215159569 3.1853552968 0.0813855061 24.2869726086
-73.5964203878 2.7218132137 3.1890190438 0.0845253911 25.2239387940
-73.2000000000 2.7220443086 3.1905845837 0.0858538903 25.6203648462
-72.7709421924 2.7219153654 3.1919159006 0.0872917673 26.0494276768
-71.8956047676 2.7176856272 3.1939626161 0.0902252787 26.9247778494
-71.4700000000 2.7159518241 3.1952268386 0.0916516038 27.3503909213
-71.0682432456 2.7140333163 3.1957077688 0.0929980125 27.7521551266
-70.1441706765 2.7106034803 3.1993286724 0.0960948797 28.6762413062
-69.7400000000 2.7088751311 3.2007882314 0.0974493901 29.0804209300
-69.3220000397 2.7080661508 3.2001732892 0.0988502338 29.4984249259
-68.4259446832 2.7053911233 3.2026780151 0.1018532158 30.3944879175
-68.0100000000 2.7043619410 3.2037183785 0.1032471844 30.8104379515
-67.5985010918 2.7005107424 3.2057015944 0.1046263286 31.2219623806
-66.6963097862 2.6941312593 3.2098601637 0.1076499887 32.1241859739
-66.2800000000 2.6914484656 3.2116805498 0.1090452295 32.5405111722
-65.8748911770 2.6907150290 3.2137378516 0.1104029144 32.9456285249
-64.9555623553 2.6913495866 3.2199112870 0.1134839959 33.8649784456
-64.5500000000 2.6918982368 3.2226201331 0.1148432187 34.2705528689
-64.0500000000 2.6923059353 3.2264939041 0.1165189721 34.7705720779
-63.5500000000 2.6896476568 3.2301875562 0.1181947516 35.2705968281
-63.2153295198 2.6869665978 3.2323732931 0.1193164373 35.6052869961
-62.1556435489 2.6740185082 3.2350012600 0.1228681905 36.6650555426
-61.8200000000 2.6697856534 3.2358285935 0.1239931753 37.0007286249
-61.2635415655 2.6623855262 3.2391849861 0.1258583209 37.5572514025
-60.6377150169 2.6539602275 3.2450010808 0.1279560420 38.1831617717
-60.0900000000 2.6466219892 3.2498188096 0.1297919312 38.7309519986
-59.7475526209 2.6444905410 3.2523575304 0.1309396952 39.0734173253
-58.7049064033 2.6359080221 3.2582434047 0.1344343020 40.1161156812
-58.3600000000 2.6331905007 3.2599008453 0.1355903102 40.4610387067
-57.8352004989 2.6275255735 3.2614028702 0.1373492989 40.9858754134
-57.1466683249 2.6196320727 3.2676516617 0.1396571895 41.6744812851
-56.6300000000 2.6133849547 3.2720029583 0.1413890143 42.1912100475
-56.2768699864 2.6066461756 3.2766947262 0.1425728708 42.5444375492
-55.2583627495 2.5852179985 3.2875873774 0.1459874238 43.5632286496
-54.9000000000 2.5775175864 3.2911284002 0.1471888405 43.9216937101
-54.4173707678 2.5666499376 3.2965461613 0.1488069278 44.4044794923
-53.6411867725 2.5522904221 3.3073628111 0.1514091135 45.1808718065
-53.1700000000 2.5434531050 3.3137947757 0.1529887877 45.6521889778
-52.7960340461 2.5356349191 3.3169826750 0.1542425179 46.0262525295
-51.8191700154 2.5116922516 3.3259340931 0.1575177779 47.0034511713
-51.4400000000 2.5020317257 3.3282915558 0.1587890743 47.3827539245
-50.9921727305 2.4894612857 3.3314594341 0.1602906852 47.8307720873
-50.1552746478 2.4620456721 3.3342730460 0.1630972492 48.6681240471
-49.7100000000 2.4476376797 3.3354960170 0.1645904709 49.1136366864
-49.3238857867 2.4343785598 3.3373222861 0.1658853992 49.4999852690
-48.3742521035 2.4060491092 3.3499442637 0.1690700254 50.4501255303
-47.9800000000 2.3941192945 3.3547774395 0.1703921634 50.8445902661
-47.5574147009 2.3815579833 3.3610825382 0.1718093516 51.2674121832
-46.6623903659 2.3562209212 3.3743143719 0.1748108020 52.1628930819
-46.2500000000 2.3446188773 3.3804830872 0.1761937449 52.5754955514
-45.7500000000 2.3316630124 3.3877916396 0.1778703836 53.0757209143
-45.2500000000 2.3143990516 3.3954789316 0.1795474874 53.5760820763
-43.5200000000 2.2608461335 3.4210213638 0.1853495710 55.3071489865
-43.2081977007 2.2476204807 3.4235803370 0.1863956724 55.6192437687
-42.1120371388 2.2062427397 3.4348310521 0.1900727049 56.7162429261
-41.7900000000 2.1939725572 3.4382308278 0.1911529866 57.0385334026
-41.2164032057 2.1715549264 3.4427906088 0.1930771633 57.6125917070
-40.5964668416 2.1471639684 3.4458166874 0.1951567814 58.2330152610
-40.0600000000 2.1261210173 3.4478804538 0.1969563799 58.7699034313
-39.7009683277 2.1110620329 3.4489026158 0.1981609005 59.1292543905
-38.7137843138 2.0664316576 3.4523869398 0.2014733091 60.1174530745
-38.3300000000 2.0488802482 3.4536309594 0.2027610944 60.5016429995
-37.9141516266 2.0302649578 3.4576773865 0.2041564730 60.9179303884
-36.9856700731 1.9866117203 3.4630075519 0.2072722284 61.8474530098
-36.6000000000 1.9684537623 3.4651722993 0.2085664469 62.2335588687
-36.1163942382 1.9456505846 3.4664562411 0.2101893057 62.7177075819
-35.3890306423 1.9158119617 3.4685612001 0.2126295086 63.4456862172
-34.8700000000 1.8946590151 3.4695870049 0.2143707628 63.9651532692
-34.5356327628 1.8815460541 3.4688954674 0.2154924408 64.2997801327
-33.4608434443 1.8395481598 3.4691184480 0.2190979434 65.3753899164
-33.1400000000 1.8268838070 3.4690229100 0.2201742673 65.6964849576
-31.4100000000 1.7527124510 3.4761034115 0.2259787230 67.4281392406
-31.1075076285 1.7405110167 3.4817266934 0.2269937151 67.7309313639
-29.9800994764 1.6981018133 3.5028113543 0.2307762737 68.8593341167
-29.6800000000 1.6865815393 3.5084811138 0.2317831698 69.1597096749
-27.9500000000 1.6201729579 3.5394466598 0.2375875858 70.8913114864
-27.4500000000 1.5983234419 3.5461556002 0.2392654418 71.3918378825
-26.9500000000 1.5783016821 3.5537492097 0.2409430917 71.8923004663
-26.2906429068 1.5540951204 3.5637470854 0.2431551610 72.5521849079
-25.8941211011 1.5414922743 3.5692802610 0.2444852098 72.9489456082
-25.2200000000 1.5198491027 3.5783084862 0.2467464137 73.6234822357
-24.9050115774 1.5099347104 3.5832240753 0.2478030042 73.9386666817
-23.8008766246 1.4739077480 3.6021719217 0.2515069321 75.0435519509
-23.4900000000 1.4637536568 3.6077073741 0.2525498124 75.3546452694
-21.7600000000 1.4066406159 3.6339516556 0.2583531792 77.0858380420
-21.4554177427 1.3981094150 3.6406880675 0.2593749097 77.3906158053
-20.3321417860 1.3638304172 3.6633509319 0.2631431067 78.5146434119
-20.0300000000 1.3544223735 3.6692795266 0.2641566964 78.8169913393
-18.3000000000 1.2956604920 3.7053993397 0.2699609962 80.5484174498
-17.9999985282 1.2840987327 3.7112103658 0.2709676889 80.8486994214
-16.8700783929 1.2382636169 3.7219115778 0.2747590547 81.9795996955
-16.5700000000 1.2258933662 3.7245675378 0.2757659691 82.2799462583
-14.8400000000 1.1585760923 3.7356664794 0.2815703658 84.0113430334
-14.5393572667 1.1412053436 3.7394420776 0.2825800626 84.3125124258
-13.4113272625 1.0749507930 3.7512045860 0.2863686369 85.4425479378
-13.1100000000 1.0571187200 3.7546200467 0.2873807053 85.7444232875
-11.3800000000 0.9361744785 3.7880072066 0.2931959907 87.4790195775
-11.0742408514 0.9167963238 3.7929653352 0.2942232973 87.7854339385
-9.9580436149 0.8434146744 3.8074978162 0.2979739674 88.9041353566
-9.6500000000 0.8234194428 3.8114767977 0.2990090064 89.2128545526
-9.1500000000 0.7910422718 3.8177929670 0.3006890085 89.7139459478
-8.6500000000 0.7608991496 3.8260865238 0.3023686478 90.2149267884
-8.1895041343 0.7319634398 3.8324450260 0.3039157664 90.6763784108
-7.3335380597 0.6772162293 3.8480608032 0.3067919607 91.5342357835
-6.9200000000 0.6508152920 3.8557189580 0.3081815186 91.9486895062
-6.4648681230 0.6236129705 3.8652013512 0.3097105320 92.4047358268
-5.6906414292 0.5806807880 3.8831367919 0.3123110427 93.1803596615
-5.1900000000 0.5528710580 3.8942446422 0.3139925949 93.6819003388
-4.8548890993 0.5335676985 3.9022041951 0.3151183401 94.0176630907
-3.7770697571 0.4753312333 3.9235790803 0.3187380709 95.0972664385
-3.4600000000 0.4580102995 3.9301300370 0.3198029678 95.4148782969
-1.7300000000 0.3685677657 3.9658343173 0.3256123849 97.1476098472
-1.4297853082 0.3530741997 3.9708401193 0.3266211762 97.4482675744
-0.3018801085 0.2914458165 3.9830205952 0.3304115190 98.5779211470
-0.0000000000 0.2750327551 3.9863466209 0.3314259817 98.8802672565
0.8391156232 0.2269067674 3.9969327711 0.3342463458 99.7208428083
0.9595553738 0.2195316699 3.9982148820 0.3346512460 99.8415150051
1.7300000000 0.1721271459 4.0054182995 0.3372413773 100.6134623270
2.0616238809 0.1511269451 4.0089905827 0.3383564538 100.9457719300
3.1002555864 0.0846328561 4.0195478929 0.3418489702 101.9865837487
3.4600000000 0.0614115437 4.0232520062 0.3430586964 102.3470985409
3.8978592377 0.0323320825 4.0275339216 0.3445312794 102.7859471837
4.7957193927 -0.0250127949 4.0246555815 0.3475503002 103.6856415220
5.1900000000 -0.0507788276 4.0234658047 0.3488761817 104.0807681305
5.6777118777 -0.0830694625 4.0212663752 0.3505163619 104.5695576567
6.3750146669 -0.1281346346 4.0172849234 0.3528611890 105.2683268420
6.9200000000 -0.1633371135 4.0134434207 0.3546938315 105.8144675695
7.2418144016 -0.1820187933 4.0107929869 0.3557755927 106.1368367996
8.3431355610 -0.2496951283 4.0072991400 0.3594782883 107.2402411640
8.6500000000 -0.2684933510 4.0063332229 0.3605099833 107.5476843176
9.1500000000 -0.3002139440 4.0041722510 0.3621912518 108.0486993587
9.6500000000 -0.3323119957 3.9986869249 0.3638726961 108.5497638121
10.1069222959 -0.3626124645 3.9967346134 0.3654094175 109.0076981939
10.9203615481 -0.4172955197 3.9939177146 0.3681453632 109.8229784113
11.3800000000 -0.4480857714 3.9927100286 0.3696912988 110.2836529913
11.7552602853 -0.4737923077 3.9942445862 0.3709535817 110.6597988110
12.7309481228 -0.5417610202 4.0007350116 0.3742359080 111.6378729665
13.1100000000 -0.5683222190 4.0032979289 0.3755111219 112.0178659685
13.5577840517 -0.5991535318 4.0065067553 0.3770174511 112.4667258579
14.4012125044 -0.6593665338 4.0165985292 0.3798553783 113.3123612870
14.8400000000 -0.6907543649 4.0219630333 0.3813318129 113.7523067445
15.2360353233 -0.7189398174 4.0276144745 0.3826644095 114.1493872932
16.1603048522 -0.7887006981 4.0470481902 0.3857757932 115.0764896487
16.5700000000 -0.8199549918 4.0555498158 0.3871550361 115.4874667025
16.9710716098 -0.8517112641 4.0650167466 0.3885056408 115.8899083265
17.9160423641 -0.9279005683 4.0911501326 0.3916885392 116.8383058591
18.3000000000 -0.9586493165 4.1013885624 0.3929817179 117.2236319389
18.7678370621 -0.9947298198 4.1143539545 0.3945570937 117.6930419739
19.5406098853 -1.0522042130 4.1345689684 0.3971586678 118.4682129260
20.0300000000 -1.0882577167 4.1476338282 0.3988061619 118.9591082532
20.3789020385 -1.1164519895 4.1575698060 0.3999814223 119.3092911897
21.4249909059 -1.2020896590 4.1917076618 0.4035058858 120.3594348243
21.7600000000 -1.2293995453 4.2028094942 0.4046345816 120.6957409116
22.3834047656 -1.2811501237 4.2232413658 0.4067351665 121.3216318487
22.8282260582 -1.3186202520 4.2396851376 0.4082343954 121.7683315423
23.4900000000 -1.3744291168 4.2636263456 0.4104647979 122.4328953176
23.8017535139 -1.4003852880 4.2728556561 0.4115152025 122.7458657000
24.9130143876 -1.4929982480 4.2989283157 0.4152588587 123.8612841476
25.2200000000 -1.5187545926 4.3062741984 0.4162931046 124.1694379458
26.9500000000 -1.6702730047 4.3567081822 0.4221241953 125.9068568972
27.4500000000 -1.7142233542 4.3660258622 0.4238091456 126.4088766759
27.9500000000 -1.7604152929 4.3750427881 0.4254947636 126.9110921866
28.6366557885 -1.8263858869 4.3857690063 0.4278103601 127.6010033399
29.0941339135 -1.8712676127 4.3922398241 0.4293533869 128.0607236164
29.6800000000 -1.9284009667 4.4001045879 0.4313293221 128.6494288868
30.0514130636 -1.9624489702 4.4047368683 0.4325812844 129.0224310555
30.9766242705 -2.0520894802 4.4179805150 0.4357016086 129.9520691393
31.4100000000 -2.0938454925 4.4244572357 0.4371631325 130.3875040786
31.7601605220 -2.1297655766 4.4292402389 0.4383447322 130.7395373174
32.8247031426 -2.2319187798 4.4447188241 0.4419347026 131.8090822796
33.1400000000 -2.2621873081 4.4493258789 0.4429979922 132.1258643644
34.8700000000 -2.4149420309 4.4754346130 0.4488281101 133.8628564812
35.1753738411 -2.4402403514 4.4800779370 0.4498567764 134.1693136494
36.2747671514 -2.5294623378 4.5004598020 0.4535598467 135.2725100350
36.6000000000 -2.5560835493 4.5065915918 0.4546553948 135.5988904909
37.1093318072 -2.5984952886 4.5156873924 0.4563712593 136.1100716483
37.9116160335 -2.6914376954 4.4855454827 0.4590842054 136.9182839065
38.3300000000 -2.7399657230 4.4701071008 0.4604989738 137.3397595504
38.8345064701 -2.7975510486 4.4510081894 0.4622047090 137.8479065274
39.4469151599 -2.8682309089 4.4301189973 0.4642752967 138.4647343132
40.0600000000 -2.9393924609 4.4096671977 0.4663482768 139.0822823375
40.3632433949 -2.9770474021 4.3994910827 0.4673747039 139.3880261493
41.4849660067 -3.1127533809 4.3608639451 0.4711702083 140.5185881700
41.7900000000 -3.1495543698 4.3502711335 0.4722023052 140.8260187372
42.3792128377 -3.2193809057 4.3309730378 0.4741953126 141.4196762516
43.0366111895 -3.2958491870 4.3030547033 0.4764192158 142.0820957296
43.5200000000 -3.3520998191 4.2829797058 0.4780544209 142.5691655826
43.9535375985 -3.4022810248 4.2634672991 0.4795211137 143.0060379510
44.7211575401 -3.4916179453 4.2288076703 0.4821182536 143.7796159864
45.2500000000 -3.5532786492 4.2055976158 0.4839074693 144.3125530092
45.7500000000 -3.6133948924 4.1867564727 0.4855994136 144.8165120239
46.2500000000 -3.6733973497 4.1675360145 0.4872913721 145.3204718083
46.6002817124 -3.7151376010 4.1544976730 0.4884765338 145.6734753548
47.6121587995 -3.8322428308 4.1190635493 0.4918985647 146.6927226098
47.9800000000 -3.8749217870 4.1062559026 0.4931425896 147.0632559659
48.4263889098 -3.9275092273 4.0919598202 0.4946524376 147.5129636153
49.2920324511 -4.0330270422 4.0580242216 0.4975825309 148.3856747389
49.7100000000 -4.0842246938 4.0414160457 0.4989974312 148.8070976619
50.1421667215 -4.1366115258 4.0243466535 0.5004601739 149.2427667505
50.9773069274 -4.2412397439 3.9907959085 0.5032883460 150.0851040775
51.4400000000 -4.2981142572 3.9727376429 0.5048547218 150.5516341253
51.7962416018 -4.3412984380 3.9582435497 0.5060605654 150.9107791272
52.8317793577 -4.4661429754 3.9167755696 0.5095654304 151.9546396345
53.1700000000 -4.5069166260 3.9033477693 0.5107101534 152.2955762865
53.7870354309 -4.5821301797 3.8798204037 0.5127987547 152.9176327654
54.2506670759 -4.6375366412 3.8652809728 0.5143673090 153.3847900249
54.9000000000 -4.7145495966 3.8434942839 0.5165640485 154.0390465730
55.2128358372 -4.7526820606 3.8322486423 0.5176229024 154.3544007260
56.3244445879 -4.8831162292 3.7915364034 0.5213834489 155.4743762919
56.6300000000 -4.9192126235 3.7806544378 0.5224171962 155.7822509577
58.3600000000 -5.1231854450 3.7212415605 0.5282696998 157.5253160902
58.6600026495 -5.1608103285 3.7142302808 0.5292852170 157.8277522814
59.7893480606 -5.3030028469 3.6853657688 0.5331085316 158.9663802551
60.0900000000 -5.3411146340 3.6778680022 0.5341264620 159.2695330125
61.8200000000 -5.5618035825 3.6404054810 0.5399839770 161.0140244441
62.1251834687 -5.5998035342 3.6361426078 0.5410167779 161.3215963241
63.2414052630 -5.7382702457 3.6143257503 0.5447944389 162.4465855730
63.5500000000 -5.7767300545 3.6086383463 0.5458388865 162.7576219167
64.0500000000 -5.8389752289 3.5976013537 0.5475312528 163.2616082172
64.5500000000 -5.8990868436 3.5850399247 0.5492228845 163.7653711664
65.0744088104 -5.9616977800 3.5697460571 0.5509971291 164.2937322755
65.8536143388 -6.0563505064 3.5443815524 0.5536343730 165.0790755096
66.2800000000 -6.1082930855 3.5308479662 0.5550775132 165.5088307939
66.7776159563 -6.1667481385 3.5159569910 0.5567608016 166.0100954184
67.4044776325 -6.2393927756 3.4946387582 0.5588811938 166.6415123963
68.0100000000 -6.3092019268 3.4742684308 0.5609292459 167.2513944771
68.3141329277 -6.3442861658 3.4656551831 0.5619577615 167.5576676723
69.4370039088 -6.4706085751 3.4369094392 0.5657536039 168.6879878209
69.7400000000 -6.5049963162 3.4292475154 0.5667779841 168.9930274554
70.3767454658 -6.5706587598 3.4124982712 0.5689283962 169.6333782345
70.9359559407 -6.6295773370 3.3949376012 0.5708176876 170.1959582033
71.4700000000 -6.6859657671 3.3783870022 0.5726219774 170.7332326954
71.8656821224 -6.7270881908 3.3662027200 0.5739585784 171.1312362170
72.7321286583 -6.8143878310 3.3394097535 0.5768844933 172.0024818924
73.2000000000 -6.8617747674 3.3261171485 0.5784644242 172.4729398429
73.5337050074 -6.8952745312 3.3171763603 0.5795911546 172.8084439053
74.6235530499 -7.0023913024 3.2884649420 0.5832701624 173.9039199536
74.9300000000 -7.0323898248 3.2802487097 0.5843046159 174.2119435316
76.6600000000 -7.1966595924 3.2254482415 0.5901436804 175.9506598489
76.9773012761 -7.2262483615 3.2157496979 0.5912144537 176.2694876819
78.0301616567 -7.3405547384 3.1932805297 0.5947720740 177.3287734798
78.3900000000 -7.3793909896 3.1854814070 0.5959878972 177.6907886139
78.8015923171 -7.4253850744 3.1755477456 0.5973792545 178.1050659789
79.7695748092 -7.5291809786 3.1552138578 0.6006496471 179.0788101114
80.1200000000 -7.5667452788 3.1480217144 0.6018335689 179.4313192538
80.8959784842 -7.6454428015 3.1330776831 0.6044536200 180.2114357345
80.9545730043 -7.6516801113 3.1315925005 0.6046515926 180.2703800448
81.8500000000 -7.7466686253 3.1076452375 0.6076769522 181.1711688553
82.3500000000 -7.8028990149 3.0963023974 0.6093673154 181.6744546469
