X Y Z LocalTime TrackLength
-98.8200000000 -0.8610468123 -0.0511633497 0.0000000000 0.0000000000
-82.3500000000 -0.8610468123 -0.0511633497 0.0551905847 16.4700000000
-81.8500000000 -0.8610468123 -0.0511633497 0.0568660730 16.9700039256
-81.5302742834 -0.8645102844 -0.0513035880 0.0579375340 17.2897500386
-80.4367387784 -0.8759912718 -0.0502149797 0.0616021772 18.3833465703
-80.1200000000 -0.8792216116 -0.0501899827 0.0626636258 18.7001034003
-79.3828025761 -0.8878557954 -0.0489727235 0.0651341594 19.4373609492
-79.1449494270 -0.8916785555 -0.0497324064 0.0659313210 19.6752460454
-78.3900000000 -0.9034985376 -0.0524494310 0.0684615111 20.4303018762
-78.0803655963 -0.9086055611 -0.0526355520 0.0694992552 20.7399799638
-76.9663390380 -0.9281025499 -0.0480512439 0.0732330363 21.8541868034
-76.6600000000 -0.9337458903 -0.0470730858 0.0742597802 22.1605808624
-74.9300000000 -0.9713409134 -0.0493885123 0.0800585231 23.8910382449
-74.6288479968 -0.9764384341 -0.0503999841 0.0810678742 24.1922365249
-73.5002196424 -0.9967472976 -0.0542678204 0.0848507036 25.3210544730
-73.2000000000 -1.0021082302 -0.0555556456 0.0858569581 25.6213261707
-71.4700000000 -1.0301402611 -0.0695072494 0.0916554425 27.3516571912
-71.1695358659 -1.0353966403 -0.0710599182 0.0926625369 27.6521727536
-70.0413713617 -1.0518415572 -0.0773297253 0.0964437557 28.7804747783
-69.7400000000 -1.0560939603 -0.0790094846 0.0974538435 29.0818822728
-68.0100000000 -1.0807717135 -0.0875679450 0.1032521861 30.8121273781
-67.7055496164 -1.0832751900 -0.0919457838 0.1042726388 31.1166210168
-66.5852281150 -1.0891840057 -0.1071893537 0.1080276140 32.2370620440
-66.2800000000 -1.0906414038 -0.1116129866 0.1090506572 32.5423271904
-64.5500000000 -1.0910570054 -0.1307573378 0.1148488520 34.2724813791
-64.0500000000 -1.0909320969 -0.1253613119 0.1165246517 34.7725145480
-63.5500000000 -1.0910754489 -0.1191875240 0.1182004890 35.2725567238
-63.0278465835 -1.0943926669 -0.1115893232 0.1199506738 35.7947803693
-62.3290601454 -1.1005271959 -0.1012844800 0.1222929755 36.4936698163
-61.8200000000 -1.1051099455 -0.0936491186 0.1239993342 37.0028120470
-61.4624536872 -1.1082530554 -0.0890734408 0.1251977876 37.3604035253
-60.4524556993 -1.1160150741 -0.0792864723 0.1285830417 38.3704789512
-60.0900000000 -1.1190526732 -0.0760283201 0.1297979006 38.7329641551
-59.6141367810 -1.1197958732 -0.0721310116 0.1313928133 39.2088475934
-58.8282187879 -1.1190198386 -0.0647308662 0.1340269488 39.9948009250
-58.3600000000 -1.1186148984 -0.0602765892 0.1355962653 40.4630446412
-57.9848448927 -1.1160199821 -0.0559383175 0.1368537252 40.8382360971
-57.0102591642 -1.1076466779 -0.0472392171 0.1401203479 41.8128968010
-56.6300000000 -1.1046933591 -0.0438630092 0.1413948956 42.1931847783
-56.1853665411 -1.1007479406 -0.0400141999 0.1428852280 42.6378556240
-55.3364921774 -1.0877225967 -0.0307472619 0.1457308006 43.4868806487
-54.9000000000 -1.0812763503 -0.0257788798 0.1471939957 43.9234518092
-54.5031241855 -1.0760321462 -0.0211382657 0.1485243707 44.3203919732
-53.5701632394 -1.0673874354 -0.0163274825 0.1516514701 45.2534055375
-53.1700000000 -1.0636105551 -0.0142361776 0.1529927420 45.6535946856
-52.7486705988 -1.0599027681 -0.0123305300 0.1544049525 46.0749476189
-51.8568309938 -1.0508638699 -0.0065487493 0.1573943010 46.9668519238
-51.4400000000 -1.0466266424 -0.0033251196 0.1587914872 47.3837197682
-51.0278753260 -1.0432497935 0.0003297487 0.1601728934 47.7958772713
-50.1246282141 -1.0379578120 0.0036601596 0.1632003623 48.6991461755
-49.7100000000 -1.0355642937 0.0052071360 0.1645900982 49.1137870096
-49.3029768158 -1.0317687108 0.0066189999 0.1659543832 49.5208330643
-48.3839189891 -1.0204640995 0.0109585764 0.1690350625 50.4399708254
-47.9800000000 -1.0151289962 0.0131401616 0.1703890200 50.8439336243
-47.5559307279 -1.0097909853 0.0157776432 0.1718105232 51.2680476564
-46.6750755414 -0.9998071532 0.0170299292 0.1747631089 52.1489604621
-46.2500000000 -0.9951453483 0.0176936512 0.1761879386 52.5740650642
-45.7500000000 -0.9911000109 0.0144060483 0.1778639082 53.0740963650
-45.2500000000 -0.9900877865 0.0111691295 0.1795398324 53.5741119990
-44.9495426425 -0.9897710588 0.0098332413 0.1805469134 53.8745739868
-43.8206833250 -0.9847206857 0.0022247686 0.1843307637 55.0034704788
-43.5200000000 -0.9833690153 0.0002318986 0.1853386319 55.3041649444
-41.7900000000 -0.9833507302 -0.0051992644 0.1911373206 57.0342231533
-41.4892613741 -0.9836191813 -0.0090438093 0.1921454434 57.3349879769
-40.3608865149 -0.9808617960 -0.0251328407 0.1959280276 58.4634811578
-40.0600000000 -0.9799747547 -0.0293189419 0.1969366695 58.7643996064
-38.3300000000 -0.9943265880 -0.0605497036 0.2027366206 60.4947909673
-38.0296256078 -0.9919349087 -0.0620114044 0.2037435117 60.7951799474
-36.9006354953 -0.9857099674 -0.0641216517 0.2075279311 61.9241894292
-36.6000000000 -0.9840504669 -0.0645868112 0.2085356758 62.2248313789
-34.8700000000 -0.9822155029 -0.0622080906 0.2143346506 63.9548842204
-34.5691676047 -0.9818419860 -0.0617371631 0.2153430638 64.2557187396
-33.4405959689 -0.9865560275 -0.0589924820 0.2191261702 65.3843037940
-33.1400000000 -0.9877515173 -0.0581254422 0.2201338059 65.6849049132
-31.4100000000 -1.0005522889 -0.0524728317 0.2259331310 67.4150120462
-31.1099475661 -1.0048027587 -0.0490567036 0.2269391233 67.7151155535
-29.9801130024 -1.0237995557 -0.0343546683 0.2307274595 68.8452057380
-29.6800000000 -1.0291313475 -0.0305133116 0.2317337538 69.1453922120
-27.9500000000 -1.0613994869 -0.0102551125 0.2375345675 70.8758627601
-27.4500000000 -1.0693392720 -0.0074842836 0.2392109724 71.3759377524
-26.9500000000 -1.0772673504 -0.0031214587 0.2408874240 71.8760239191
-26.5380459837 -1.0826560759 -0.0001008541 0.2422686014 72.2880271623
-25.6272746207 -1.0919896036 0.0062712615 0.2453220905 73.1988688076
-25.2200000000 -1.0965394860 0.0080814886 0.2466875311 73.6061757124
-24.8017815122 -1.1019564213 0.0083486380 0.2480896840 74.0244323702
-23.9079787969 -1.1145577916 0.0080387735 0.2510863746 74.9183241336
-23.4900000000 -1.1202023840 0.0077144484 0.2524877421 75.3363441732
-23.0854532290 -1.1269783765 0.0100739413 0.2538441698 75.7409573849
-22.1616294799 -1.1407789315 0.0142156653 0.2569416145 76.6648936748
-21.7600000000 -1.1467272671 0.0157007327 0.2582882138 77.0665727264
-21.3343627890 -1.1553860862 0.0177257587 0.2597154582 77.4923059443
-20.4553672350 -1.1731623955 0.0173915778 0.2626628725 78.3714814753
-20.0300000000 -1.1818025773 0.0173384452 0.2640892022 78.7969395806
-19.6293529460 -1.1907374594 0.0156283772 0.2654327153 79.1976926748
-18.7013985328 -1.2096268694 0.0145469390 0.2685443355 80.1258401567
-18.3000000000 -1.2177973576 0.0136930773 0.2698903104 80.5273255321
-17.8795169050 -1.2258367219 0.0112545285 0.2713002725 80.9478956056
-16.9873008537 -1.2437384403 0.0071599403 0.2742920967 81.8403008152
-16.5700000000 -1.2519512962 0.0052028047 0.2756914027 82.2576900870
-16.1591650726 -1.2613304193 0.0014061340 0.2770691679 82.6686525279
-15.2546092548 -1.2787600443 -0.0036351296 0.2801023636 83.5733904914
-14.8400000000 -1.2869429844 -0.0060113279 0.2814926649 83.9880902829
-14.4336636670 -1.2967571744 -0.0075717645 0.2828553500 84.3945509850
-13.5156499568 -1.3173731834 -0.0085280592 0.2859338608 85.3127968610
-13.1100000000 -1.3263014429 -0.0091378831 0.2872941755 85.7185483821
-12.6892835890 -1.3345427523 -0.0115517047 0.2887049708 86.1393555094
-11.8061827500 -1.3540760236 -0.0183994537 0.2916664965 87.0226990911
-11.3800000000 -1.3635322677 -0.0220461463 0.2930957364 87.4490055017
-10.9860583354 -1.3744142308 -0.0255239678 0.2944170422 87.8431154908
-10.0433106037 -1.3984185378 -0.0264789180 0.2975787860 88.7861694893
-9.6500000000 -1.4084099890 -0.0274942393 0.2988978568 89.1796109946
-9.1500000000 -1.4185277176 -0.0312516677 0.3005745886 89.6797318384
-8.6500000000 -1.4317648692 -0.0302204758 0.3022515325 90.1799124711
-8.1478648343 -1.4455751806 -0.0286302138 0.3039356972 90.6822444521
-7.4388409163 -1.4590410270 -0.0284877686 0.3063132996 91.3913963678
-6.9200000000 -1.4688201025 -0.0283895582 0.3080531496 91.9103341660
-6.5790723019 -1.4763762865 -0.0298283934 0.3091964894 92.2513506669
-5.5210647762 -1.5027348064 -0.0352590128 0.3127448946 93.3097007001
-5.1900000000 -1.5109089506 -0.0370805556 0.3138552359 93.6408733094
-4.5615145451 -1.5256138957 -0.0384514662 0.3159629956 94.2695392144
-4.1127097741 -1.5361008594 -0.0383643086 0.3174681622 94.7184665629
-3.4600000000 -1.5514330711 -0.0384657889 0.3196571772 95.3713639034
-3.1454212034 -1.5599794177 -0.0396819350 0.3207123050 95.6860628667
-2.0385161859 -1.5897719862 -0.0423231330 0.3244249441 96.7933722181
-1.7300000000 -1.5981756228 -0.0432437514 0.3254597421 97.1020058903
-0.0000000000 -1.6412017340 -0.0495264856 0.3312620253 98.8326051957
0.3010645635 -1.6528326742 -0.0513805739 0.3322722472 99.1339016585
1.4297604212 -1.7039519485 -0.0620019041 0.3360607778 100.2638047027
1.7300000000 -1.7173867073 -0.0650574977 0.3370685337 100.5643618525
3.4600000000 -1.7907337965 -0.0878977352 0.3428749231 102.2961200589
3.7723000664 -1.8047509422 -0.0901290547 0.3439231629 102.6087442468
4.8648042209 -1.8543424498 -0.0970370259 0.3475902449 103.7023954130
5.1900000000 -1.8694168972 -0.0992026824 0.3486818441 104.0279494919
5.7372451050 -1.8953203486 -0.1043628914 0.3505189363 104.5758369878
6.4183031050 -1.9297924153 -0.1107038277 0.3528056124 105.2577965731
6.9200000000 -1.9549162439 -0.1157964284 0.3544900471 105.7601524822
7.2971845252 -1.9725632606 -0.1173567520 0.3557561856 106.1377553814
8.2421435414 -2.0195312976 -0.1241856333 0.3589287506 107.0839057408
8.6500000000 -2.0398543274 -0.1271144544 0.3602980803 107.4922817200
9.1500000000 -2.0633624923 -0.1296649568 0.3619765294 107.9928450493
9.6500000000 -2.0852409647 -0.1300069908 0.3636547177 108.4933281100
10.1958497194 -2.1056820586 -0.1287275178 0.3654863448 109.0395673085
10.8392350738 -2.1297954230 -0.1252057563 0.3676452991 109.6834141854
11.3800000000 -2.1499548796 -0.1226479172 0.3694598812 110.2245660751
11.7236428858 -2.1617651545 -0.1197575845 0.3706129199 110.5684261312
12.7600437043 -2.1946029469 -0.1052178813 0.3740903214 111.6054493176
13.1100000000 -2.2057025951 -0.1007340757 0.3752645020 111.9556125195
13.6109204092 -2.2198050346 -0.0945544544 0.3769450169 112.4567740468
14.3531573712 -2.2388409620 -0.0822880448 0.3794351114 113.1993565728
14.8400000000 -2.2512343653 -0.0744619683 0.3810683777 113.6864240987
15.2094495249 -2.2611138128 -0.0661059569 0.3823080164 114.0561026212
16.1885788242 -2.2832032814 -0.0453073910 0.3855929304 115.0357021688
16.5700000000 -2.2919601099 -0.0372945654 0.3868725800 115.4173106302
17.0053850210 -2.3032730242 -0.0294549969 0.3883333043 115.8529165987
17.8778007551 -2.3299428123 -0.0134308925 0.3912606908 116.7258872333
18.3000000000 -2.3430368012 -0.0060196428 0.3926773785 117.1483577349
18.7134540235 -2.3562909084 0.0021045217 0.3940648268 117.5621070332
19.6031474327 -2.3841943750 0.0192237408 0.3970503396 118.4524027918
20.0300000000 -2.3976067954 0.0270384109 0.3984826931 118.8795408453
20.4182819839 -2.4100614715 0.0342427938 0.3997856579 119.2680920791
21.3838097410 -2.4417942525 0.0541450333 0.4030259308 120.2343464818
21.7600000000 -2.4542551292 0.0618387722 0.4042884187 120.6108242738
22.2345887557 -2.4688242765 0.0709165280 0.4058809709 121.0857274942
22.9987098937 -2.4938199835 0.0862521862 0.4084453147 121.8504113762
23.4900000000 -2.5102013729 0.0956382194 0.4100940593 122.3420685397
23.8417838822 -2.5216120164 0.1012073501 0.4112745311 122.6940837608
24.8758222326 -2.5546757995 0.1184812748 0.4147444822 123.7287951440
25.2200000000 -2.5656876129 0.1240222850 0.4158994399 124.0731957830
25.7713135981 -2.5864572010 0.1324211011 0.4177498311 124.6249699944
26.3907208766 -2.6121348750 0.1376418163 0.4198289256 125.2449314566
26.9500000000 -2.6352010034 0.1417473599 0.4217061633 125.8047068607
27.4500000000 -2.6542020586 0.1440090524 0.4233841960 126.3050775000
27.9500000000 -2.6818889131 0.1462667798 0.4250635943 126.8058531961
28.3690179455 -2.7093789516 0.1490434316 0.4264718829 127.2257843693
29.2081138504 -2.7683158457 0.1542322425 0.4292929111 128.0669636950
29.6800000000 -2.8016991334 0.1574735328 0.4308794508 128.5400444594
30.0209036155 -2.8264360765 0.1609226797 0.4320257982 128.8818639586
31.0935942610 -2.9023358894 0.1753060712 0.4356325954 129.9573328728
31.4100000000 -2.9245934772 0.1796699408 0.4366964494 130.2745523884
33.1400000000 -3.0441440055 0.1975362437 0.4425125245 132.0088260951
33.4406186830 -3.0639334819 0.2019713743 0.4435230273 132.3101297742
34.5602915935 -3.1417892431 0.2183751129 0.4472876547 133.4326263673
34.8700000000 -3.1633254020 0.2228535641 0.4483289734 133.7431167505
35.4852888087 -3.2056772293 0.2321072957 0.4503976574 134.3599379515
36.0557623412 -3.2473801010 0.2390028553 0.4523161802 134.9319755685
36.6000000000 -3.2872613889 0.2449933389 0.4541464734 135.4777109565
36.9714972863 -3.3126001119 0.2497116671 0.4553954204 135.8501038702
37.9164978472 -3.3771685060 0.2640522797 0.4585726009 136.7974164568
38.3300000000 -3.4054926063 0.2703548470 0.4599628539 137.2119386880
38.7046433493 -3.4318305234 0.2748815765 0.4612225676 137.5875366207
39.7211455334 -3.5065974072 0.2885760526 0.4646413585 138.6068769701
40.0600000000 -3.5316983127 0.2932303259 0.4657810738 138.9466938969
40.7839960209 -3.5846223610 0.3051007427 0.4682161201 139.6727286723
40.9898431675 -3.5987667491 0.3093104071 0.4689082970 139.8791042166
41.7900000000 -3.6538938426 0.3245218871 0.4715988437 140.6813141551
42.0911642721 -3.6762471112 0.3316044057 0.4726120051 140.9833916136
43.2184077602 -3.7548874476 0.3529666781 0.4764026550 142.1135770506
43.5200000000 -3.7756081025 0.3586055165 0.4774167609 142.4159345641
44.3345670443 -3.8247553714 0.3772849316 0.4801545282 143.2322092685
44.5089208526 -3.8362572020 0.3812421248 0.4807407434 143.4069869115
45.2500000000 -3.8854631086 0.3974810420 0.4832324386 144.1498857933
45.7500000000 -3.9165632966 0.4084716279 0.4849131295 144.6509773875
46.2500000000 -3.9502457163 0.4191941382 0.4865943693 145.1522300769
46.5569884591 -3.9698186817 0.4260896172 0.4876263976 145.4599209450
47.6679909201 -4.0404237060 0.4533707998 0.4913614925 146.5734991287
47.9800000000 -4.0603187623 0.4609880955 0.4924104531 146.8862365050
48.6656216841 -4.1049576566 0.4767310015 0.4947156114 147.5734991316
49.0503981595 -4.1293851130 0.4861573397 0.4960092103 147.9591655880
49.7100000000 -4.1708041768 0.5016091662 0.4982266057 148.6202555225
50.0355056982 -4.1934894681 0.5053418850 0.4993211456 148.9465741455
51.1110349104 -4.2694655268 0.5160821233 0.5029379073 150.0248372499
51.4400000000 -4.2928624445 0.5195317864 0.5040441891 150.3546534414
52.0158040422 -4.3354619240 0.5271231382 0.5059810378 150.9320874322
52.6062784970 -4.3770914742 0.5345290101 0.5079667344 151.5240741493
53.1700000000 -4.4167725543 0.5410891317 0.5098624296 152.0892347273
53.5091323736 -4.4396862836 0.5441113247 0.5110026273 152.4291559659
54.5559748617 -4.5099499506 0.5561554217 0.5145222203 153.4784231967
54.9000000000 -4.5333808077 0.5601119571 0.5156789482 153.8232703114
55.4191435526 -4.5673867901 0.5657245331 0.5174241733 154.3435619162
56.1210032943 -4.6155874433 0.5737669896 0.5197841750 155.0471211235
56.6300000000 -4.6504698072 0.5792523863 0.5214956465 155.5573462034
56.9862456961 -4.6753543105 0.5832520259 0.5226936234 155.9144848168
57.9970617997 -4.7468473343 0.5966504375 0.5260930856 156.9279148357
58.3600000000 -4.7727581402 0.6017700905 0.5273137517 157.2918153433
58.8296348536 -4.8057361184 0.6088771550 0.5288931689 157.7626645619
59.6345482552 -4.8582029951 0.6232761227 0.5315993716 158.5694147759
60.0900000000 -4.8878005730 0.6310477040 0.5331306083 159.0258973991
60.4751164522 -4.9142339618 0.6357227030 0.5344256124 159.4119511416
61.4362923832 -4.9821995332 0.6334436464 0.5376579565 160.3755299201
61.8200000000 -5.0092242532 0.6328871988 0.5389483037 160.7601913182
62.2696197999 -5.0405035225 0.6295061497 0.5404602598 161.2109144566
63.0915505772 -5.1057214817 0.6201460422 0.5432263228 162.0354818785
63.5500000000 -5.1420099037 0.6151482126 0.5447691238 162.4953965326
64.0500000000 -5.1774167364 0.6070608819 0.5464508354 162.9967187416
64.5500000000 -5.2109627023 0.5969040060 0.5481322535 163.4979506283
64.8762672530 -5.2327704533 0.5911748833 0.5492293686 163.8249981594
65.9241281260 -5.3074766342 0.5683226990 0.5527543226 164.8757674668
66.2800000000 -5.3331409536 0.5606984443 0.5539515218 165.2326474960
66.7220332645 -5.3629013606 0.5520016350 0.5554380386 165.6757706477
67.6137958080 -5.4221343545 0.5360226238 0.5584366895 166.5696412278
68.0100000000 -5.4482759023 0.5290673612 0.5597689250 166.9667708937
68.4945713531 -5.4802308279 0.5190531600 0.5613983949 167.4525025993
69.1965757078 -5.5270579233 0.5075610644 0.5637589763 168.1561609740
69.7400000000 -5.5631660985 0.4986451679 0.5655862834 168.7008623588
70.0610866850 -5.5845839912 0.4944837130 0.5666659346 169.0226915278
71.1636817784 -5.6532404578 0.4795840841 0.5703723863 170.1275228384
71.4700000000 -5.6723623391 0.4756825209 0.5714020984 170.4344639723
73.2000000000 -5.7871440807 0.4581676195 0.5772189409 172.1684152179
73.5043238447 -5.8072656711 0.4542567851 0.5782422191 172.4734304599
74.6122341689 -5.8780694290 0.4407651169 0.5819669820 173.5836831661
74.9300000000 -5.8984052018 0.4366433802 0.5830353204 173.9021277207
75.4958120286 -5.9332176638 0.4305780545 0.5849372619 174.4690484933
76.1502974448 -5.9731951791 0.4229051267 0.5871372516 175.1247989239
76.6600000000 -6.0045889070 0.4163302045 0.5888506474 175.6355148647
77.0388868395 -6.0254565855 0.4085747585 0.5901239838 176.0150580299
77.9730596633 -6.0816911360 0.3902030299 0.5932643757 176.9511024008
78.3900000000 -6.1068247261 0.3817377794 0.5946660238 177.3688888302
78.7655924575 -6.1301788046 0.3733006810 0.5959288821 177.7453040453
79.7747299925 -6.1909018618 0.3446307556 0.5993220248 178.7566735454
80.1200000000 -6.2118106123 0.3350046551 0.6004829896 179.1027123716
80.7485257518 -6.2506324682 0.3170044111 0.6025966074 179.7327010591
81.1521665025 -6.2772039563 0.3063568647 0.6039542568 180.1373557420
81.8500000000 -6.3228359592 0.2871143077 0.6063014356 180.8369540825
82.3500000000 -6.3511043378 0.2778454632 0.6079819629 181.3378433382
