X Y Z LocalTime TrackLength
0.0000000000 0.0000000000 0.0000000000 0.0000000000 0.0000000000
-13.7733653445 19.0393646975 -23.8153964199 0.1116008018 33.4570786986
-13.7739516359 19.0401747978 -23.8164098842 0.1116055510 33.4585024647
-14.2828881018 19.7433161215 -24.6960966507 0.1157278322 34.6943312778
-14.3532477318 19.8405247801 -24.8177116201 0.1162977311 34.8651826800
-14.3884277190 19.8891289848 -24.8785190625 0.1165826805 34.9506083510
-14.4236075487 19.9377333035 -24.9393263797 0.1168676296 35.0360339329
-14.4382653196 19.9579854585 -24.9646626860 0.1169863582 35.0716278712
-16.5414165930 22.8637253547 -28.5999319329 0.1340215755 40.1786575485
-16.9962649889 23.4912111528 -29.3853620438 0.1377021739 41.2820731736
-16.9974388018 23.4928304633 -29.3873889605 0.1377116722 41.2849206979
-16.9991995213 23.4952594290 -29.3904293354 0.1377259197 41.2891919845
-17.1897750610 23.7585197004 -29.7198031435 0.1392693958 41.7519144847
-17.4434919047 24.1085356972 -30.1579185391 0.1413224511 42.3674049899
-18.4960931182 25.5626104892 -31.9771428630 0.1498475298 44.9231592732
-18.5264924634 25.6045463381 -32.0296347717 0.1500935123 44.9969029948
-19.3787824368 26.7802779232 -33.5013210818 0.1569899884 47.0644145049
-19.4586986773 26.8906627838 -33.6394314238 0.1576371878 47.2584399917
-19.4710063396 26.9076407819 -33.6606834216 0.1577367765 47.2882959532
-19.5386282192 27.0010432077 -33.7775468596 0.1582844091 47.4524720626
-19.5447820912 27.0095321931 -33.7881728870 0.1583342036 47.4674000727
-19.6677316824 27.1793545456 -34.0006524042 0.1593299009 47.7659026332
-19.7906798275 27.3491773804 -34.2131359914 0.1603256069 48.0644077695
-19.7968336846 27.3576663708 -34.2237622918 0.1603754020 48.0793359707
-19.8029875427 27.3661553609 -34.2343885925 0.1604251971 48.0942641722
-19.9351607971 27.5487135746 -34.4628108292 0.1614955896 48.4151597764
-19.9357761682 27.5495624785 -34.4638734808 0.1615005692 48.4166526086
-21.4694417710 29.6676891220 -37.1142783321 0.1739202837 52.1399893569
-21.5544823737 29.7851374007 -37.2612425115 0.1746089500 52.3464463071
-21.5550676200 29.7859447285 -37.2622531464 0.1746136858 52.3478660516
-21.6307006798 29.8903988756 -37.3929599497 0.1752261670 52.5314833085
-21.8190074543 30.1504296366 -37.7183557702 0.1767509522 52.9886024156
-21.8190095136 30.1504324774 -37.7183593263 0.1767509689 52.9886074113
-24.6247959305 34.0250411665 -42.5668312875 0.1994707514 59.7998268529
-24.9176828359 34.4290441646 -43.0725741083 0.2018406462 60.5103034415
-25.1845949716 34.7975315377 -43.5337225073 0.2040015723 61.1581328007
-27.1304759869 37.4841702591 -46.8958213307 0.2197563201 65.8812873658
-27.9031225740 38.5498835975 -48.2299286024 0.2260079289 67.7554725209
-28.7532512835 39.7224404888 -49.6977993344 0.2328863514 69.8175717193
-28.7592102697 39.7306593244 -49.7080882150 0.2329345649 69.8320257791
-28.8675918305 39.8802700447 -49.8953259278 0.2338119583 70.0950616920
-29.0164651410 40.0857802278 -50.1525199963 0.2350171660 70.4563738655
-29.0295653377 40.1038653874 -50.1751524185 0.2351232223 70.4881687502
-29.0355238687 40.1120844013 -50.1854410880 0.2351714351 70.5026225734
-29.1809436766 40.3126719626 -50.4365392479 0.2363480825 70.8553725976
-29.4191046731 40.6414250784 -50.8479727174 0.2382760621 71.4333663444
-29.7078798244 41.0397541070 -51.3466039819 0.2406126548 72.1338592088
-31.5662167887 43.6049908259 -54.5569700821 0.2556564717 76.6438820687
-32.8741140380 45.4089505794 -56.8152332875 0.2662387205 79.8163604249
-34.1452365439 47.1621160576 -59.0099414925 0.2765231490 82.8995545318
-34.3717658508 47.4745391032 -59.4010550830 0.2783559115 83.4490029207
-37.6119688467 51.9458242969 -64.9974587137 0.3045807199 91.3110026891
-41.4073511889 57.1820886950 -71.5518206106 0.3352945389 100.5187739660
-41.5517425098 57.3812548695 -71.8011400771 0.3364628526 100.8690256113
-49.1017059235 67.7939396719 -84.8366210058 0.3975469651 119.1815818515
-49.2281783606 67.9682923846 -85.0549223797 0.3985699233 119.4882569821
-49.6540321815 68.5553648200 -85.7899777062 0.4020143854 120.5208807547
-49.9155640681 68.9159020604 -86.2413973152 0.4041297333 121.1550461064
-49.9285799302 68.9338480123 -86.2638657759 0.4042350203 121.1866103516
-49.9344970473 68.9420049188 -86.2740789082 0.4042828790 121.2009580159
-51.0203588588 70.4388946219 -88.1483107066 0.4130655142 123.8339258278
-51.9593206775 71.7332367581 -89.7689546677 0.4206598375 126.1106466528
-52.3519132522 72.2744029261 -90.4465545004 0.4238350650 127.0625559367
-52.3581526572 72.2830034835 -90.4573233942 0.4238855280 127.0776843483
-52.4717025167 72.4395353949 -90.6533143594 0.4248039401 127.3530173617
-52.6276803749 72.6545509854 -90.9225389143 0.4260655122 127.7312271678
-52.6414065102 72.6734723306 -90.9462310407 0.4261765315 127.7645099103
-52.6476458973 72.6820728857 -90.9570002623 0.4262269952 127.7796385465
-52.7999378758 72.8919965988 -91.2198571495 0.4274587212 128.1489007233
-52.8510043185 72.9623903379 -91.3080000000 0.4278717514 128.2727240739
-53.2169307550 73.4667917980 -91.9395892794 0.4308313279 129.1599827779
-53.3669369056 73.6735664508 -92.1985022892 0.4320445732 129.5237045795
-53.3869029987 73.7010882181 -92.2329636161 0.4322060567 129.5721161029
-53.5391691533 73.9109756054 -92.4957737511 0.4334375673 129.9413136980
-53.5796151631 73.9667271796 -92.5655830627 0.4337646891 130.0393823357
-53.8085072353 74.2822167170 -92.9606439994 0.4356158898 130.5943583467
-53.8512370488 74.3410339464 -93.0343294976 0.4359611706 130.6978709393
-53.8544378737 74.3454398491 -93.0398491606 0.4359870351 130.7056249023
-53.8862888509 74.3893420340 -93.0948234967 0.4362446378 130.7828522564
-54.3321391703 75.0030387515 -93.8636676576 0.4398473271 131.8629113256
-54.6311103430 75.4150908294 -94.3796608415 0.4422651943 132.5877696862
-59.3628951003 81.9357948992 -102.5454483989 0.4805291479 144.0590143916
-59.9224001813 82.7058122535 -103.5101714017 0.4850497269 145.4142498795
-63.7218955882 87.9402070878 -110.0658161023 0.5157687041 154.6235675584
-63.8482053433 88.1141923837 -110.2837295312 0.5167898206 154.9296905728
-68.9567826118 95.1502087850 -119.0965811798 0.5580857349 167.3098942394
-70.0565788221 96.6633994199 -120.9925763623 0.5669701290 169.9733685742
-70.7922854800 97.6756121075 -122.2608717636 0.5729132004 171.7550565712
-70.7983426124 97.6839455526 -122.2713135927 0.5729621295 171.7697251417
-70.9085111593 97.8356379744 -122.4613318706 0.5738525310 172.0366607997
-71.0598407788 98.0440069626 -122.7223452288 0.5750756076 172.4033299450
-71.0731579411 98.0623433797 -122.7453145515 0.5751832388 172.4355969683
-71.0792149464 98.0706768663 -122.7557563835 0.5752321678 172.4502655119
-71.2270424822 98.2740642688 -123.0106001623 0.5764263309 172.8082665876
-71.3367630991 98.4251377895 -123.1998447920 0.5773131056 173.0741149511
-71.4692627215 98.6073478149 -123.4281858215 0.5783830941 173.3948894444
-71.8915568800 99.1887427471 -124.1564730192 0.5817958227 174.4179997347
-73.4522298297 101.3365045675 -126.8472698108 0.5944047962 178.1980749091
-75.3071441974 103.8873047548 -130.0438215476 0.6093837304 182.6886463983
-76.8697494617 106.0346129614 -132.7354128597 0.6219963934 186.4698276541
-77.0125677172 106.2300360143 -132.9807322247 0.6231459508 186.8144562709
-79.9112413854 110.2094139547 -137.9704541578 0.6465276003 193.8240984500
-83.7230111910 115.4349054537 -144.5258887186 0.6772461324 203.0332827119
-83.8451143663 115.6020590037 -144.7356874493 0.6782292415 203.3280114064
-83.9590924065 115.7578109774 -144.9313111951 0.6791458957 203.6028174054
-95.2824115451 131.2307627281 -164.3655007526 0.7702105844 230.9033242727
-114.0772985817 156.7517330253 -196.4909643262 0.9207442683 276.0321873916
-114.0773047305 156.7517413022 -196.4909747772 0.9207443173 276.0322020729
-120.7467662216 165.7601767763 -207.8518165894 0.9739791374 291.9915997008
-120.7467723714 165.7601850529 -207.8518270400 0.9739791864 291.9916143820
-131.2299465349 179.8687902601 -225.6664367041 1.0574575657 317.0178028897
-134.4254696237 184.1569795486 -231.0866657386 1.0828564113 324.6321852626
-134.7248149727 184.5575092771 -231.5934594497 1.0852312183 325.3441344649
-134.7548734655 184.5974717522 -231.6441411388 1.0854687093 325.4153324979
-134.8446738583 184.7176329755 -231.7961797900 1.0861811525 325.6289175836
-144.6027910218 197.7752078212 -248.3172253448 1.1635986512 348.8380998104
-150.6020569861 205.7766275153 -258.4531508796 1.2110950519 363.0771625357
-150.9022703278 206.1765137205 -258.9599473518 1.2134698776 363.7891173741
-153.3048325436 209.3749706120 -263.0143299858 1.2324685274 369.4847692794
-154.2061365299 210.5741376725 -264.5349847077 1.2395936480 371.6208267000
-162.6285940365 221.7587436872 -278.7278453255 1.3060951982 391.5574898937
-164.4358306764 224.1536472819 -281.7692012130 1.3203456533 395.8296688729
-168.0532249045 228.9412885419 -287.8520193889 1.3488468908 404.3741249245
-169.5323650041 230.8977157992 -290.3383465057 1.3604964876 407.8665861799
-170.0930931968 231.6390754645 -291.2806392758 1.3649115785 409.1901971215
-170.4829671483 232.1544457819 -291.9357262531 1.3679809975 410.1103858034
-174.8475043464 237.9182887451 -299.2647332755 1.4023211608 420.4053077680
-178.3014399420 242.4723942471 -305.0588488591 1.4294695335 428.5441851397
-178.3045264709 242.4764374701 -305.0640053142 1.4294936941 428.5514283027
-178.3076130008 242.4804806921 -305.0691617691 1.4295178546 428.5586714653
-178.4831132495 242.7114232363 -305.3632002074 1.4308955729 428.9717010169
-178.4861998512 242.7154663787 -305.3683568460 1.4309197339 428.9789442963
-178.4892864539 242.7195095199 -305.3735134844 1.4309438949 428.9861875753
-178.8465014438 243.1894351173 -305.9719152695 1.4337476541 429.8267334485
-178.8495878958 243.1934784255 -305.9770726738 1.4337718170 429.8339773013
-178.8526743489 243.1975217326 -305.9822300777 1.4337959799 429.8412211537
-179.0282044318 243.4284312007 -306.2763130787 1.4351737846 430.2542766143
-179.0312907070 243.4324747050 -306.2814709564 1.4351979487 430.2615208381
-179.0343769833 243.4365182081 -306.2866288339 1.4352221129 430.2687650615
-179.6327706493 244.2244981357 -307.2899010109 1.4399223404 431.6778578222
-179.8756050929 244.5426104029 -307.6957015651 1.4418234755 432.2478037767
-180.0361062961 244.7528561156 -307.9639067639 1.4430799900 432.6244973679
-184.1599948575 250.1772044886 -314.8731293731 1.4754490079 442.3284847941
-185.9373523428 252.5122792960 -317.8486961078 1.4893892622 446.5076679040
-190.7635582981 258.8444549347 -325.9216616296 1.5272104135 457.8461638019
-197.1111228813 267.1538980372 -336.5243430201 1.5768829444 472.7376139452
-204.7908907267 277.1790697577 -349.3293763956 1.6368736665 490.7223799924
-205.6270660134 278.2687724534 -350.7221167033 1.6433985474 492.6784900721
-207.4542950933 280.6487403274 -353.7645374986 1.6576520568 496.9515846863
-211.1113273782 285.4067403770 -359.8494026086 1.6861592091 505.4978139542
-213.5642045698 288.5950917990 -363.9282308701 1.7052683947 511.2266036692
-219.6124780962 296.4433616128 -373.9748639074 1.7523366181 525.3373020621
-221.3704825969 298.7210452051 -376.8922193517 1.7660043581 529.4347874166
-221.3736316421 298.7250597109 -376.8973927991 1.7660285955 529.4420536269
-221.3767806894 298.7290742144 -376.9025662457 1.7660528330 529.4493198362
-221.5549100552 298.9595063419 -377.1978830029 1.7674363844 529.8640981306
-221.5580590990 298.9635208495 -377.2030567580 1.7674606226 529.8713645602
-221.9266042694 299.4408070738 -377.8145196277 1.7703252267 530.7301512442
-221.9297535587 299.4448212928 -377.8196933015 1.7703494645 530.7374175630
-222.1078934171 299.6752410918 -378.1150239442 1.7717330411 531.1522034003
-222.1110434242 299.6792544674 -378.1201979798 1.7717572793 531.1594698220
-222.1141934339 299.6832678400 -378.1253720147 1.7717815175 531.1667362426
-224.8801420074 303.2615007329 -382.7118767237 1.7932673569 537.6080288516
-233.5598523896 314.4647616121 -397.0842635389 1.8605957617 557.7925768106
-241.1026542735 324.1689530203 -409.5486600179 1.9189862873 575.2976160069
-249.7136556235 335.2120078326 -423.7498884207 1.9855131634 595.2418717385
-251.5612539791 337.5765624217 -426.7930889987 1.9997691980 599.5157233902
-255.2589512709 342.3037653840 -432.8795766646 2.0282815628 608.0635153218
-257.7375019806 345.4688964781 -436.9568369493 2.0473809315 613.7893620013
-258.6895143225 346.6837901520 -438.5222451694 2.0547138790 615.9877243612
-259.5875467829 347.8293794339 -439.9985583862 2.0616294743 618.0609676761
-259.5906606935 347.8333158316 -440.0036488767 2.0616533200 618.0681164465
-259.5937746053 347.8372522282 -440.0087393671 2.0616771658 618.0752652166
-260.1518146398 348.5481297219 -440.9253309868 2.0659708183 619.3624698609
-260.1549280546 348.5520665877 -440.9304215287 2.0659946643 619.3696187084
-260.6231211758 349.1490452090 -441.6998799763 2.0695990934 620.4501993768
-260.9829910612 349.6069358436 -442.2905407019 2.0723659676 621.2796873942
-261.4512927355 350.2038119907 -443.0599543791 2.0759702585 622.3602266134
-261.4544063545 350.2077486637 -443.0650446314 2.0759941037 622.3673752365
-262.0126512746 350.9184327451 -443.9815616039 2.0802875190 623.6545087576
-262.0157642578 350.9223700183 -443.9866534057 2.0803113681 623.6616585367
-262.0188772421 350.9263072905 -443.9917452074 2.0803352172 623.6688083156
-263.9162797158 353.3432281284 -447.1088846152 2.0949353449 628.0458165090
-265.1370635339 354.8972997907 -449.1136753230 2.1043254187 630.8608898131
-265.1434186737 354.9053327261 -449.1240662936 2.1043740881 630.8754805126
-265.7768611269 355.7111707273 -450.1638895909 2.1092444171 632.3355684467
-266.0552368370 356.0653638564 -450.6207382057 2.1113845797 632.9771730502
-266.0584137579 356.0693811212 -450.6259320909 2.1114089111 632.9844674154
-266.0615906799 356.0733983847 -450.6311259758 2.1114332425 632.9917617801
-266.6318582951 356.7984445014 -451.5665764036 2.1158154731 634.3055214886
-266.6350352899 356.8024616755 -451.5717712205 2.1158398067 634.3128164986
-266.9236398395 357.1694330461 -452.0453054514 2.1180579333 634.9777941239
-266.9268169250 357.1734501087 -452.0505002404 2.1180822667 634.9850890922
-267.1074443656 357.4029956021 -452.3467660672 2.1194700330 635.4011309748
-267.1106212202 357.4070129484 -452.3519612878 2.1194943676 635.4084263058
-267.1137980758 357.4110302934 -452.3571565082 2.1195187022 635.4157216363
-267.4814813243 357.8780642695 -452.9600924337 2.1223428763 636.2623877242
-267.4846585630 357.8820811440 -452.9652882744 2.1223672121 636.2696834038
-267.4878358027 357.8860980172 -452.9704841148 2.1223915478 636.2769790829
-267.6685078667 358.1155886994 -453.2667973206 2.1237793905 636.6930438442
-267.6716848631 358.1196058714 -453.2719923511 2.1238037245 636.7003390049
-267.9603891575 358.4864547246 -453.7455111343 2.1260217334 637.3652813255
-267.9635662463 358.4904717833 -453.7507061326 2.1260460672 637.3725764410
-268.5341510108 359.2151283429 -454.6862564669 2.1304282776 638.6863300547
-268.5373275917 359.2191460254 -454.6914534745 2.1304526166 638.6936267230
-268.5405041736 359.2231637067 -454.6966504819 2.1304769557 638.7009233907
-270.4805898074 361.6868763301 -457.8786099925 2.1453789773 643.1684370866
-277.7677212755 370.9240528968 -469.8168633778 2.2012894973 659.9299892864
-284.9674139678 380.0244373412 -481.5913729305 2.2564327643 676.4615248534
-291.1132678430 387.7725175017 -491.6262264235 2.3034289222 690.5506185503
-293.6734954466 390.9947289570 -495.8021420392 2.3229860453 696.4136965481
-295.5414851572 393.3436545199 -498.8473107959 2.3372475741 700.6891953155
-299.2799961736 398.0395506609 -504.9377502994 2.3657709829 709.2402981815
-301.7843900951 401.1810640483 -509.0141071297 2.3848623282 714.9637395054
-303.3414220059 403.1326616146 -511.5472293124 2.3967260498 718.5203937577
-306.8686038655 407.5493121555 -517.2821159641 2.4235850524 726.5725201830
-306.8717481851 407.5532415725 -517.2872221128 2.4236089669 726.5796895500
-306.8748925058 407.5571709885 -517.2923282614 2.4236328813 726.5868589167
-307.0540127876 407.7812544081 -517.5833960915 2.4249960853 726.9955371970
-307.0571554218 407.7851855218 -517.5885048733 2.4250200066 727.0027086305
-307.4279863860 408.2490568187 -518.1913411004 2.4278427232 727.8489377596
-307.4311291502 408.2529878016 -518.1964498602 2.4278666444 727.8561091626
-307.6101801132 408.4771410058 -518.4876634065 2.4292302210 728.2648991289
-307.6133227666 408.4810721002 -518.4927728810 2.4292541439 728.2720710538
-307.6164654211 408.4850031936 -518.4978823554 2.4292780669 728.2792429784
-308.6381427255 409.7630013118 -520.1589724210 2.4370554227 730.6108355877
-310.5342891731 412.1343873013 -523.2414418909 2.4514877899 734.9375504258
-312.4310953950 414.5057104893 -526.3242828010 2.4659218894 739.2647846101
-314.1340028961 416.6331372082 -529.0907851968 2.4788749070 743.1480015723
-314.1372130484 416.6371372741 -529.0959920977 2.4788992862 743.1553102954
-314.1404232017 416.6411373388 -529.1011989982 2.4789236655 743.1626190180
-314.3232128912 416.8693797223 -529.3980612897 2.4803136070 743.5793130028
-314.3264231240 416.8733796867 -529.4032678313 2.4803379854 743.5866214495
-314.7052307076 417.3453753352 -530.0176396922 2.4832146310 744.4490181041
-314.7084410573 417.3493751519 -530.0228462026 2.4832390092 744.4563264991
-314.8912600617 417.5775805221 -530.3196796213 2.4846288574 744.8729925025
-314.8944702187 417.5815805822 -530.3248864189 2.4846532364 744.8803011506
-314.8976803766 417.5855806410 -530.3300932162 2.4846776154 744.8876097982
-315.9404392907 418.8870899535 -532.0231378535 2.4926047104 747.2640930818
-321.5566341451 425.8878392796 -541.1345415114 2.5352656960 760.0535348186
-324.5564222647 429.6209395036 -545.9963649470 2.5580293606 766.8779097886
-326.1654348481 431.6214882398 -548.6027285824 2.5702326325 770.5363586662
-329.0569549300 435.2135434114 -553.2849117475 2.5921532985 777.1080090475
-329.6160580294 435.9076786306 -554.1899222935 2.5963903032 778.3782311036
-329.9926792938 436.3751157118 -554.7994814739 2.5992439892 779.2337446320
-330.6384693556 437.1765637874 -555.8446387547 2.6041369522 780.7006180298
-334.3255072897 441.7480584864 -561.8083674273 2.6320566603 789.0707359424
-336.2117792619 444.0840455201 -564.8571962287 2.6463300135 793.3497795914
-337.5014328129 445.6789038638 -566.9399149233 2.6560804160 796.2728767586
-341.6122841657 450.7618760816 -573.5806212722 2.6871636304 805.5913899880
-341.8562173930 451.0628828424 -573.9741920598 2.6890058179 806.1436638971
-342.8417223255 452.2799278627 -575.5649549710 2.6964518062 808.3759150513
-343.0411196112 452.5246675715 -575.8856315328 2.6979528096 808.8259045400
-343.0948096099 452.5908686690 -575.9722154015 2.6983580861 808.9474033817
-345.6059924312 455.6893895170 -580.0236404807 2.7173217010 814.6325521168
-345.6597225942 455.7555678801 -580.1102326559 2.7177270152 814.7540622476
-345.8591887266 456.0003845500 -580.4310131019 2.7192285065 815.2041980195
-351.6548578260 463.1382157741 -589.7708570350 2.7629459098 828.3103458087
-351.8560989847 463.3848177491 -590.0941938007 2.7644593402 828.7640608293
-351.9104223856 463.4515557177 -590.1816095611 2.7648685039 828.8867250228
-354.4025499858 466.5151164756 -594.1934665751 2.7836464447 834.5162100384
-354.4568969143 466.5818164954 -594.2808685795 2.7840555416 834.6388542082
-354.6580611610 466.8283121280 -594.6040714475 2.7855683469 835.0923818270
-360.6280185706 474.1530326850 -604.2032195669 2.8304987716 848.5621843049
-360.8321606329 474.4027426723 -604.5308856577 2.8320324199 849.0219605005
-360.8874781798 474.4704703329 -604.6197242300 2.8324482308 849.1466174667
-363.3440767021 477.4778035995 -608.5645338637 2.8509122775 854.6819994286
-363.3994118899 477.5455123944 -608.6533654503 2.8513280637 854.8066489964
-363.6035201913 477.7951853218 -608.9809654281 2.8528614377 855.2663429349
-366.7783650408 481.6779572970 -614.0763072005 2.8767102363 862.4160328987
-367.0851388537 482.0523283132 -614.5680374092 2.8790117379 863.1060057074
-367.3823172738 482.4153630207 -615.0446769628 2.8812426171 863.7748064852
-370.7439995146 486.5187678350 -620.4346449579 2.9064682230 871.3372528879
-371.2065747578 487.0830793960 -621.1760832293 2.9099381781 872.3775192517
-371.4872953493 487.4253300148 -621.6259396854 2.9120433623 873.0086376055
-373.9038027989 490.3718110355 -625.4985262739 2.9301661136 878.4417017410
-374.1420102162 490.6614945844 -625.8796604343 2.9319497386 878.9764190813
-374.2090997556 490.7431907498 -625.9870897182 2.9324524842 879.1271384273
-376.2270807406 493.1998437176 -629.2177014683 2.9475715300 883.6597143147
-376.2941946263 493.2815215326 -629.3251274951 2.9480742709 883.8104322320
-376.5325480026 493.5713804768 -629.7064392521 2.9498588519 884.3454361680
-379.0373499988 496.6191666414 -633.7149089211 2.9686189376 889.9695683667
-379.9288012080 497.7025024771 -635.1404130619 2.9752905230 891.9696593492
-382.2336309413 500.5023215258 -638.8251127942 2.9925355736 897.1395954809
-382.4691466659 500.7883180445 -639.2015559040 2.9942973829 897.6677726111
-382.5352557487 500.8686015583 -639.3072267335 2.9947919380 897.8160364894
-382.8750318529 501.2812449192 -639.8503553046 2.9973338430 898.5780804443
-384.5928430099 503.3656038419 -642.5948046164 3.0101781960 902.4287206121
-384.6589921649 503.4458432030 -642.7004702956 3.0106727187 902.5769747913
-384.8947533231 503.7316803587 -643.0769610700 3.0124347188 903.1052091289
-390.5517231970 510.5875841062 -652.1086180063 3.0547034314 915.7770503699
-390.5719257550 510.6120360985 -652.1408489606 3.0548542701 915.8222706939
-390.7606751754 510.8401612092 -652.4417238770 3.0562623419 916.2443999863
-390.8175157813 510.9089131482 -652.5323722887 3.0566865696 916.3715802456
-393.2412517506 513.8399214714 -656.3971735378 3.0747736178 921.7939408980
-393.2981193746 513.9086562036 -656.4878244159 3.0751978606 921.9211256918
-393.5071305804 514.1612443385 -656.8209672639 3.0767569672 922.3885340871
-395.1771194955 516.1790609225 -659.4824017510 3.0892126634 926.1226578638
-399.1342367177 520.9544652300 -665.7839081847 3.1187047567 934.9641650110
-399.3488780019 521.2125816672 -666.1250422000 3.1203012276 935.4427749349
-399.4075483720 521.2832867250 -666.2184063859 3.1207381620 935.5737645868
-401.7622611620 524.1209077854 -669.9654344866 3.1382739236 940.8308536537
-401.8209781651 524.1915965801 -670.0588129910 3.1387109325 940.9618656279
-402.0357795962 524.4498894757 -670.4001641952 3.1403084766 941.4407972959
-407.7282789727 531.2972456374 -679.4481680985 3.1826536757 954.1355686306
-407.9322529286 531.5421106688 -679.7719707899 3.1841691453 954.5898949950
-407.9874106236 531.6083491198 -679.8595501082 3.1845790363 954.7127772181
-409.4805986021 533.4014263973 -682.2303457232 3.1956749487 958.0392480747
-410.5102991121 534.6372663135 -683.8647009050 3.2033241926 960.3324336993
-410.5654914603 534.7034702483 -683.9522741105 3.2037340589 960.4553085247
-410.7698086724 534.9479501890 -684.2760165037 3.2052492081 960.9095388277
-416.4587125366 541.7659609217 -693.2985869213 3.2474757987 973.5687522085
-416.6609051694 542.0075267128 -693.6186496085 3.2489737802 974.0178357716
-416.7154148741 542.0727533761 -693.7050159109 3.2493779983 974.1390173039
-419.2812977756 545.1410135401 -697.7689093312 3.2683979407 979.8410525825
-419.3358450352 545.2062089120 -697.8552755969 3.2688021588 979.9622341486
-419.5380494730 545.4477612333 -698.1753493657 3.2703001602 980.4113236506
-424.4670181126 551.3336990465 -705.9760090540 3.3068081818 991.3561531906
-424.8956087592 551.8449592485 -706.6539008194 3.3099807502 992.3072652672
-425.1753343854 552.1785499745 -707.0962787769 3.3120510723 992.9279322125
-426.7355833107 554.0389521739 -709.5635500827 3.3235978360 996.3895648905
-426.9835752870 554.3345179480 -709.9556039201 3.3254326367 996.9396243048
-428.1762786132 555.7557895002 -711.8408895190 3.3342559309 999.5847813622
-428.4153882801 556.0406077407 -712.2187643613 3.3360244005 1000.1149552089
-428.4825822290 556.1206415726 -712.3249498889 3.3365213529 1000.2639377827
-428.7522869622 556.4403862306 -712.7500000000 3.3385105956 1000.8602977578
-430.1762546379 558.1360798476 -715.0000000000 3.3490406392 1004.0171254088
-430.5079732496 558.5309398479 -715.5240469324 3.3514931336 1004.7523647207
-431.5223515348 559.7385181287 -717.1265068428 3.3589928283 1007.0007166364
-441.0395400346 571.0476050118 -732.1425703035 3.4292755380 1028.0709439256
-442.5391643416 572.8248314928 -734.5039580186 3.4403303369 1031.3850892805
-447.4901845260 578.6827626659 -742.2930583008 3.4767939490 1042.3166054193
-462.1291187600 595.9097778569 -765.2500000000 3.5842663240 1074.5360154660
-462.2905613479 596.0989239928 -765.5024601257 3.5854483656 1074.8903826274
-464.7936081185 599.0295846347 -769.4144206595 3.6037663046 1080.3819626243
-468.5819138428 603.4574938555 -775.3332647690 3.6314722835 1088.6880062416
-469.1170446877 604.0824374505 -776.1690493763 3.6353843169 1089.8608043617
-470.2894133046 605.4512231893 -778.0000000000 3.6439539952 1092.4299292794
-470.9300579126 606.1989050232 -779.0000000000 3.6486351411 1093.8333015182
-474.7764717676 610.6827954571 -785.0000000000 3.6767219858 1102.2535257287
-481.1966107083 618.1472272688 -794.9995000000 3.7235311374 1116.2865563370
-481.3413169788 618.3151841207 -795.2246676464 3.7245851676 1116.6025466501
-481.6487067906 618.6719488356 -795.7029685179 3.7268241289 1117.2737703710
-485.4472032358 623.0755560697 -801.6094320810 3.7544730809 1125.5627179384
-494.0835463852 633.0555444361 -815.0000000000 3.8171879201 1144.3641537239
-509.6236777164 650.8899272132 -839.0000000000 3.9295926751 1178.0622515176
-511.3118378780 652.8178408738 -841.6000000000 3.9417697000 1181.7128317370
-517.8139940484 660.2248238800 -851.6000000000 3.9886044586 1195.7535393555
-518.7601295969 661.3004708858 -853.0536159598 3.9954120992 1197.7944186582
-519.1483880480 661.7417130767 -853.6500000000 3.9982051149 1198.6317436963
-519.1810614507 661.7785980895 -853.7000000000 3.9984392774 1198.7019438673
-519.2533536416 661.8593728049 -853.8100000000 3.9989544260 1198.8563815255
-520.2333395711 662.9726206124 -855.3150000000 4.0060025952 1200.9693694853
-522.9502718330 666.0558618061 -859.4850000000 4.0255316258 1206.8240255810
-524.9128848581 668.2800968399 -862.4950000000 4.0396280822 1211.0500368929
-525.4477795804 668.8858765147 -863.3150000000 4.0434683907 1212.2013324151
-525.4495453174 668.8878456145 -863.3176837055 4.0434809593 1212.2051003842
-525.5054497331 668.9507492244 -863.4030752814 4.0438808734 1212.3249916364
-528.0952542996 671.8813701046 -867.3713104101 4.0624656679 1217.8965728572
-528.1511492272 671.9442108244 -867.4566452374 4.0628653224 1218.0163862561
-528.1698059026 671.9650165598 -867.4850000000 4.0629981193 1218.0561977464
-530.1358815483 674.1865295090 -870.4950000000 4.0770951683 1222.2823867465
-530.6717443964 674.7915776538 -871.3150000000 4.0809356954 1223.4337477892
-531.6213031935 675.8630647613 -872.7675486967 4.0877388053 1225.4732688282
-531.8098924424 676.0747307599 -873.0551761545 4.0890859176 1225.8771229370
-532.4024149808 676.7430652704 -873.9614105066 4.0933302041 1227.1495280137
-532.5935066844 676.9574737899 -874.2528159963 4.0946949843 1227.5586788292
-533.3993610627 677.8660199127 -875.4850000000 4.1004658695 1229.2887466781
-535.3687618759 680.0846685169 -878.4950000000 4.1145630638 1233.5149792117
-535.9054895747 680.6888560096 -879.3150000000 4.1184034270 1234.6662911374
-538.6363525159 683.7601205311 -883.4850000000 4.1379330789 1240.5211334913
-539.6225325981 684.8680532272 -884.9900000000 4.1449815424 1242.6342096918
-541.4711653089 686.9433251322 -887.8100000000 4.1581885731 1246.5935778928
-542.4582234856 688.0505001093 -889.3150000000 4.1652370795 1248.7066669325
-542.5527989850 688.1555296765 -889.4584086206 4.1659087116 1248.9080171807
-542.6145990325 688.2245493835 -889.5524115025 4.1663489596 1249.0400002062
-544.9696937822 690.8633604433 -893.1409131139 4.1831558040 1254.0785654234
-545.0314223934 690.9322482097 -893.2347598364 4.1835953393 1254.2103347726
-545.1957094852 691.1162189436 -893.4850000000 4.1847673585 1254.5616972905
-547.1724908500 693.3285127836 -896.4950000000 4.1988649346 1258.7880442752
-547.7112405815 693.9310647036 -897.3150000000 4.2027055888 1259.9394434634
-548.0884360909 694.3528103587 -897.8890167284 4.2053941260 1260.7454466114
-548.1625795531 694.4354472558 -898.0016485963 4.2059216643 1260.9035986180
-550.1055743477 696.6064387568 -900.9575366077 4.2197658630 1265.0539849876
-550.1799135771 696.6892378235 -901.0704297688 4.2202946108 1265.2124995903
-550.4525294580 696.9936308125 -901.4850000000 4.2222362948 1265.7946018038
-552.4324563556 699.2029937942 -904.4950000000 4.2363336683 1270.0208880626
-552.9720288981 699.8046417788 -905.3150000000 4.2401740310 1271.1721998480
-555.7173232151 702.8629481982 -909.4850000000 4.2597035693 1277.0270081169
-557.7004232005 705.0692042853 -912.4950000000 4.2738004914 1281.2531590502
-558.2408691411 705.6700555813 -913.3150000000 4.2776408328 1282.4044644379
-558.5784071337 706.0452278829 -913.8270663024 4.2800390126 1283.1234206610
-558.6589062642 706.1345396916 -913.9490665665 4.2806103795 1283.2947121587
-560.4485864965 708.1226524161 -916.6631787309 4.2933217332 1287.1054801306
-560.5289945522 708.2118103465 -916.7849939283 4.2938922501 1287.2765167824
-560.9915195291 708.7237342400 -917.4850000000 4.2971707021 1288.2593719536
-561.9845761404 709.8255881800 -918.9900000000 4.3042193057 1290.3724901599
-564.5069674434 712.6209708891 -922.8100000000 4.3221106039 1295.7361664138
-565.5012781959 713.7218094959 -924.3150000000 4.3291594095 1297.8493451866
-565.5896875341 713.8194860884 -924.4486669729 4.3297854427 1298.0370252121
-565.6484454341 713.8844678892 -924.5375523611 4.3302017400 1298.1618280078
-568.1621227157 716.6638703528 -928.3395981527 4.3480089412 1303.5002926304
-568.2209154766 716.7288366679 -928.4284872201 4.3484252751 1303.6251064002
-568.2582959507 716.7701404894 -928.4850000000 4.3486899704 1303.7044600379
-569.2237490859 717.8368591953 -929.9445612364 4.3555262504 1305.7539252284
-570.2494989446 718.9696981032 -931.4950000000 4.3627879546 1307.9309293950
-570.7921296975 719.5687380991 -932.3150000000 4.3666285756 1309.0823185785
-573.5530020150 722.6138151696 -936.4850000000 4.3861595470 1314.9375565022
-575.5472926119 724.8104934377 -939.4950000000 4.4002573921 1319.1639841468
-576.0907225427 725.4087473898 -940.3150000000 4.4040979070 1320.3153415553
-578.8556455566 728.4498220712 -944.4850000000 4.4236283156 1326.1704107535
-580.8528266253 730.6435846410 -947.4950000000 4.4377256619 1330.3966888643
-581.3971483496 731.2410399112 -948.3150000000 4.4415661987 1331.5480528123
-581.4002102905 731.2443519898 -948.3195763084 4.4415876322 1331.5544784093
-581.4566887636 731.3059638213 -948.4043749353 4.4419847929 1331.6735442042
-582.7715336517 732.7485712198 -950.3845403235 4.4512594274 1334.4540096677
-582.7920774253 732.7711005148 -950.4154716123 4.4514043018 1334.4974419187
-584.1069373023 734.2124099080 -952.3955825582 4.4606765849 1337.2772024614
-584.1634191950 734.2739712513 -952.4803788432 4.4610736583 1337.3962420749
-584.1665099138 734.2773148337 -952.4850000000 4.4610952982 1337.4027295596
-585.1662541948 735.3725260283 -953.9900000000 4.4681429015 1339.5155478679
-587.0402999836 737.4239168192 -956.8100000000 4.4813482705 1343.4744179046
-588.0409010795 738.5183282376 -958.3150000000 4.4883958443 1345.5872273900
-590.8149627903 741.5490350435 -962.4850000000 4.5079227397 1351.4412433569
-592.8187563727 743.7353198773 -965.4950000000 4.5220176011 1355.6667764987
-593.3648493147 744.3307729574 -966.3150000000 4.5258574757 1356.8179419400
-596.1432971131 747.3575966049 -970.4850000000 4.5453846080 1362.6720289213
-598.1502770293 749.5411014528 -973.4950000000 4.5594797187 1366.8976368114
-598.6972533051 750.1357548670 -974.3150000000 4.5633196133 1368.0488082716
-598.7706924463 750.2148520162 -974.4245420230 4.5638325781 1368.2025912453
-598.8323821833 750.2816517049 -974.5168243015 4.5642647188 1368.3321437477
-601.2711654484 752.9305499505 -978.1707574814 4.5813761192 1373.4620125545
-601.3327993808 752.9972329942 -978.2629064612 4.5818076539 1373.5913833837
-601.4817115064 753.1576074709 -978.4850000000 4.5828477138 1373.9031855164
-603.4922194303 755.3382500413 -981.4950000000 4.5969434885 1378.1289924651
-604.0401239087 755.9320609044 -982.3150000000 4.6007834048 1379.2801704096
-604.6134337775 756.5531979047 -983.1728674206 4.6048006467 1380.4845092080
-604.7044769807 756.6515406328 -983.3088789300 4.6054375646 1380.6754523932
-606.3094677734 758.3893798174 -985.7098528265 4.6166805829 1384.0460244841
-606.4008089078 758.4879954437 -985.8462821005 4.6173194360 1384.2375478523
-606.8278755182 758.9501546994 -986.4850000000 4.6203102574 1385.1341735395
-607.8343763037 760.0389231362 -987.9900000000 4.6273574536 1387.2468698157
-607.9081747291 760.1182880826 -988.1000000000 4.6278725379 1387.4012881842
-607.9416587463 760.1544194993 -988.1500000000 4.6281066671 1387.4714783517
-610.7615790776 763.2015091197 -992.3641495529 4.6478393906 1393.3872001149
-613.9329621019 766.6219987081 -997.1000000000 4.6700121716 1400.0344326321
-613.9664828989 766.6580755157 -997.1500000000 4.6702462656 1400.1046122602
-614.0403078511 766.7373694350 -997.2600000000 4.6707612702 1400.2590067523
-615.0488026122 767.8237094868 -998.7650000000 4.6778074684 1402.3714038284
-617.8445956878 770.8321468906 -1002.9350000000 4.6973305322 1408.2242711049
-618.1293547093 771.1374655965 -1003.3589081713 4.6993151838 1408.8192546927
-620.4147674163 773.5930304640 -1006.7650000000 4.7152616311 1413.5998793350
-623.2148452201 776.5973911821 -1010.9350000000 4.7347845423 1419.4527008644
-625.7887350454 779.3548749952 -1014.7650000000 4.7527157538 1424.8283428244
-625.8219788754 779.3904652550 -1014.8144491635 4.7529472636 1424.8977477133
-625.8796028345 779.4521573402 -1014.9001636698 4.7533485595 1425.0180532021
-625.8831450876 779.4559494433 -1014.9054326175 4.7533732273 1425.0254484311
-626.6160348733 780.2403494247 -1015.9955430659 4.7584765962 1426.5553999217
-626.6908733850 780.3200374844 -1016.1065568033 4.7589963043 1426.7112044900
-628.5319995844 782.2890459744 -1018.8439940527 4.7718115498 1430.5531184616
-628.5897811432 782.3505812984 -1018.9297127810 4.7722128403 1430.6734222991
-628.5933552328 782.3543675378 -1018.9350000000 4.7722375926 1430.6808428511
-628.8691128053 782.6491161175 -1019.3448728030 4.7741564261 1431.2560946905
-645.7103378771 800.5614983836 -1044.3024412674 4.8910163574 1466.2898242618
-656.8593800365 812.3364186303 -1060.7643399624 4.9680937726 1489.3970535139
-659.6325816411 815.2567727466 -1064.8492199634 4.9872280748 1495.1333730667
-672.2543245460 828.4862875868 -1083.3951759805 5.0741009642 1521.1772120414
-672.3108275264 828.5452016582 -1083.4778925003 5.0744886093 1521.2934251106
-676.4793726664 832.8893434045 -1089.5785930104 5.1030793308 1529.8647077829
-685.2480576610 841.9954825217 -1102.3882811853 5.1631115822 1547.8619239854
-688.3180619196 845.1735003153 -1106.8657495822 5.1840949770 1554.1525875120
-688.5900471675 845.4546889341 -1107.2622647936 5.1859529839 1554.7096039723
-688.6322370087 845.4983053905 -1107.3238014254 5.1862412639 1554.7960281302
-689.0185852175 845.8975378697 -1107.8873907563 5.1888810280 1555.5874094994
-690.4123238420 847.3369005815 -1109.9201858331 5.1984016556 1558.4416221619
-714.9557191290 872.4805554766 -1145.5681663411 5.3653626147 1608.4952584818
-728.3663635897 886.0538586288 -1164.9276295409 5.4560325096 1635.6774155319
-728.9321703756 886.6243460404 -1165.7452161493 5.4598562092 1636.8237318363
-730.4887002437 888.1926923907 -1167.9936246767 5.4703715952 1639.9761652632
-730.5101193735 888.2142641590 -1168.0245580770 5.4705162635 1640.0195357089
-737.5739250585 895.3126297969 -1178.2148067688 5.5181733814 1654.3067832711
-747.2247454370 904.9373729823 -1192.0854622333 5.5830401696 1673.7533571367
-749.5345275958 907.2321609498 -1195.3988979390 5.5985356497 1678.3987852196
-786.9865980827 943.9772743229 -1248.7935768686 5.8482387240 1753.2578836437
-787.9374401073 944.8989939037 -1250.1408556321 5.8545401971 1755.1470177793
-789.6006572987 946.5101629569 -1252.4966620276 5.8655589158 1758.4503467155
-789.8168608764 946.7194818074 -1252.8030424730 5.8669914070 1758.8797967675
-790.9207774704 947.7879654750 -1254.3671081850 5.8743044456 1761.0721906555
-791.5493334389 948.3963993863 -1255.2577301476 5.8784686321 1762.3205823956
-792.0401282917 948.8714774636 -1255.9531699564 5.8817201811 1763.2953722742
-792.5902363849 949.4036619102 -1256.7326118025 5.8853640827 1764.3877865046
-796.2390970262 952.9273531424 -1261.8975584047 5.9095117416 1771.6270737683
-796.5690558318 953.2451112610 -1262.3640368507 5.9116925600 1772.2808667473
-796.7930585274 953.4608610924 -1262.6806016855 5.9131728425 1772.7246442981
-798.4495624501 955.0548773360 -1265.0197689029 5.9241128277 1776.0043711893
-798.6512998837 955.2494763734 -1265.3054938428 5.9254479408 1776.4046280085
-800.4572703484 956.9911209209 -1267.8634151616 5.9373995081 1779.9876180486
-802.5620384481 959.0172468395 -1270.8398984220 5.9513114462 1784.1583125822
-805.0732764356 961.4258880832 -1274.3831646168 5.9678767276 1789.1244595863
-807.2683709017 963.5302127377 -1277.4788096823 5.9823511176 1793.4637730377
-808.4607708883 964.6714489580 -1279.1594451318 5.9902084983 1795.8193566330
-811.8799170344 967.9381296427 -1283.9742846818 6.0127196137 1802.5680198310
-814.8245106335 970.7507907159 -1288.1129055722 6.0320864146 1808.3740416143
-819.2586375758 974.9716690659 -1294.3231343615 6.0611743265 1817.0943811349
-820.6229024209 976.2661904021 -1296.2282147564 6.0701038415 1819.7713827024
-852.3178995462 1005.7715218574 -1340.0330332839 6.2755656325 1881.3672780768
-881.8595166331 1032.3021734271 -1380.2021981583 6.4639683083 1937.8489793750
-884.7287304962 1034.8308617877 -1384.0711495158 6.4821147594 1943.2891485752
-888.5389613165 1038.1798248965 -1389.1942740858 6.5061637352 1950.4988528302
-889.8902165823 1039.3622391883 -1391.0022436575 6.5146632403 1953.0469417756
-894.2304226632 1043.1319884729 -1396.7880764670 6.5418695444 1961.2032024762
-900.4794722933 1048.3157427395 -1405.0069882620 6.5804083618 1972.7569012326
-902.8721718630 1050.2603683256 -1408.0955709798 6.5949656483 1977.1210730084
-907.6478290323 1054.0944586527 -1414.2149151228 6.6238443370 1985.7787045092
-913.6893384357 1058.7915056596 -1421.9907030768 6.6602367493 1996.6889051517
-918.2654558125 1062.2579930064 -1427.8989454192 6.6877159056 2004.9269712466
-919.9571024380 1063.5217001004 -1430.0662178930 6.6978090161 2007.9528124066
-923.0819939830 1065.8422173963 -1434.0662173197 6.7164258912 2013.5340210915
-924.9950937297 1067.2437304259 -1436.5019648399 6.7277656148 2016.9335882374
-925.1704857076 1067.3715388601 -1436.7248090257 6.7288031917 2017.2446460016
-925.1762615971 1067.3757507235 -1436.7321574202 6.7288373881 2017.2548978129
-925.5095030622 1067.6183785583 -1437.1558891020 6.7308092767 2017.8460552002
-925.9272918584 1067.9223687468 -1437.6874792034 6.7332820324 2018.5873688501
-925.9331380769 1067.9266263843 -1437.6949182820 6.7333166405 2018.5977440925
-926.7665819085 1068.5329168018 -1438.7550165323 6.7382484573 2020.0762659591
-927.3874455856 1068.9819790926 -1439.5417671859 6.7419117533 2021.1744948095
-927.5071674208 1069.0681181209 -1439.6930700000 6.7426165594 2021.3857903599
-927.7204218464 1069.2213267450 -1439.9623680000 6.7438711850 2021.7619177862
-928.6091704540 1069.8602350884 -1441.0798601619 6.7490889487 2023.3261646688
-928.6251971513 1069.8717495400 -1441.0999485558 6.7491828800 2023.3543245906
-929.3092572364 1070.3624040877 -1441.9571680000 6.7531905183 2024.5557851755
-929.5724133334 1070.5488737914 -1442.2863100000 6.7547276549 2025.0166074192
-931.1656761434 1071.6825398283 -1444.2811100000 6.7640453350 2027.8099827848
-931.3809565319 1071.8342788732 -1444.5504080000 6.7653018220 2028.1866683798
-932.9837165595 1072.9628182358 -1446.5452080000 6.7746306938 2030.9833989473
-933.2471187357 1073.1468244295 -1446.8743500000 6.7761649923 2031.4433703646
-933.5819030042 1073.3807012417 -1447.2919090292 6.7781132304 2032.0274376429
-934.8494740182 1074.2628624710 -1448.8691500000 6.7854763401 2034.2348455580
-935.0669380046 1074.4129295062 -1449.1384480000 6.7867347752 2034.6121151575
-936.6767799650 1075.5133884495 -1451.1332480000 6.7960398582 2037.4017140378
-936.9413253635 1075.6941850542 -1451.4623900000 6.7975720984 2037.8610683616
-937.0607483369 1075.7748578709 -1451.6082598541 6.7982560916 2038.0661243862
-937.7990884232 1076.2705249202 -1452.5071758404 6.8024739069 2039.3305959084
-941.7304098490 1078.8504332267 -1457.2752001588 6.8248116646 2046.0273325885
-941.7365990789 1078.8544093619 -1457.2826483083 6.8248465842 2046.0378012280
-941.7427858745 1078.8583874949 -1457.2900980498 6.8248815053 2046.0482703202
-943.6731407866 1080.1128023654 -1459.6215927002 6.8358108678 2049.3248294998
-946.0506162973 1081.6189841373 -1462.4626518991 6.8491503575 2053.3239342168
-948.1519152823 1082.9066268593 -1464.9599195219 6.8608536503 2056.8325633570
-948.6046504941 1083.1802167198 -1465.4916945448 6.8633556199 2057.5826355156
-949.4152340619 1083.6671716202 -1466.4505829828 6.8678477841 2058.9293604616
-950.1203308195 1084.0819078901 -1467.2886423934 6.8717542160 2060.1004849564
-953.7261014585 1086.0802392123 -1471.5073881584 6.8914303585 2065.9994626739
-955.2468826410 1086.8819591863 -1473.2363043819 6.8995632580 2068.4376767955
-955.2566504943 1086.8866876480 -1473.2471742429 6.8996144973 2068.4530379218
-964.3947503677 1091.2261535000 -1483.9387668764 6.9487217154 2083.1765504061
-968.1944093922 1092.7943931141 -1488.3983543786 6.9689528288 2089.2419269430
-970.3201586595 1093.6109328527 -1490.9115532132 6.9802653935 2092.6334387652
-971.4277924688 1094.0366841546 -1492.2073886043 6.9861263384 2094.3905271625
-972.0260348885 1094.2613843381 -1492.9086163500 6.9892910009 2095.3392741093
-972.1389240635 1094.3036928964 -1493.0411518064 6.9898886279 2095.5184380540
-976.6556780945 1095.9922876394 -1498.3713223810 7.0138607738 2102.7058384025
-978.7822439615 1096.7344798563 -1500.8746624478 7.0250935536 2106.0734914149
-978.8041627935 1096.7417247913 -1500.9004854167 7.0252090920 2106.1081288616
-979.5117879143 1096.9741333020 -1501.7338116388 7.0289372586 2107.2258109257
-991.0462345612 1100.4519433669 -1515.3494889577 7.0895515589 2125.4006917223
-996.5444374644 1101.7485754577 -1521.9242303043 7.1184735636 2134.0720014907
-997.3595246260 1101.8997457707 -1522.9237814923 7.1228052420 2135.3706158597
-1000.3584922647 1102.3585849441 -1526.5452780666 7.1385645691 2140.0953416497
-1002.0097037887 1102.5504425761 -1528.5326956631 7.1472075192 2142.6864858900
-1002.2162913967 1102.5708617858 -1528.7825604748 7.1482911076 2143.0113371583
-1004.1644010145 1102.7515584205 -1531.1354102212 7.1584983363 2146.0714972480
-1004.1644150116 1102.7515589285 -1531.1354274834 7.1584984105 2146.0715194814
-1004.4579002225 1102.7765689739 -1531.4982955672 7.1600573864 2146.5389105272
-1007.1646630320 1103.0683828492 -1534.8130348304 7.1743656248 2150.8285791664
-1007.4513387537 1103.0859259486 -1535.1599995198 7.1758680605 2151.2790184854
-1007.4513528255 1103.0859265385 -1535.1600161892 7.1758681333 2151.2790403090
-1011.2585517529 1103.1941093636 -1539.6739603085 7.1955721788 2157.1866341776
-1012.0790673558 1103.1831350531 -1540.6347252633 7.1997867885 2158.4501589499
-1012.1467408579 1103.1826327396 -1540.7144549573 7.2001356279 2158.5547385079
-1012.4489347951 1103.1794734961 -1541.0697747631 7.2016915720 2159.0212098763
-1014.2283950124 1102.9633033775 -1543.0793136784 7.2106741750 2161.7142229418
-1015.4986532661 1102.7282946442 -1544.4705262564 7.2170067943 2163.6127524311
-1016.3260449748 1102.5664622955 -1545.3479864860 7.2210657777 2164.8296254831
-1016.4293389358 1102.5454956596 -1545.4568705003 7.2215713027 2164.9811775449
-1017.2577755245 1102.3760850963 -1546.3254045677 7.2256147004 2166.1939097702
-1017.2669537549 1102.3737774450 -1546.3351961387 7.2256601287 2166.2075287746
-1017.2809160911 1102.3702531529 -1546.3501004216 7.2257292655 2166.2282553561
-1017.6170082357 1102.2753537101 -1546.7050605894 7.2273903764 2166.7264006618
-1018.0283637960 1102.1485780468 -1547.1038440211 7.2293457834 2167.3136926982
-1018.3152833174 1102.0555078247 -1547.3646106498 7.2306758282 2167.7129576176
-1018.7322830912 1101.9109872019 -1547.7137753015 7.2325530544 2168.2757479017
-1019.0111449339 1101.8144172994 -1547.9474744654 7.2338087437 2168.6523460694
-1023.5200044284 1100.1686468535 -1551.7743236702 7.2542870048 2174.7961616146
-1023.7488912114 1100.0706607083 -1551.9752187233 7.2553542610 2175.1161227677
-1024.3059006997 1099.8274337130 -1552.4667867514 7.2579618174 2175.8981686827
-1028.2810612940 1097.9539698407 -1556.2251310730 7.2772547229 2181.6863752170
-1028.5989152717 1097.7716810993 -1556.5206314455 7.2788249312 2182.1573813716
-1029.0732564561 1097.4586817556 -1556.8941424402 7.2810934572 2182.8374920688
-1029.3287956889 1097.2994865336 -1557.0835397299 7.2822789458 2183.1933803212
-1029.6097611704 1097.1250291798 -1557.2908880687 7.2835795823 2183.5841960684
-1029.9065308968 1096.9708330802 -1557.4781958648 7.2848550548 2183.9681406341
-1030.5515066509 1096.8775543999 -1557.9082788674 7.2873492858 2184.7686593198
-1031.2261379730 1097.2133154907 -1558.5920043260 7.2904650788 2185.8355391807
-1031.5361247703 1097.2557416991 -1558.7693067288 7.2915048383 2186.3581119667
-1031.7600279849 1097.0545506672 -1558.8872503657 7.2920426973 2187.7650802406
-1031.7729110929 1097.0460826350 -1558.9001421481 7.2921205010 2187.9364341667
