X Y Z LocalTime TrackLength
0.0000000000 0.0000000000 0.0000000000 0.0000000000 0.0000000000
-3.6254806122 23.2176418124 -0.5178215271 0.0784032556 23.5047047161
-3.6256350491 23.2186298151 -0.5178435630 0.0784065921 23.5057049588
-3.7597539049 24.0762055685 -0.5369703695 0.0813026313 24.3739156920
-3.7782965730 24.1947642891 -0.5396138382 0.0817030054 24.4939448083
-3.7821587233 24.2194641640 -0.5401644305 0.0817864166 24.5189508711
-4.3547158529 27.8819807374 -0.6218058086 0.0941546362 28.2268498225
-4.4746647470 28.6476421438 -0.6388741967 0.0967403851 29.0020378478
-4.4749743018 28.6496180428 -0.6389182443 0.0967470580 29.0040383331
-4.4754386341 28.6525818912 -0.6389843157 0.0967570674 29.0070390609
-4.5256710831 28.9736764365 -0.6461420464 0.0978414136 29.3321178810
-4.5925797072 29.4007672506 -0.6556648883 0.0992837612 29.7645228037
-4.8372418997 30.9624673264 -0.6904861221 0.1045578508 31.3456550886
-4.8452033667 31.0132828608 -0.6916191639 0.1047294625 31.3971029976
-5.0684149958 32.4379694600 -0.7233856238 0.1095408451 32.8395191992
-5.0893387624 32.5716910479 -0.7263671666 0.1099924292 32.9749007220
-5.0925621879 32.5922641591 -0.7268258377 0.1100619078 32.9957298786
-5.1102677926 32.7054133072 -0.7293483854 0.1104440183 33.1102837149
-5.1118794769 32.7156998592 -0.7295777545 0.1104787576 33.1206982860
-5.1440684264 32.9214251928 -0.7341648611 0.1111735011 33.3289771447
-5.1762553436 33.1271502673 -0.7387521851 0.1118682427 33.5372554380
-5.1778669570 33.1374368102 -0.7389815262 0.1119029819 33.5476699885
-5.1794785712 33.1477233532 -0.7392108674 0.1119377211 33.5580845393
-5.2140818380 33.3688781056 -0.7441414149 0.1126845704 33.7819843403
-5.2142429995 33.3699067599 -0.7441643496 0.1126880443 33.7830257954
-5.6549458998 36.1848686913 -0.8069252092 0.1221944272 36.6329676712
-5.6773672442 36.3281386296 -0.8101203776 0.1226782584 36.7780166319
-5.7471802793 36.7737509035 -0.8200589409 0.1241831573 37.2291739620
-6.0978953825 39.0123040579 -0.8699857787 0.1317430871 39.4955839142
-6.4867180766 41.4960538919 -0.9253798889 0.1401309241 42.0101941902
-6.4868728635 41.4970418398 -0.9254019094 0.1401342606 42.0111944327
-6.5641115523 41.9900278582 -0.9363901391 0.1417991490 42.5103154324
-6.6344937275 42.4395513405 -0.9464094664 0.1433172336 42.9654257473
-7.1479363159 45.7168760275 -1.0194431810 0.1543852373 46.2835297815
-7.5924246268 48.5536927814 -1.0826608460 0.1639656114 49.1556536752
-7.6864427494 49.1536663820 -1.0960308629 0.1659918218 49.7630962545
-7.6880980388 49.1642293060 -1.0962662508 0.1660274945 49.7737906808
-7.7182097671 49.3564714813 -1.1005501957 0.1666767213 49.9684239830
-7.7595730441 49.6205406153 -1.1064345152 0.1675685176 50.2357777813
-7.7632126856 49.6437786307 -1.1069522909 0.1676469953 50.2593047964
-7.7648679423 49.6543415478 -1.1071876861 0.1676826680 50.2699992111
-7.8080701602 49.9300336903 -1.1133314997 0.1686137262 50.5491234408
-8.0728137490 51.6200800430 -1.1509938119 0.1743212451 52.2601945359
-8.0839023619 51.6908512520 -1.1525704878 0.1745602504 52.3318465231
-8.0847240743 51.6960956783 -1.1526873257 0.1745779616 52.3371562189
-8.0929978035 51.7489097298 -1.1538639388 0.1747563221 52.3906273611
-8.1260939934 51.9601662021 -1.1585707263 0.1754697658 52.6045123973
-8.2799962037 52.9425098293 -1.1804539176 0.1787872846 53.5990795225
-8.3996492103 53.7062312865 -1.1974690727 0.1813664854 54.3723044716
-8.4852534786 54.2523127000 -1.2096354176 0.1832107089 54.9251887464
-8.8298936760 56.4481465895 -1.2585657819 0.1906266854 57.1484425845
-8.8632163092 56.6607602264 -1.2633033221 0.1913447196 57.3637038230
-8.8960953597 56.8702302113 -1.2679696648 0.1920521625 57.5757898483
-8.9447063342 57.1802818575 -1.2748764655 0.1930992709 57.8897050505
-9.7393336793 62.2495407611 -1.3877798716 0.2102191261 63.0221085458
-9.9139791381 63.3619908151 -1.4125573185 0.2139762191 64.1484566704
-10.9160246568 69.7509885643 -1.5548552615 0.2355533654 70.6171223895
-10.9541593468 69.9940148084 -1.5602678137 0.2363741317 70.8631819467
-12.9494586866 82.7001045983 -1.8431783055 0.2792868611 83.7280945690
-13.0627145892 83.4209563095 -1.8592286769 0.2817214487 84.4579655881
-13.1538675451 84.0011105213 -1.8721463086 0.2836808493 85.0453791022
-13.1554723875 84.0113245077 -1.8723737338 0.2837153458 85.0557208988
-13.1846706108 84.1972180544 -1.8765128177 0.2843431741 85.2439390674
-13.2247771404 84.4525662395 -1.8822014702 0.2852055749 85.5024803410
-13.2283061582 84.4750368436 -1.8827020170 0.2852814659 85.5252318808
-13.2299107403 84.4852508036 -1.8829295248 0.2853159622 85.5355736128
-13.2717903509 84.7518351600 -1.8888674778 0.2862163158 85.8054928233
-13.3359585318 85.1603920264 -1.8979677040 0.2875961551 86.2191582470
-13.5392612380 86.4545009698 -1.9267939175 0.2919668388 87.5294562662
-13.8518248347 88.4439978630 -1.9711081200 0.2986861128 89.5438439249
-13.9484753984 89.0591393938 -1.9848098544 0.3007636794 90.1666827258
-13.9501770361 89.0699693621 -1.9850510826 0.3008002563 90.1776482161
-13.9811443112 89.2670740951 -1.9894414107 0.3014659530 90.3772190629
-14.0236872071 89.5378238366 -1.9954732678 0.3023803793 90.6513571736
-14.0274308222 89.5616497702 -1.9960040028 0.3024608486 90.6754812580
-14.0291324019 89.5724797227 -1.9962452640 0.3024974255 90.6864467243
-14.0485719977 89.6962058194 -1.9990015363 0.3029152955 90.8117209912
-14.0736693151 89.8551757793 -2.0025433022 0.3034522598 90.9726988540
-14.3459762717 91.5879829719 -2.0411450063 0.3093046340 92.7271964851
-14.3574319879 91.6605586981 -2.0427633442 0.3095497772 92.8006885891
-14.3582862997 91.6659710285 -2.0428840316 0.3095680588 92.8061692587
-14.3753045752 91.7742712299 -2.0452987139 0.3099338310 92.9158250202
-14.4263609541 92.0991722578 -2.0525424184 0.3110311499 93.2447929563
-14.8490671872 94.7890645248 -2.1125217444 0.3201159801 95.9683565216
-15.2488240811 97.3324068457 -2.1692330467 0.3287058948 98.5435481471
-15.2728013751 97.4842965149 -2.1726202507 0.3292189426 98.6973560101
-15.8099480243 100.9008967625 -2.2488043450 0.3407582779 102.1567617094
-16.8148670933 107.2903548537 -2.3912790393 0.3623384405 108.6263317179
-16.8482819726 107.5027423816 -2.3960149548 0.3630557774 108.8413839094
-18.2000088786 116.0920314958 -2.5875067454 0.3920662137 117.5384939058
-18.5624378951 118.3940160355 -2.6388282484 0.3998412783 119.8693996332
-18.6559591765 118.9859686471 -2.6520266111 0.4018407950 120.4688396664
-18.6576057174 118.9963903547 -2.6522589769 0.4018759978 120.4793932009
-18.6874705850 119.1860481144 -2.6564873074 0.4025165786 120.6714344853
-18.7284920121 119.4465667199 -2.6622965347 0.4033964954 120.9352269196
-18.7321019209 119.4694923611 -2.6628076261 0.4034739281 120.9584406586
-18.7337482296 119.4799140293 -2.6630400069 0.4035091307 120.9689941183
-18.7767169051 119.7519195735 -2.6691051452 0.4044279173 121.2444394221
-18.8246465685 120.0563083705 -2.6758917889 0.4054560085 121.5526533915
-18.8423597434 120.1687507922 -2.6783993896 0.4058357935 121.6665100682
-18.9590291458 120.9072997517 -2.6948698860 0.4083304819 122.4143988548
-19.0396915470 121.4193128038 -2.7062876110 0.4100598570 122.9328524720
-19.0507217999 121.4891379784 -2.7078446421 0.4102957141 123.0035606484
-19.0516454945 121.4949852566 -2.7079750305 0.4103154652 123.0094818710
-19.0680584121 121.5991934355 -2.7102986004 0.4106674366 123.1150002457
-19.1173120200 121.9118204901 -2.7172659698 0.4117233666 123.4315600941
-19.3066150852 123.1103085350 -2.7439782216 0.4157716351 124.6452004418
-19.9315957720 127.0779884581 -2.8324053029 0.4291728208 128.6627748578
-20.4713989640 130.5039275380 -2.9087589811 0.4407443107 132.1318202526
-21.0991651289 134.4869757815 -2.9975295141 0.4541975936 136.1650130175
-22.1065568069 140.8760453240 -3.1399233199 0.4757777531 142.6345820626
-22.1388148229 141.0805164693 -3.1444802494 0.4764683983 142.8416322847
-22.1689479556 141.2711497318 -3.1487288469 0.4771123334 143.0346791663
-30.1117639668 191.5313393410 -4.2688595867 0.6468839982 193.9309438554
-30.1117655756 191.5313494986 -4.2688598131 0.6468840325 193.9309541421
-30.5915200294 194.5607635507 -4.3363781982 0.6571174792 196.9988642725
-31.8618256983 202.5774644049 -4.5150877134 0.6841985097 205.1175529773
-31.8618273086 202.5774745618 -4.5150879399 0.6841985440 205.1175632636
-33.0096980455 209.8179806488 -4.6765439160 0.7086578244 212.4502710644
-35.4546630219 225.2264790605 -5.0201339158 0.7607106839 228.0553257533
-35.5330896608 225.7202904906 -5.0311456216 0.7623789104 228.5554474625
-35.5409712190 225.7696655107 -5.0322469092 0.7625457333 228.6054597108
-35.5644967357 225.9178093288 -5.0355507667 0.7630462012 228.7554962272
-35.6117866636 226.2140593567 -5.0421583968 0.7640471386 229.0555697142
-36.3967263382 231.1520675051 -5.1522854188 0.7807294067 234.0567878628
-38.1230573713 242.0157691074 -5.3945559977 0.8174303905 245.0594660164
-39.6936918822 251.8916648576 -5.6147830554 0.8507949229 255.0619012056
-39.7725654218 252.3854057583 -5.6257942929 0.8524631516 255.5620235834
-40.4015830972 256.3356434116 -5.7138849884 0.8658089676 259.5629985661
-40.6381947521 257.8168674220 -5.7469234512 0.8708136536 261.0633656657
-43.3121319105 274.6052789539 -6.1213588696 0.9275333718 278.0675094131
-44.2575392171 280.5303374369 -6.2535132454 0.9475521031 284.0689740813
-44.8918939782 284.5080783371 -6.3422203364 0.9609913412 288.0979562832
-45.2660312768 286.8481172433 -6.3944079752 0.9688979253 290.4682905662
-46.1543593465 292.4153072026 -6.5185609737 0.9877075525 296.1072749412
-46.1551521390 292.4202641834 -6.5186715286 0.9877243014 296.1122961364
-46.1559449316 292.4252211642 -6.5187820835 0.9877410503 296.1173173317
-46.2010458073 292.7077914140 -6.5250838900 0.9886957650 296.4035335923
-46.2018385303 292.7127484125 -6.5251944396 0.9887125139 296.4085547939
-46.2953798645 293.2976742205 -6.5382392946 0.9906888871 297.0010565763
-46.2961726045 293.3026312146 -6.5383498435 0.9907056360 297.0060777763
-46.3412731697 293.5852015430 -6.5446513073 0.9916603508 297.2922940580
-46.3420658871 293.5901585428 -6.5447618214 0.9916770997 297.2973152593
-46.3428586047 293.5951155426 -6.5448723356 0.9916938486 297.3023364606
-46.6005711388 295.2066361613 -6.5808004918 0.9971389240 298.9347289902
-47.0288293426 297.8844396567 -6.6405010577 1.0061868161 301.6472188102
-47.9517316899 303.6636580567 -6.7693425627 1.0257132019 307.5010819966
-47.9525548840 303.6688036340 -6.7694572850 1.0257305882 307.5062942683
-47.9533780783 303.6739492112 -6.7695720073 1.0257479744 307.5115065399
-48.0002330707 303.9672790367 -6.7761116371 1.0267390615 307.8086269593
-48.0010562818 303.9724246059 -6.7762263876 1.0267564477 307.8138392262
-48.1475878971 304.8883359060 -6.7966519733 1.0298512004 308.7416227380
-48.4152234912 306.5611558555 -6.8339599030 1.0355034608 310.4361277772
-50.1805403871 317.6052587591 -7.0802644087 1.0728193134 321.6231389413
-51.8330362119 327.9288586829 -7.3105048885 1.1077019641 332.0806945537
-54.2499208787 343.0216628741 -7.6471187355 1.1586999087 347.3694937022
-54.5212622745 344.7150010661 -7.6848861900 1.1644217209 349.0848498654
-55.4710033673 350.6393699878 -7.8170225830 1.1844404626 355.0863176302
-56.1077960404 354.6106480458 -7.9056123415 1.1978596937 359.1093019045
-57.8071228395 365.2022754238 -8.1418890511 1.2336500655 369.8389854473
-58.7223817946 370.9033279884 -8.2690675875 1.2529149078 375.6144398618
-58.7231989186 370.9084037368 -8.2691808263 1.2529320608 375.6195822093
-58.7240160429 370.9134794851 -8.2692940650 1.2529492138 375.6247245568
-58.7611425242 371.1446796239 -8.2744521546 1.2537304839 375.8589434409
-58.7704826964 371.2028426905 -8.2757500554 1.2539270283 375.9178659806
-58.7712998848 371.2079184122 -8.2758633020 1.2539441813 375.9230083121
-58.8677281239 371.8068535607 -8.2892264112 1.2559682319 376.5298034257
-58.8685453297 371.8119292750 -8.2893396583 1.2559853849 376.5349457528
-58.9150164579 372.1012906179 -8.2957953532 1.2569631957 376.8280860409
-58.9158336280 372.1063663471 -8.2959085617 1.2569803486 376.8332283761
-58.9166507983 372.1114420763 -8.2960217702 1.2569975016 376.8383707113
-59.1823129170 373.7615616035 -8.3328258553 1.2625739366 378.5101438711
-61.2916070818 386.8871021956 -8.6255636116 1.3069285093 391.8073102423
-63.2432243046 399.0191656795 -8.8961530665 1.3479269146 404.0983229388
-65.9462635140 415.8029465126 -9.2704997017 1.4046467262 421.1024946768
-66.8055690778 421.1336536389 -9.3893734907 1.4226619593 426.5033256793
-66.9011707050 421.7264911744 -9.4025950523 1.4246654854 427.1039676896
-67.5411119696 425.6942289425 -9.4910834961 1.4380747197 431.1239550072
-68.0814872951 429.0441111852 -9.5657918481 1.4493959155 434.5179641222
-68.8131439396 433.5783641228 -9.6669093702 1.4647199081 439.1119815262
-69.7268970741 439.2388112501 -9.7931408829 1.4838501916 444.8470962489
-69.7277141811 439.2438504110 -9.7932532731 1.4838672241 444.8522024650
-69.7285312882 439.2488895719 -9.7933656633 1.4838842566 444.8573086810
-69.7749266738 439.5361901923 -9.7997727593 1.4848552389 445.1484018434
-69.7757437065 439.5412293815 -9.7998851341 1.4848722714 445.1535080751
-69.8721535858 440.1358537047 -9.8131453668 1.4868821130 445.7560434162
-69.8729706369 440.1408928869 -9.8132577416 1.4868991456 445.7611496439
-69.9193656467 440.4281936504 -9.8196639449 1.4878701280 446.0522428680
-69.9201826735 440.4332328419 -9.8197763565 1.4878871606 446.0573491018
-69.9209997005 440.4382720333 -9.8198887682 1.4879041932 446.0624553356
-70.1856026283 442.0768988067 -9.8564386200 1.4934422094 447.7227108290
-70.9273327804 446.6691230757 -9.9588701847 1.5089625060 452.3755787177
-71.5514424371 450.5318334577 -10.0450300193 1.5220173831 456.2893323992
-72.7038483155 457.6611305760 -10.2040544096 1.5461126749 463.5129191469
-74.5562304240 469.1123197114 -10.4594912717 1.5848156412 475.1157765670
-77.2739228986 485.8937546829 -10.8338320990 1.6415355203 492.1199685271
-78.2348951898 491.8163286987 -10.9659576265 1.6615543156 498.1214523714
-78.2873913886 492.1395082145 -10.9731687648 1.6626467207 498.4489471866
-78.4474742361 493.1266405161 -10.9951938204 1.6659832652 499.4492180511
-78.4475066573 493.1268401231 -10.9951982728 1.6659839399 499.4494203230
-78.7360968606 494.9036033238 -11.0348300181 1.6719897079 501.2499042942
-78.8785263638 495.7804376281 -11.0543883538 1.6749535654 502.1384464185
-79.7905579902 501.4026966601 -11.1797920198 1.6939571556 507.8355794171
-80.7046659578 507.0352371999 -11.3054270167 1.7129957162 513.5431962994
-80.7054810041 507.0402524448 -11.3055388872 1.7130126688 513.5482785722
-80.7062960506 507.0452676896 -11.3056507577 1.7130296215 513.5533608450
-80.7527067006 507.3311532671 -11.3120275712 1.7139959514 513.8430592669
-80.7535217516 507.3361685104 -11.3121394303 1.7140129040 513.8481415386
-80.8496977893 507.9279672038 -11.3253388083 1.7160133148 514.4478495933
-80.8505128585 507.9329824405 -11.3254506673 1.7160302674 514.4529318616
-80.8969276136 508.2188665662 -11.3318268173 1.7169965947 514.7426294937
-80.8977426457 508.2238818161 -11.3319386904 1.7170135473 514.7477117693
-80.8985576780 508.2288970659 -11.3320505634 1.7170305000 514.7527940448
-81.1635247202 509.8593547733 -11.3684204887 1.7225418053 516.4050418060
-81.5535995550 512.2595010022 -11.4219600287 1.7306548403 518.8372685275
-83.4511653569 523.9341294819 -11.6823832346 1.7701178168 530.6679712638
-83.9501015430 527.0023729168 -11.7508301979 1.7804893218 533.7772702352
-85.1011580833 534.0800050485 -11.9087197080 1.8044137370 540.9496294622
-85.1305546196 534.2600384365 -11.9127363893 1.8050223641 541.1320912794
-86.0139397563 539.6886622559 -12.0338423888 1.8233729351 546.6334540706
-86.1106178980 540.2808265016 -12.0470411368 1.8253748183 547.2336035465
-87.2192200755 547.0902116200 -12.1988067958 1.8483930992 554.1343105627
-87.7024556083 550.0520696082 -12.2648235419 1.8584058454 557.1360563541
-87.7925861012 550.6053955826 -12.2771548674 1.8602763199 557.6968104904
-88.0322283968 552.0753836783 -12.3099185154 1.8652456042 559.1865644632
-88.9886015247 557.9437242358 -12.4405661906 1.8850833145 565.1337603824
-89.0507525798 558.3247198876 -12.4490486520 1.8863712883 565.5198852237
-90.3836257132 566.4970155308 -12.6310037542 1.9139979831 573.8021599494
-90.4382422813 566.8312853856 -12.6384471907 1.9151280454 574.1409441164
-90.4532030056 566.9229182978 -12.6404876105 1.9154378217 574.2338127182
-91.0409033291 570.5221684640 -12.7206330897 1.9276055599 577.8816088709
-91.0558666740 570.6138010663 -12.7226734613 1.9279153366 577.9744775881
-91.1104774521 570.9480465563 -12.7301166376 1.9290453157 578.3132367744
-92.5268814215 579.6208055001 -12.9232413177 1.9583648682 587.1030174984
-92.5819014159 579.9573459824 -12.9307343428 1.9595026242 587.4441081634
-92.5970041144 580.0497525880 -12.9327917462 1.9598150245 587.5377634098
-93.1800792546 583.6171449601 -13.0122096113 1.9718753719 591.1533646267
-93.1951851434 583.7095501992 -13.0142668783 1.9721877694 591.2470190364
-93.2502044930 584.0460798828 -13.0217600395 1.9733254895 591.5880989452
-93.8098791106 587.4691489635 -13.0979818947 1.9848980233 595.0574572984
-95.7717301149 599.4536531804 -13.3648567625 2.0254158913 607.2044085318
-95.8229342197 599.7663560367 -13.3718266665 2.0264731028 607.5213525589
-95.8367654918 599.8508367491 -13.3737096794 2.0267587209 607.6069787266
-96.2756956889 602.5317247830 -13.4334653446 2.0358224567 610.3242183386
-96.4787188298 603.7690437701 -13.4610463649 2.0400059109 611.5783863658
-96.4925702875 603.8535210705 -13.4629293680 2.0402915287 611.6640124304
-96.5439823725 604.1661737128 -13.4699000097 2.0413486874 611.9809406263
-97.9855552827 612.9644658968 -13.6660391487 2.0710951525 620.8987065189
-98.0368113509 613.2759862247 -13.6729816817 2.0721484986 621.2144917464
-98.0506150545 613.3600933014 -13.6748559305 2.0724328717 621.2997446378
-98.6959708312 617.2961254505 -13.7625665926 2.0857405852 625.2892967835
-98.7097805169 617.3802339132 -13.7644409964 2.0860249660 625.3745520143
-98.7610404623 617.6917758634 -13.7713841328 2.0870783854 625.6903592104
-101.3584022939 633.5163336553 -14.1240329560 2.1405826569 641.7305362810
-101.4100996940 633.8302262095 -14.1310288759 2.1416440520 642.0487344989
-101.4240571447 633.9151032756 -14.1329205069 2.1419310432 642.1347723111
-102.0652462686 637.8134300278 -14.2198167562 2.1551123661 646.0864334984
-102.0792070790 637.8983061748 -14.2217087372 2.1553993562 646.1724709565
-102.1309078147 638.2122164308 -14.2287054995 2.1564608113 646.4906871941
-103.6791237681 647.6286615614 -14.4385796245 2.1883001042 656.0358670706
-103.7376711248 647.9839259190 -14.4464965419 2.1895014131 656.3960104284
-103.7539579199 648.0828593901 -14.4487011707 2.1898359423 656.4962997691
-104.3002864492 651.4010378931 -14.5226451312 2.2010559255 659.8599661059
-104.3165762868 651.4999700308 -14.5248497842 2.2013904520 659.9602546257
-104.3751337458 651.8552882064 -14.5327644950 2.2025919433 660.3204526643
-104.9153084611 655.1310682101 -14.6057336634 2.2136690079 663.6412730814
-105.0145498006 655.7330960256 -14.6191445841 2.2157047499 664.2515731655
-105.0529561405 655.9662511248 -14.6243382544 2.2164931427 664.4879273945
-105.2533920896 657.1829468282 -14.6514450687 2.2206072982 665.7213201904
-105.2918020861 657.4161103119 -14.6566396909 2.2213957207 665.9576833055
-105.3910167746 658.0179694916 -14.6700450745 2.2234308929 666.5678125826
-107.1189818981 668.5056703652 -14.9036374502 2.2588943098 677.1994774929
-107.1743387940 668.8412114061 -14.9111072633 2.2600289572 677.5396362420
-107.1895235882 668.9332881486 -14.9131570509 2.2603403158 677.6329791910
-107.7798026282 672.5124142668 -14.9928348731 2.2724431877 681.2613289098
-107.7949904935 672.6044911859 -14.9948846575 2.2727545485 681.3546725326
-107.8503498242 672.9400457305 -15.0023549207 2.2738892418 681.6948450077
-108.4152871206 676.3639288304 -15.0785797918 2.2854672990 685.1658592507
-108.5549775335 677.2104408085 -15.0974265789 2.2883298370 686.0240265666
-108.6833920324 677.9886326804 -15.1147522771 2.2909613450 686.8129328049
-108.6892174512 678.0239326415 -15.1155382542 2.2910807144 686.8487188430
-108.8234440824 678.8342439407 -15.1335820538 2.2938211152 687.6702703334
-109.5993478757 683.5344168109 -15.2382346901 2.3097152269 692.4352051614
-109.7064199868 684.1805551218 -15.2526200873 2.3119004311 693.0903128931
-109.7530372610 684.4625857678 -15.2588986945 2.3128541787 693.3762392422
-109.9046980967 685.3794242749 -15.2793051305 2.3159547289 694.3057607863
-109.9512923425 685.6612872167 -15.2855787231 2.3169079118 694.5915178514
-110.0584609585 686.3080135931 -15.2999741602 2.3190951041 695.2472215867
-110.4473138906 688.6620483469 -15.3523688992 2.3270556456 697.6337318915
-110.5124818845 689.0562048360 -15.3611406155 2.3283885802 698.0333356317
-110.9085153601 691.4531261047 -15.4145028376 2.3364942025 700.4633400781
-110.9715972358 691.8345790616 -15.4229952954 2.3377841851 700.8500671187
-112.2664732559 699.6662871238 -15.5974197778 2.3642690018 708.7900154225
-112.3180748906 699.9774196195 -15.6043484837 2.3653212586 709.1054740915
-112.3319776239 700.0613991500 -15.6062185588 2.3656052654 709.1906171756
-112.9845913769 704.0017004254 -15.6939658269 2.3789309647 713.1855613136
-112.9984997050 704.0856794046 -15.6958359091 2.3792149727 713.2707047678
-113.0501001487 704.3968056311 -15.7027636724 2.3802672082 713.5861570350
-114.3764591839 712.4085961496 -15.8811502941 2.4073619438 721.7089544279
-114.4282063762 712.7204282239 -15.8880943140 2.4084165827 722.0251272241
-114.4421644881 712.8046332038 -15.8899693740 2.4087013618 722.1105018305
-115.0935405064 716.7337011158 -15.9774667585 2.4219894104 726.0941586032
-115.1075015938 716.8179056362 -15.9793417191 2.4222741896 726.1795332405
-115.1592460023 717.1297304510 -15.9862847052 2.4233288030 726.4956983966
-116.5173536491 725.3223797044 -16.1686944884 2.4510361619 734.8021556200
-116.5705631161 725.6428485013 -16.1758285301 2.4521200265 735.1270900640
-116.5850038237 725.7298771174 -16.1777658715 2.4524143629 735.2153298926
-117.2148923228 729.5257013733 -16.2622759474 2.4652521106 739.0639898273
-117.2293361325 729.6127291579 -16.2642134015 2.4655464459 739.1522293460
-117.2825425857 729.9331846159 -16.2713470819 2.4666302650 739.4771501319
-117.7265279989 732.6066498524 -16.3308616297 2.4756723020 742.1878846172
-117.8248528815 733.1987273153 -16.3440408028 2.4776747903 742.7882155228
-117.8621087999 733.4231343668 -16.3490359522 2.4784337603 743.0157489923
-118.0748474695 734.7045046719 -16.3775589639 2.4827675027 744.3149722847
-118.1121059751 734.9289098608 -16.3825545007 2.4835264680 744.5425043494
-118.2104201882 735.5209243669 -16.3957301053 2.4855287431 745.1427713374
-118.7373176504 738.6933078315 -16.4663334696 2.4962582213 748.3593879813
-118.8007634554 739.0752691532 -16.4748336006 2.4975500754 748.7466760830
-118.8188165899 739.1839638232 -16.4772525057 2.4979176972 748.8568863278
-119.0883954016 740.8070245982 -16.5133731247 2.5034071364 750.5025788003
-119.3176943382 742.1843712109 -16.5440252732 2.5080658236 751.8992180996
-119.3357612707 742.2930460908 -16.5464435955 2.5084333878 752.0094110754
-119.3995082461 742.6750671502 -16.5549464550 2.5097256037 752.3968076308
-120.0526625064 746.6057156265 -16.6424232264 2.5230198215 756.3823138876
-120.2238958119 747.6316436170 -16.6652602925 2.5264901240 757.4226843936
-120.8720127544 751.5301633166 -16.7520317004 2.5396758417 761.3756631069
-120.9273283204 751.8614922751 -16.7594069559 2.5407966027 761.7116587932
-120.9424174672 751.9521752006 -16.7614253408 2.5411033211 761.8036106786
-121.5469712841 755.5872593637 -16.8423398167 2.5533981649 765.4895121079
-121.5620669730 755.6779494612 -16.8443585265 2.5537049106 765.5814721473
-121.6174050542 756.0094184483 -16.8517375339 2.5548261448 765.9176097016
-124.1693174046 771.3383125944 -17.1929546888 2.6066740330 781.4612155516
-124.2238072415 771.6643978435 -17.2002158214 2.6077770839 781.7919019058
-124.2386259559 771.7532873622 -17.2021950502 2.6080777519 781.8820399011
-124.8578727165 775.4647632019 -17.2848285371 2.6206320640 785.6457279878
-124.8726977931 775.5536581737 -17.2868077557 2.6209327534 785.7358724065
-124.9271789888 775.8796947720 -17.2940673312 2.6220356395 786.0665093253
-125.5754493511 779.7683477088 -17.3806470781 2.6351889698 790.0097785523
-125.7544767031 780.8394370007 -17.4044967976 2.6388121760 791.0959884464
-126.4755224002 785.1623881831 -17.5007495260 2.6534347214 795.4797172723
-126.5471458269 785.5907689183 -17.5102866723 2.6548838297 795.9141490100
-126.5683980903 785.7180787102 -17.5131207850 2.6553144695 796.0432515819
-126.9902610572 788.2439470909 -17.5693564452 2.6638586225 798.6047241959
-127.0115219610 788.3712719533 -17.5721912013 2.6642893167 798.7338430655
-127.0831246309 788.7995240677 -17.5817250128 2.6657379902 799.1681444763
-127.5822504352 791.7898240595 -17.6482924531 2.6758529890 802.2005448185
-127.6493800351 792.1912378840 -17.6572263335 2.6772108827 802.6076311244
-127.6687996997 792.3074937903 -17.6598136489 2.6776041384 802.7255262191
-128.1348930606 795.0969950279 -17.7219001635 2.6870401797 805.5543802202
-128.1543172610 795.2132453450 -17.7244876436 2.6874334195 805.6722705543
-128.2214591663 795.6147416590 -17.7334232366 2.6887915915 806.0794402650
-128.6835141121 798.3765155346 -17.7948888266 2.6981341662 808.8802737050
-128.7445969967 798.7416999710 -17.8030160616 2.6993695106 809.2506206307
-128.7617294477 798.8442003627 -17.8052971787 2.6997162417 809.3545679956
-129.2954908355 802.0372153115 -17.8763636346 2.7105173830 812.5926686978
-129.3126268985 802.1397148495 -17.8786447781 2.7108641132 812.6966158170
-129.3737190606 802.5049403431 -17.8867734899 2.7120995979 813.0670047887
-130.9005492012 811.6364567803 -18.0900086036 2.7429893454 822.3275181328
-130.9527459061 811.9483153056 -18.0969477813 2.7440443174 822.6437907814
-130.9668375635 812.0325327680 -18.0988216785 2.7443292106 822.7291996057
-131.6238488126 815.9589824331 -18.1861905175 2.7576117245 826.7111971041
-131.6379435141 816.0431995979 -18.1880644541 2.7578966184 826.7966061380
-131.6901410054 816.3550602016 -18.1950029295 2.7589515976 827.1128809501
-132.0015250125 818.2153738973 -18.2363891164 2.7652447772 828.9995287347
-133.2241346822 825.5164555148 -18.3988283978 2.7899436058 836.4040512565
-133.2828111489 825.8667143771 -18.4066212073 2.7911285094 836.7592764334
-133.2990971295 825.9638834015 -18.4087831220 2.7914572305 836.8578245250
-133.8652376062 829.3425985790 -18.4839445610 2.8028872804 840.2844672782
-133.8815278369 829.4397587769 -18.4861057992 2.8032159747 840.3830073546
-133.9411197624 829.7893916504 -18.4938869801 2.8043993293 840.7377681363
-134.3492132558 832.2240410186 -18.5480456118 2.8126357225 843.2069767147
-134.4047761393 832.5499741230 -18.5552990528 2.8137388695 843.5376918653
-134.4196718887 832.6387852218 -18.5572745966 2.8140393217 843.6277651544
-135.0424376950 836.3527833144 -18.6398836635 2.8266038640 847.3945201716
-135.0573380952 836.4415891145 -18.6418590405 2.8269043012 847.4845890018
-135.1128125662 836.7670053364 -18.6490998246 2.8280056985 847.8147795904
-135.6789158837 840.1416921326 -18.7241563946 2.8394224711 851.2374419293
-136.0646745015 842.4407097619 -18.7752914402 2.8472002436 853.5691594432
-136.8135725356 846.9024194376 -18.8745293025 2.8622947283 858.0943721077
-136.9219323851 847.5478381588 -18.8888844533 2.8644782696 858.7489813445
-136.9691086800 847.8287066017 -18.8951314960 2.8654284983 859.0338527378
-137.1238695304 848.7503717204 -18.9156361246 2.8685466321 859.9686457423
-137.1710363700 849.0311542205 -18.9218828553 2.8694965729 860.2534308277
-137.2794312698 849.6766101315 -18.9362377482 2.8716802560 860.9080825395
-137.6820892043 852.0740715716 -18.9895572595 2.8797912823 863.3397070458
-137.7497749770 852.4768966651 -18.9985161555 2.8811541261 863.7482773358
-138.1528252125 854.8759523547 -19.0518900144 2.8892706162 866.1815398508
-138.2168331660 855.2567825651 -19.0603627646 2.8905590567 866.5678045980
-138.6859460829 858.0482572987 -19.1224489195 2.9000032528 869.3991033829
-139.0709127079 860.3382769855 -19.1733776713 2.9077509806 871.7218137409
-139.6060420464 863.5208867908 -19.2441578686 2.9185186334 874.9498748355
-139.6733390321 863.9151218093 -19.2529284133 2.9198530040 875.3499090605
-139.6924723458 864.0288588244 -19.2554576854 2.9202378130 875.4652719208
-140.1726808863 866.8839187083 -19.3189516873 2.9298973585 878.3611308041
-140.1918211675 866.9976650523 -19.3214815002 2.9302822022 878.4765040294
-140.2593499829 867.3932514531 -19.3302837765 2.9316211475 878.8779097265
-140.8121420826 870.6786051724 -19.4033573491 2.9427366262 882.2102464315
-140.9515297538 871.5068298187 -19.4217768480 2.9455388114 883.0503203958
-141.0913219771 872.3371805835 -19.4402438013 2.9483482158 883.8925586562
-141.2307518823 873.1655089900 -19.4586624812 2.9511507655 884.7327419191
-141.7939052409 876.5105773263 -19.5330436055 2.9624684514 888.1256988066
-141.8694040080 876.9589392499 -19.5430141756 2.9639854454 888.5804821560
-141.8923379751 877.0951057680 -19.5460422343 2.9644461559 888.7185997024
-142.2869846071 879.4385442047 -19.5981554061 2.9723750001 891.0956073706
-142.3099257824 879.5747227191 -19.6011838045 2.9728357541 891.2337379484
-142.3854438016 880.0230820782 -19.6111561043 2.9743527504 891.6885219992
-142.9114023862 883.1451990320 -19.6805983118 2.9849162934 894.8553925251
-142.9964299196 883.6498275640 -19.6918202745 2.9866236906 895.3672573209
-143.0241457252 883.8142776771 -19.6954773438 2.9871801069 895.5340667324
-143.3424313567 885.7030058567 -19.7374799752 2.9935705926 897.4498861687
-143.3701493952 885.8674383520 -19.7411367337 2.9941269522 897.6166785758
-143.4552011569 886.3720674175 -19.7523576100 2.9958343645 898.1285479029
-143.9031949648 889.0297668217 -19.8114541327 3.0048267211 900.8243885836
-143.9615861337 889.3715226511 -19.8190564860 3.0059834941 901.1711804025
-143.9774624539 889.4656721681 -19.8211500693 3.0063020534 901.2666820893
-144.5662928672 892.9575707117 -19.8988062007 3.0181170553 904.8087305337
-144.5821740930 893.0517165314 -19.9009000319 3.0184356052 904.9042293967
-144.6404581622 893.3928514881 -19.9084904732 3.0195902762 905.2503910475
-146.0798323923 901.9233415156 -20.0982320302 3.0484540883 913.9035442454
-146.1349741899 902.2459094859 -20.1054097736 3.0495459307 914.2308703642
-146.1497832911 902.3336220267 -20.1073608612 3.0498427204 914.3198456756
-146.7848366939 906.0948526357 -20.1910199428 3.0625694682 918.1352286669
-146.7996509627 906.1825629027 -20.1929709480 3.0628662533 918.2242025952
-146.8547340651 906.5047894416 -20.2001412563 3.0639569398 918.5511821788
-148.2822754220 914.9541662728 -20.3880982501 3.0925473274 927.1223647759
-148.3354019503 915.2647743551 -20.3950097113 3.0935987038 927.4375594838
-148.3495759975 915.3486182816 -20.3968747440 3.0938824135 927.5226135018
-149.0161055283 919.2910235654 -20.4845684923 3.1072226885 931.5219273475
-149.0302849380 919.3748664975 -20.4864335166 3.1075063979 931.6069812788
-149.0834057979 919.6854462375 -20.4933438322 3.1085576778 931.9221470616
-149.3990611772 921.5480773055 -20.5347760824 3.1148608474 933.8117897776
-149.4522881382 921.8592398151 -20.5416987136 3.1159141035 934.1275480013
-149.4665039265 921.9432787247 -20.5435677923 3.1161984778 934.2128012735
-150.1318218304 925.8760139806 -20.6310398909 3.1295062664 938.2023759225
-150.1460431289 925.9600521578 -20.6329093264 3.1297906413 938.2876293995
-150.1992821608 926.2712864043 -20.6398347464 3.1308441402 938.6034603979
-151.6615709791 934.9092667379 -20.8319861044 3.1600743135 947.3664459114
-151.7177309099 935.2374029304 -20.8392882164 3.1611850405 947.6994334962
-151.7329205967 935.3270846445 -20.8412833431 3.1614885200 947.7904143565
-152.3553067697 939.0011975933 -20.9230117715 3.1739216267 951.5177659699
-152.3705023930 939.0908789084 -20.9250068212 3.1742251082 951.6087474266
-152.4267239029 939.4193701415 -20.9323168624 3.1753370374 951.9420954263
-153.9962762357 948.6786074239 -21.1383102389 3.2066706578 961.3356785030
-154.0683436255 949.0994211212 -21.1476757741 3.2080951200 961.7627215315
-154.0894492376 949.2238577022 -21.1504444498 3.2085162250 961.8889656407
-154.5294541423 951.8126487082 -21.2080414698 3.2172774502 964.5155148751
-154.5505514628 951.9370002698 -21.2108078431 3.2176982709 964.6416737456
-154.6227702688 952.3586890018 -21.2201928896 3.2191256960 965.0696050142
-155.0939282071 955.1345167863 -21.2819556994 3.2285195529 967.8858124552
-155.1558970525 955.4967166691 -21.2900164769 3.2297455720 968.2533637450
-155.1731311059 955.5982641431 -21.2922759058 3.2300892241 968.3563880483
-155.7203899930 958.8205292235 -21.3639616014 3.2409940784 971.6255811336
-155.7376273088 958.9220633111 -21.3662205223 3.2413376883 971.7285927773
-155.7992876870 959.2846136884 -21.3742858382 3.2425646866 972.0964376246
-156.0285560245 960.6349638846 -21.4043228177 3.2471345291 973.4664419468
-156.3322916281 962.4238148100 -21.4440746731 3.2531883482 975.2813312455
-156.4385682646 963.0493641635 -21.4579677418 3.2553053629 975.9159963026
-156.4824306872 963.3068860878 -21.4636869362 3.2561769434 976.1772895599
-156.6616266881 964.3608725466 -21.4870836689 3.2597439686 977.2466568003
-156.7054372735 964.6179703432 -21.4927915969 3.2606141249 977.5075231036
-156.8118731255 965.2437268171 -21.5066833969 3.2627319100 978.1424190928
-157.5063155570 969.3217668608 -21.5972108269 3.2765339135 982.2801556446
-157.6180512371 969.9769177270 -21.6117490795 3.2787513478 982.9449257245
-157.6682913203 970.2709866385 -21.6182752700 3.2797467065 983.2433267729
-157.8136055172 971.1230846226 -21.6371943928 3.2826307248 984.1079336917
-157.8639606119 971.4176832927 -21.6437368909 3.2836278907 984.4068765289
-157.9756992360 972.0726444833 -21.6582898559 3.2858447033 985.0714602107
-158.5149320335 975.2304371085 -21.7284582758 3.2965329995 988.2757307893
-158.5755937715 975.5853580740 -21.7363456216 3.2977343441 988.6358848513
-158.5925223678 975.6841992077 -21.7385422798 3.2980689236 988.7361892518
-159.1594833666 978.9987861433 -21.8124073084 3.3092884786 992.0997272318
-159.1764286289 979.0975832162 -21.8146092224 3.3096229230 992.1999911451
-159.2372008824 979.4524825800 -21.8225326412 3.3108242615 992.5601433737
-161.0180763338 989.8232028796 -22.0540944019 3.3459321056 1003.0852102486
-161.1699971628 990.7048419517 -22.0737838988 3.3489170035 1003.9800601148
-161.2864333886 991.3799877720 -22.0888623751 3.3512028465 1004.6653386336
-161.4381911186 992.2611086924 -22.1085361744 3.3541859458 1005.5596492864
-162.0015706414 995.5288292090 -22.1815004615 3.3652493762 1008.8763822748
-162.0603947305 995.8696966795 -22.1891167717 3.3664034738 1009.2223720348
-162.0766315720 995.9636288540 -22.1912156837 3.3667215214 1009.3177203126
-162.6804434886 999.4592957152 -22.2693417566 3.3785573511 1012.8660128006
-162.6967021955 999.5531991900 -22.2714402554 3.3788753168 1012.9613365229
-162.7556403531 999.8940473173 -22.2790601140 3.3800294160 1013.3073267325
-164.3458415090 1009.0697293111 -22.4841945458 3.4110999695 1022.6220443553
-164.3998205059 1009.3803746484 -22.4911407460 3.4121519532 1022.9374211271
-164.4144091156 1009.4642110667 -22.4930155283 3.4124358726 1023.0225380321
-165.0990695523 1013.4003790776 -22.5810347597 3.4257658910 1027.0187770199
-165.1136850877 1013.4842126556 -22.5829099679 3.4260498166 1027.1038957557
-165.1677658754 1013.7948398459 -22.5898612098 3.4271017992 1027.4192722018
-167.9459949011 1029.6898439150 -22.9456022112 3.4809387031 1043.5591699606
-168.0004673784 1030.0002735814 -22.9525413832 3.4819902608 1043.8744190378
-168.0151850406 1030.0840471499 -22.9544140540 3.4822740477 1043.9594962224
-168.7067416202 1034.0210001638 -23.0424190381 3.4956106038 1047.9576951368
-168.7214854991 1034.1047679990 -23.0442913644 3.4958943870 1048.0427712079
-168.7760702748 1034.4151780275 -23.0512321801 3.4969459451 1048.3580204089
-170.4432095034 1043.8733296992 -23.2627329808 3.5289890652 1057.9643061518
-170.5062899977 1044.2303412532 -23.2707121498 3.5301986667 1058.3269355367
-170.5239022766 1044.3299223738 -23.2729378430 3.5305360704 1058.4280866403
-171.1042498068 1047.6114197010 -23.3463063273 3.5416545233 1061.7613149502
-171.1218921880 1047.7110140187 -23.3485324839 3.5419919879 1061.8624843013
-171.1850737374 1048.0679986354 -23.3565128297 3.5432015596 1062.2251047787
-171.7185240580 1051.0796381000 -23.4238392982 3.5534061540 1065.2843652142
-171.8074498009 1051.5812378194 -23.4350473154 3.5551058118 1065.7939098010
-171.8363704514 1051.7442124665 -23.4386890955 3.5556580634 1065.9594706731
-172.1739202445 1053.6469260580 -23.4812143373 3.5621054936 1067.8923615930
-172.2028544838 1053.8098332997 -23.4848558065 3.5626575317 1068.0578584814
-172.2918962204 1054.3114384847 -23.4960651960 3.5643572752 1068.5674287442
-172.7154678627 1056.6960683262 -23.5493557942 3.5724380073 1070.9899712772
-172.7852555434 1057.0885594420 -23.5581233588 3.5737680728 1071.3887148882
-173.9304309727 1063.5213809236 -23.7019718711 3.5955682951 1077.9242571276
-174.1226690485 1064.5995021867 -23.7260755940 3.5992221269 1079.0196483495
-174.3430765946 1065.8351146606 -23.7536947894 3.6034097588 1080.2750687990
-175.3995197896 1071.7420438042 -23.8859759196 3.6234306590 1086.2771837010
-186.4659507974 1132.5525547158 -25.2488632696 3.8296545226 1148.1015426445
-186.8661318259 1134.7162855870 -25.2973928652 3.8369961397 1150.3025040880
-187.5408033004 1138.3566965496 -25.3789162014 3.8493490140 1154.0058027062
-188.6916329880 1144.5503342537 -25.5168773007 3.8703674145 1160.3069608184
-194.9134270475 1177.6920098044 -26.2587702241 3.9828746164 1194.0357714235
-201.3108933362 1211.2080060258 -27.0096582107 4.0967179606 1228.1651474098
-201.5333527171 1212.3635212850 -27.0355585531 4.1006440745 1229.3421667467
-202.3252484606 1216.4704296472 -27.1273032596 4.1145989439 1233.5257314255
-203.9635203730 1224.9351502659 -27.3147474931 4.1433649686 1242.1495690300
-204.4998161030 1227.6933807898 -27.3762417952 4.1527399776 1244.9601262812
-204.5459814757 1227.9301543501 -27.3814612107 4.1535448299 1245.2014149129
-207.1788195533 1241.3894390084 -27.6711423038 4.1993012813 1258.9188548685
-207.1964199659 1241.4787416840 -27.6730466007 4.1996049597 1259.0098953584
-208.1026490929 1246.0924965429 -27.7713002243 4.2152922770 1263.7128348291
-210.4241554282 1257.8709382573 -28.0202003179 4.2553454011 1275.7204600293
-223.3186881866 1322.2744660269 -29.4078640218 4.4744851215 1341.4168954818
-224.2169730314 1326.6919735319 -29.5034362200 4.4895252826 1345.9258224152
-224.4360747528 1327.7671875018 -29.5267678955 4.4931863442 1347.0233811034
-224.8012718134 1329.5546008342 -29.5652325401 4.4992730390 1348.8481263681
-224.8021179484 1329.5587382923 -29.5653216132 4.4992871289 1348.8523503991
-225.2209452711 1331.6055766956 -29.6094065418 4.5062576664 1350.9420651144
-227.3666546740 1342.0120824956 -29.8309643311 4.5417079480 1361.5697962215
-228.4202890979 1347.0788949712 -29.9339271238 4.5589739852 1366.7460248582
-230.0044214401 1354.6525434644 -30.0807896462 4.5847883049 1374.4849652870
-231.6218666376 1362.3434964724 -30.2302163057 4.6110084821 1382.3455788462
-231.8397694140 1363.3716567056 -30.2503443403 4.6145148743 1383.3967687951
-232.2673344251 1365.3852516265 -30.2896204535 4.6213825039 1385.4556324958
-232.4859766075 1366.4126200971 -30.3100053075 4.6248868419 1386.5062066161
-232.7745910797 1367.7654799313 -30.3362132788 4.6295018733 1387.8897582632
-233.6789662489 1371.9946785898 -30.4175174977 4.6439304491 1392.2153369106
-237.3180310318 1388.6661259006 -30.7338412360 4.7008597740 1409.2823268569
-237.5788162398 1389.8403887044 -30.7552373059 4.7048727592 1410.4853895993
-237.7820279208 1390.7536339450 -30.7717375275 4.7079940070 1411.4211161545
-238.8033472603 1395.3233420732 -30.8532956216 4.7236153449 1416.1042759806
-238.8048743602 1395.3301451499 -30.8534172310 4.7236386057 1416.1112494070
-238.8929368071 1395.7223621527 -30.8604259366 4.7249796757 1416.5132920617
-238.9665026080 1396.0499238682 -30.8664659085 4.7260997017 1416.8490674281
-239.0034891695 1396.2139231268 -30.8695160347 4.7266605764 1417.0172134127
-239.0050409077 1396.2208041639 -30.8696437435 4.7266841093 1417.0242684026
-239.2254692704 1397.2013198572 -30.8878327419 4.7300369354 1418.0294204113
-239.9916582614 1400.5990868134 -30.9508601424 4.7416571520 1421.5130740010
-240.1582565047 1401.3360715007 -30.9644068152 4.7441779013 1422.2687756360
-240.1780858300 1401.4235312653 -30.9660248296 4.7444770886 1422.3584697305
-241.1529705454 1405.7110339134 -31.0455514902 4.7591461005 1426.7561293580
-241.2911397487 1406.3129892019 -31.0570290445 4.7612065785 1427.3738451604
-242.1270807525 1409.9585417075 -31.1259921665 4.7736845544 1431.1146485666
-243.1443519256 1414.3683662064 -31.2103365441 4.7887830779 1435.6410723297
-243.1459471781 1414.3752429578 -31.2104679620 4.7888066294 1435.6481329117
-243.1475425000 1414.3821197023 -31.2105993415 4.7888301810 1435.6551935019
-244.1716043719 1418.7955734975 -31.2952619810 4.8039456223 1440.1866891127
-245.1091079538 1422.8080659000 -31.3730357354 4.8176927772 1444.3079827045
-245.1107215011 1422.8148906075 -31.3731641706 4.8177161735 1444.3149967394
-245.8522109545 1425.9613214841 -31.4324380873 4.8285008469 1447.5481607609
-245.8545182918 1425.9710712127 -31.4326263476 4.8285342727 1447.5581815629
-247.0564581389 1431.0599226477 -31.5327592597 4.8459790953 1452.7880084845
-247.1334454877 1431.3840499130 -31.5392389300 4.8470905574 1453.1212164663
-247.3787493929 1432.4193325514 -31.5600610697 4.8506401838 1454.1853677322
-248.3605897150 1436.5676504292 -31.6394736303 4.8648622475 1458.4490356428
-248.8527952539 1438.6355641003 -31.6791110422 4.8719539997 1460.5750895879
-249.2617352443 1440.3481167030 -31.7111851905 4.8778280408 1462.3360828896
-249.6846819347 1442.1165580168 -31.7444035078 4.8838942976 1464.1547010344
-250.9018294093 1447.1791039172 -31.8386563625 4.9012651812 1469.3623618832
-251.1878230404 1448.3597198059 -31.8605685313 4.9053178502 1470.5773215096
-251.1925535653 1448.3791979428 -31.8609242258 4.9053847214 1470.5973690110
-253.1839999799 1456.5781918102 -32.0091824486 4.9335331305 1479.0360512340
-254.5403737551 1462.1102169504 -32.1085405222 4.9525354363 1484.7327998883
-255.9622654835 1467.8498964978 -32.2139235617 4.9722628203 1490.6469228588
-257.4425902580 1473.7806939531 -32.3262753052 4.9926561932 1496.7607052524
-258.1778974204 1476.7160486854 -32.3611549855 5.0027495859 1499.7868460886
-258.4110873598 1477.5938922212 -32.3815952408 5.0057801063 1500.6953860620
-258.7935046225 1478.9130245753 -32.3962021785 5.0103619165 1502.0690147992
-259.4274821673 1480.9181928333 -32.4042124463 5.0173769954 1504.1721825017
-259.4462354010 1480.9773113119 -32.4050278813 5.0175838964 1504.2342097424
-259.5695656467 1481.3642670437 -32.4098562249 5.0189387215 1504.6403907464
-260.1843523320 1483.2804413094 -32.4471496873 5.0256523599 1506.6531803091
-260.7097511929 1484.8242530124 -32.4819830395 5.0310933474 1508.2844038983
-260.8260350267 1485.1585782575 -32.4920278197 5.0322745531 1508.6385460509
-260.9065659217 1485.3907178082 -32.4993359676 5.0330945265 1508.8843668068
-260.9460859113 1485.5066671452 -32.5027320851 5.0335032988 1509.0069239656
-261.5358458486 1487.0314622673 -32.6473146123 5.0389788556 1510.6511363521
-261.8911901255 1487.8964260488 -32.8526983876 5.0421769027 1511.6107862615
-261.9391438619 1488.0138188964 -32.8849283934 5.0426133466 1511.7416420493
-261.9642336553 1488.0752817512 -32.9015699164 5.0428416435 1511.8100929544
-262.0764372038 1488.3308874102 -32.9776763112 5.0438067834 1512.0994346224
-262.2433735196 1488.7027408223 -33.0913097854 5.0452182793 1512.5227139901
-263.5074811423 1491.3410563521 -33.9432937041 5.0553844168 1515.5711485454
-264.0469387304 1492.3217406147 -34.2665258350 5.0592705588 1516.7362781961
-264.4168674474 1492.9817487751 -34.4899699992 5.0619021443 1517.5252469929
-264.7598682681 1493.5805448859 -34.6863078375 5.0642953913 1518.2428918051
-266.2302963327 1495.8851830737 -35.4688957553 5.0737775447 1521.0861984621
-267.2690007073 1497.5312628695 -36.0365877400 5.0805396728 1523.1137488774
-268.0901295866 1498.8105631672 -36.4456865908 5.0857909931 1524.6882418718
-268.2649131678 1499.0645292770 -36.5313386249 5.0868583360 1525.0082551649
-269.5370169866 1500.8130383673 -37.1631669328 5.0943729719 1527.2614888439
-269.6699636662 1500.9703869936 -37.2262500086 5.0950916064 1527.4769635226
-269.7636982946 1501.0778486268 -37.2680458711 5.0955872854 1527.6255631883
-270.1204444837 1501.4738002869 -37.4052653554 5.0974218784 1528.1762873886
-270.5129590841 1501.8598936316 -37.5346808036 5.0993072551 1528.7423364337
-270.7825209416 1502.1283818812 -37.6292904497 5.1006141875 1529.1345526427
-270.8463971403 1502.1921346746 -37.6495854259 5.1009227442 1529.2270783872
-270.9458126872 1502.2915653141 -37.6787252138 5.1014017292 1529.3706731196
-270.9555260883 1502.3014529914 -37.6814891793 5.1014488741 1529.3848067051
-271.0861831916 1502.4384190370 -37.7201861008 5.1020933537 1529.5780491140
-272.5684487196 1503.8923751679 -38.1427355415 5.1091615819 1531.6974866125
-272.7689496268 1504.0853492538 -38.1990305463 5.1101086458 1531.9814400327
-272.8868045906 1504.1993149326 -38.2336536849 5.1106675781 1532.1490034415
-274.2934755107 1505.5005080063 -38.6604978188 5.1172163713 1534.1126777007
-274.4428515637 1505.6348863477 -38.7014456941 5.1179003789 1534.3177776024
-274.5471815915 1505.7275375255 -38.7319192852 5.1183767864 1534.4605994726
-274.7312524658 1505.8840337811 -38.7781955521 5.1191970496 1534.7066943389
-274.7825006433 1505.9275205005 -38.7894677352 5.1194243537 1534.7748519371
-275.5548430725 1506.6364860590 -38.9859608304 5.1229743682 1535.8427998576
-275.5622067723 1506.6443485525 -38.9871292192 5.1230105117 1535.8536358202
-275.6800588127 1506.7730550929 -39.0096341961 5.1235974792 1536.0298872396
-275.7733588723 1506.8815038155 -39.0150044936 5.1240751176 1536.1730750455
-275.9058219802 1507.0401055273 -39.0250959872 5.1247652679 1536.3800986257
-277.3218297012 1508.6345959841 -39.0932955725 5.1318835087 1538.5155492915
-277.5025904384 1508.8564959852 -39.1178011656 5.1328417484 1538.8029267707
-279.0420300071 1510.2957850647 -39.4413450992 5.1399552945 1540.9370022402
-279.1534777808 1510.3931078697 -39.4617983808 5.1404534389 1541.0864064321
-279.1933011071 1510.4276867852 -39.4682621249 5.1406306971 1541.1395547237
-279.3010290102 1510.5155874238 -39.4854107819 5.1410980366 1541.2796532036
-280.5143465722 1511.4466832212 -39.6772448204 5.1462404933 1542.8549430698
-280.6169209181 1511.5420623272 -39.7084877973 5.1467192368 1542.9984595984
-280.7640887416 1511.6799184242 -39.7530761318 5.1474081852 1543.2051890318
-281.0017827490 1511.9022006835 -39.8206367091 5.1485167917 1543.5375674333
-282.4250193909 1512.9641390586 -40.3508518644 5.1547148298 1545.4111205309
-282.6733481020 1513.0882131778 -40.4419232935 5.1556905267 1545.7052563047
-285.0154990572 1513.3901232706 -40.8384299183 5.1637118604 1548.1391964902
-285.2405467383 1513.4138023455 -40.9257011500 5.1645219476 1548.3847575448
-285.3985606678 1513.4278920395 -40.9613860818 5.1650650870 1548.5474646831
-285.7605713586 1513.3592037490 -41.1495416071 5.1663804584 1548.9809011822
-285.8236143821 1513.3217813506 -41.5342281730 5.1676174418 1549.3897171977
-285.7981537661 1513.1207358815 -41.8596528121 5.1688248517 1549.7926413133
-286.0205321482 1512.8531784200 -41.8892170314 5.1699296037 1550.1622345282
-286.2638050463 1512.6608671956 -41.9943228268 5.1709574341 1550.5062944001
-286.3507244912 1512.6526704498 -42.2966316659 5.1719366124 1550.8384653523
-286.7396435024 1512.6429899943 -42.4279144517 5.1731658327 1551.2880290927
-286.9510473454 1512.6859070043 -42.6145295673 5.1740390691 1551.5932461818
-287.0451534968 1512.8575251014 -42.9409320830 5.1750965420 1552.0176256150
-287.1728869449 1512.7471235950 -43.2369661917 5.1760369275 1552.4023509892
-287.3649747750 1512.6046026040 -43.3957080708 5.1767939383 1552.7369868548
-287.4069805939 1512.4710289840 -43.3908489128 5.1771116603 1552.9104269825
-287.6926884249 1512.4477109612 -43.3932003345 5.1773666079 1553.2945292153
