X Y Z LocalTime TrackLength
0.0000000000 0.0000000000 -2940.0000000000 0.0000000000 0.0000000000
0.0000000000 0.0063562590 -2911.5227019642 0.0978063606 28.4772989866
-0.0037799923 0.1840503240 -2788.0391134841 0.5219159517 151.9610347762
-0.0039032898 0.2237839242 -2772.5533035623 0.5751027468 167.4468957156
-0.0036268036 1.9042785153 -2450.0000000000 1.6829409696 490.0049214938
-0.0046261841 2.1266546378 -2422.0689515444 1.7788743579 517.9379236358
0.0353750267 2.1655749485 -2400.0000000000 1.8547129155 540.0076263099
0.3305217973 1.9341809007 -2366.7900696962 1.9688884380 573.2196746030
0.4668587886 1.8334452149 -2351.5279707818 2.0213593644 588.4827149094
0.4904825127 1.8162961743 -2348.8829455312 2.0304529256 591.1279012444
0.5832827864 1.7500826113 -2338.4853721295 2.0661996161 601.5260995989
0.8796408074 1.5500153751 -2305.3187229325 2.1802258055 634.6946765960
1.7735597636 1.0538091906 -2205.3239604229 2.5240036221 734.6946764592
2.0517815614 0.9301352576 -2173.8579005953 2.6321820381 766.1622096454
2.2845513067 0.8390475422 -2147.6404107491 2.7223160971 792.3808912062
3.1716649856 0.5954896454 -2047.6446530898 3.0660941281 892.3808910694
3.8712624221 0.5144226667 -1968.8718466161 3.3369086307 971.1568510472
4.4116688905 0.5192905277 -1907.5358574909 3.5477765711 1032.4952234391
4.6477540810 0.5410442110 -1880.8065452473 3.6396697457 1059.2255873255
5.2706463174 0.6521123153 -1810.1131384652 3.8827080606 1129.9218292845
5.4265140289 0.6927399926 -1792.2947182164 3.9439664266 1147.7409776624
6.2363686545 0.9867424619 -1700.0000000000 4.2612695587 1240.0397255440
6.6704432584 1.1979135493 -1650.4175593212 4.4317313869 1289.6245178587
7.1538545779 1.4883180834 -1593.7781374004 4.6264553242 1346.2667499014
7.5371835140 1.7487604188 -1549.3514936681 4.7791930360 1390.6958121459
7.9513692467 2.0738507748 -1500.0000000000 4.9488627317 1440.0501164039
8.2209273038 2.3069325912 -1467.4808176563 5.0606635819 1472.5712515794
8.4617740491 2.5310957200 -1438.3455080442 5.1608310696 1501.7084192183
9.0093319295 3.0886211440 -1372.1505868794 5.3884112504 1567.9079558702
9.7408670747 3.9446592808 -1283.6718364061 5.6926074505 1656.3938786958
10.5674834794 5.0620684047 -1183.6815071594 6.0363867094 1756.3938785589
11.1640991405 5.9652024990 -1111.7261749357 6.2837822761 1828.3573554759
11.9945880911 7.3646554723 -1011.7394275131 6.6275616788 1928.3573553391
12.8230889421 8.9242642930 -911.7550334942 6.9713411424 2028.3573552023
12.9200249734 9.1177705023 -900.0000000000 7.0117593922 2040.1143809411
12.9245033618 9.1267579603 -899.4567347792 7.0136273460 2040.6577389543
12.9387785031 9.1558070284 -897.6997801750 7.0196684226 2042.4149916706
12.9599817136 9.1990091617 -895.0864877248 7.0286539140 2045.0287272037
13.3132931171 9.9372313554 -851.3641707106 7.1789886903 2088.7587046349
13.6353802832 10.6197854953 -812.2829619949 7.3133670670 2127.8472013365
13.7091455281 10.7754428321 -803.5557631306 7.3433752794 2136.5760999452
13.7783970777 10.9215090738 -795.3943137261 7.3714382196 2144.7391500989
13.9310530283 11.2492972114 -777.2535158641 7.4338150659 2162.8835514652
13.9423750154 11.2738429987 -775.9112253984 7.4384305305 2164.2261140813
14.1949624800 11.8284589479 -745.9638876686 7.5414048753 2194.1796525436
14.3697198826 12.2189525031 -725.1736665319 7.6128926914 2214.9742751260
14.5844522724 12.7020097256 -700.0000000000 7.6994539073 2240.1534919043
14.6076329782 12.7535219088 -697.3335461608 7.7086227123 2242.8205440087
14.9728869956 13.5794225803 -655.3331810563 7.8530451539 2284.8306173037
15.5031094293 14.8296139184 -594.3346105119 8.0627983392 2345.8443044507
15.8034108290 15.5586167597 -560.0227416622 8.1807870215 2380.1652310106
16.6825855309 17.7879744470 -460.0514715063 8.5245676654 2480.1652308738
17.2071537987 19.1967810871 -400.3975460571 8.7297114740 2539.8380974125
18.0896702829 21.6834912141 -300.4323757337 9.0734922665 2639.8380972757
18.9753191890 24.3238548684 -200.4711735292 9.4172731355 2739.8380971388
19.1141684045 24.7503758870 -184.8359177793 9.4710462770 2755.4797857623
19.1620335632 24.8982257403 -179.4515610787 9.4895643785 2760.8663846653
19.8676877754 27.1332931626 -100.0000000000 9.7628225744 2840.3525148051
20.0090832510 27.5946080878 -84.0592368570 9.8176489928 2856.3005785393
20.8754478466 30.4830406808 13.2371845940 10.1522963598 2953.6437328024
21.0633680614 31.1368108998 34.6708359769 10.2260183678 2975.0881761414
21.1953402465 31.5980532521 49.6574391403 10.2775659193 2990.0824563293
21.4576403776 32.5342752906 79.6950501145 10.3808837675 3020.1357991800
21.6329857195 33.1787328569 100.0000000000 10.4507262223 3040.4517305964
21.6676609149 33.3097044048 104.0940828628 10.4648086358 3044.5480546081
22.5176596700 36.5914763570 204.0365929129 10.8085904692 3144.5480544712
22.6962417483 37.3033783051 225.0695163430 10.8809418681 3165.5937801233
23.4865555742 40.5363634944 318.1003297905 11.2009696288 3258.6841160451
24.1369453059 43.2808016743 394.2392121415 11.4629009624 3334.8752249317
24.2489730249 43.7621821670 407.3207638244 11.5079050849 3347.9661100104
25.1047907361 47.5293423220 507.2461055576 11.8516872203 3447.9661098736
25.9639457764 51.4547870494 607.1653258127 12.1954694372 3547.9661097367
26.7605529706 55.2404344127 700.0000000000 12.5148956107 3640.8813616099
27.1087144267 56.9262506905 740.3051419094 12.6535838995 3681.2232473674
27.6357193514 59.5585063151 802.2065696259 12.8665902238 3743.1828607991
27.9092867040 60.8881890141 832.9143057677 12.9722612138 3773.9205898486
27.9959529556 61.3185664566 842.7762677968 13.0061985142 3783.7923187466
28.0246787449 61.4614801892 846.0429652579 13.0174400326 3787.0622670370
28.1566918493 62.1228272969 861.1135180880 13.0693018466 3802.1479016823
28.2586180570 62.6484551133 873.0484948136 13.1103735138 3814.0948822271
28.3261279163 63.0021147022 881.0626456236 13.1379525847 3822.1171167150
28.3816661274 63.2957866083 887.7038089745 13.1608068793 3828.7650019793
28.3915055186 63.3493563686 888.9091112137 13.1649547316 3829.9715342286
28.4809275273 63.8449856042 900.0000000000 13.2031226095 3841.0738520041
28.6167353099 64.5972816239 916.7737100644 13.2608476272 3857.8649729919
28.7371193338 65.2669686524 931.6197278064 13.3119392893 3872.7265750768
28.8865158128 66.1037676836 950.0640421845 13.3754150139 3891.1904665230
28.8936467052 66.1437915238 950.9435313536 13.3784417773 3892.0708948029
29.5104522820 69.6520951184 1026.9830298601 13.6401394110 3968.1937868515
29.7995263057 71.3359716096 1062.8180922072 13.7634742659 4004.0695548980
30.0130984454 72.5911237085 1089.2198291439 13.8543444828 4030.5019734546
30.8154096291 77.4429313067 1189.0988264338 14.1981277160 4130.5019733177
31.6173832152 82.4497768671 1288.9701745558 14.5419110278 4230.5019731808
32.4169094437 87.6257597090 1388.8329193570 14.8856944320 4330.5019730439
32.8485342640 90.4789011331 1442.6606781621 15.0710110884 4384.4070239661
33.1788417876 92.7242914126 1484.4331575420 15.2148297899 4426.2411120478
33.3016409178 93.5688838449 1500.0000000000 15.2684264083 4441.8313333856
33.4019392056 94.2604842679 1512.6904157837 15.3121200746 4454.5409763812
33.6525471832 96.0458997606 1545.2059326036 15.4240748021 4487.1064394921
34.1093237773 99.3556430099 1604.9760718734 15.6298756079 4546.9698922814
34.2539173386 100.4170733291 1623.8595551125 15.6948983429 4565.8837360636
34.4409373709 101.8074824555 1648.5389678474 15.7798791583 4590.6029925648
34.5771815680 102.8140920191 1666.2856722804 15.8409893415 4608.3787442549
34.8344254377 104.7385598852 1700.0000000000 15.9570858509 4642.1489336393
35.5842751734 110.5526927778 1799.8280092144 16.3008699265 4742.1489335024
36.3313688241 116.5243107961 1899.6467422706 16.6446540910 4842.1489333655
37.0847683307 122.6538261907 1999.4558564327 16.9884383167 4942.1489332286
37.8428215488 128.9474213590 2099.2547234341 17.3322226248 5042.1489330917
37.9259161236 129.6505214701 2110.2446221397 17.3700824996 5053.1616134304
38.6813412079 136.1211953437 2210.0321842511 17.7138669012 5153.1616132935
39.0207765758 139.1021953648 2255.1984363451 17.8694836692 5198.4274060722
39.0614526651 139.4630191261 2260.6323051317 17.8882061309 5203.8733934335
39.8091223513 146.1727752292 2360.4041348364 18.2319906660 5303.8733932966
40.1078508397 148.8802827715 2400.0000000000 18.3684368805 5343.5628431194
40.5636759925 153.0542888255 2460.3507362491 18.5764149799 5404.0594691058
42.3995433549 170.4495541800 2703.2310204919 19.4135634300 5647.5689614196
42.9909330598 176.2674391868 2781.6373244613 19.6838611924 5726.1930470829
43.6759547301 183.0766434914 2871.7480401760 19.9945404773 5816.5632691046
44.0331249591 186.7079413584 2919.1197403953 20.1578797157 5864.0752884874
