X Y Z LocalTime TrackLength
0.0000000000 0.0000000000 -2940.0000000000 0.0000000000 0.0000000000
0.0000000000 0.0494996523 -2860.5307728190 0.2729401376 79.4692477824
-0.0011180825 0.0987863452 -2827.7231768664 0.3856192340 112.2768811440
-0.0017461009 0.1403628421 -2806.3353851257 0.4590765882 133.6647134076
-0.0088283806 1.8952642222 -2450.0000000000 1.6829410676 490.0048843710
-0.0093566298 1.9530799272 -2442.6525385719 1.7081770173 497.3526452906
0.0039469165 2.1317802042 -2426.4911236581 1.7636947823 513.5154130584
0.0139497592 2.4480056111 -2411.6849788103 1.8145814334 528.3252431307
0.0907490678 2.6502471012 -2400.0000000000 1.8547516929 540.0124167123
0.0530288579 3.4989214578 -2373.8797574689 1.9445988302 566.1464701860
-0.0911193318 6.8466300322 -2273.9359237115 2.2883922047 666.1464700489
-0.2352720455 10.3529458764 -2173.9975286538 2.6321856446 766.1464699119
-0.3829630654 14.0185212695 -2074.0648534075 2.9759791551 866.1464697749
-0.4135475179 14.8210837991 -2052.7563490234 3.0492884382 887.4701046809
-0.4256670352 15.1462354729 -2044.1761925633 3.0788076680 896.0564284296
-0.5659550340 19.0215692329 -1944.2514211350 3.4226012792 996.0564282925
-0.7045929198 23.0637348063 -1844.3332570482 3.7663949638 1096.0564281555
-0.7345168039 23.9598277914 -1822.6858455202 3.8408812178 1117.7223993715
-0.8713032731 28.1917237396 -1722.7755348231 4.1846750021 1217.7223992344
-0.8840445055 28.5919333351 -1713.5110814905 4.2165553599 1226.9955015100
-0.9025649206 29.1788849807 -1700.0000000000 4.2630494892 1240.5193389941
-0.9066964227 29.3105881709 -1696.9724920817 4.2734677309 1243.5497130643
-0.9357682114 30.2637358994 -1675.1647992254 4.3485128981 1265.3782451517
-0.9929014322 32.0295033070 -1635.1126195419 4.4863442389 1305.4693711455
-1.0718638522 34.2385496840 -1585.7093330173 4.6563603191 1354.9220862386
-1.1275616651 35.7154527593 -1553.0849693131 4.7686364006 1387.5799106186
-1.1927774869 37.5341905560 -1513.3158094230 4.9055040374 1427.3906908638
-1.2169640754 38.1513420473 -1500.0000000000 4.9513324139 1440.7208162654
-1.3992581977 42.8655079986 -1400.1113557741 5.2951279827 1540.7208161283
-1.4292616866 43.6645167141 -1383.5110065209 5.3522654233 1557.3404103465
-1.4835536698 45.1502149504 -1352.8958290608 5.4576431284 1587.9916641033
-1.4891927048 45.3060063577 -1349.7027555400 5.4686338556 1591.1885409030
-1.5270651028 46.3339733576 -1328.7647757688 5.5407047976 1612.1517742312
-1.6530063258 49.8016508995 -1259.1770835197 5.7802423796 1681.8259306016
-1.8180040012 54.4494114536 -1168.2336211253 6.0933117895 1772.8882374262
-1.8432260648 55.1328008083 -1155.0664130233 6.1386412676 1786.0731919896
-1.9910470287 59.1691685385 -1078.3749002317 6.4026698329 1862.8709979093
-2.1830269928 64.5710099934 -978.5211016593 6.7464669166 1962.8709977722
-2.2702781543 67.0829220198 -933.0921713023 6.9028891417 2008.3694056601
-2.3337789004 68.9314265271 -900.0000000000 7.0168366629 2041.5132260316
-2.4336989324 71.9481837677 -846.6655695949 7.2004923608 2094.9330025914
-2.5908098046 75.3362282104 -787.5296352292 7.4041343198 2154.1661236817
-2.5917929234 75.3569312277 -787.1702051639 7.4053720845 2154.5261508380
-2.7427830004 78.2299877357 -737.8054365176 7.5753749862 2203.9746931585
-2.8611485371 80.4605797754 -700.0000000000 7.7055758836 2241.8460629838
-2.8614356098 80.4660013952 -699.9087131736 7.7058902802 2241.9375111169
-3.0890531240 84.8194761191 -627.3196718349 7.9558994472 2314.6573438522
-3.4032441926 90.9457747865 -527.5080112677 8.2996973458 2414.6573437151
-3.4771297716 92.4144146454 -503.9630852736 8.3808020436 2438.2481450772
-3.5265151899 93.3938093092 -488.3375132215 8.4346281365 2453.9044586964
-3.6015350637 94.8890653687 -464.6044142937 8.5163842449 2477.6847322508
-3.8146437995 99.1825979013 -397.2476072056 8.7484267778 2545.1785819158
-4.1180874347 105.4220791123 -301.2868936038 9.0790362268 2641.3424191204
-4.1463658314 106.0144842261 -292.3049522166 9.1099832283 2650.3439198139
-4.3600722711 110.5852222370 -223.7234010991 9.3462896404 2719.0779529726
-4.4388915940 112.3021724487 -198.2529381690 9.4340558151 2744.6063415156
-4.7470863013 119.0242132118 -100.0000000000 9.7726393069 2843.0894501408
-4.8554700146 121.4176631212 -65.5704025200 9.8912940460 2877.6023112588
-5.0092657831 124.9772022874 -14.9433267980 10.0657797568 2928.3546016241
-5.0704514619 126.4791988667 6.2326748408 10.1387658240 2949.5838925101
-5.3611428701 133.2253809722 100.0000000000 10.4619717431 3043.5940455205
-5.6650606548 140.5499584039 199.7309181535 10.8057708799 3143.5940453834
-5.8562911286 145.2706593412 262.8955003575 11.0235368462 3206.9350777123
-6.1545980446 152.8511846653 362.6073075072 11.3673361385 3306.9350775752
-6.4495940881 160.5886683374 462.3070675872 11.7111355106 3406.9350774381
-6.6831519896 166.8811642472 541.8983459019 11.9856249317 3486.7750580695
-6.9523813043 174.9019180112 641.5757883292 12.3294244585 3586.7750579324
-7.1084644549 179.6741635395 700.0000000000 12.5309563568 3645.3940604146
-7.2404475739 183.7592317929 749.4671154133 12.7016036512 3695.0297421555
-7.2423516197 183.8175367778 750.1690793229 12.7040253208 3695.7341258769
-7.2742441523 184.7970534046 761.9464947833 12.7446559954 3707.5522469622
-7.3718013325 187.8703549808 798.7661567670 12.8716825754 3744.5000787427
-7.6529160410 196.4516985818 900.0000000000 13.2209739962 3846.0973836215
-7.7107159768 198.2421504008 920.8930572265 13.2930679064 3867.0670975988
-7.7982254754 200.9464295010 952.2987466718 13.4014406941 3898.5891237747
-8.0778245162 209.6286507820 1051.9207256425 13.7452410046 3998.5891236376
-8.3056272153 216.9309823810 1134.2721864013 14.0294776345 4081.2640271170
-8.5757538916 225.8983774896 1233.8689267725 14.3732780856 4181.2640269799
-8.8453520570 235.0248847720 1333.4512144428 14.7170786227 4281.2640268427
-9.0909081267 243.3438191616 1422.7634924860 15.0254650875 4370.9632428960
-9.2230581772 247.8016852043 1470.0956351520 15.1889140932 4418.5050336961
-9.2764285367 249.6264552883 1489.3601996432 15.2554425209 4437.8559014377
-9.3060603602 250.6370309473 1500.0000000000 15.2921870062 4448.5436277214
-9.4072020034 254.1023332961 1536.3332928845 15.4176684865 4485.0419397880
-9.4325382677 254.9811249371 1545.5012698754 15.4493326661 4494.2519734061
-9.5222154389 258.0193911451 1577.1059725154 15.5584912971 4526.0025067828
-9.5487653337 258.9365567706 1586.5926460058 15.5912587756 4535.5334496595
-9.5698583025 259.6719174674 1594.1810368254 15.6174700540 4543.1574168512
-9.6077469350 261.0130095312 1607.9970720033 15.6651931607 4557.0384396322
-9.6080408632 261.0227698587 1608.0974099055 15.6655397535 4557.1392515611
-9.7438487117 265.5554381921 1654.5179750348 15.8258939742 4603.7807839724
-9.7520168737 265.8338198172 1657.3631276917 15.8357224013 4606.6395348706
-9.8717834275 270.0222443808 1700.0000000000 15.9830147566 4649.4818064744
-10.1639687640 279.9040978169 1799.5101072061 16.3268163547 4749.4818063373
-10.4555022095 289.9390222706 1899.0048966939 16.6706180081 4849.4818062002
-10.7521564702 300.1292305096 1998.4838868779 17.0144197665 4949.4818060630
-10.9622267370 307.5148040701 2069.5765854801 17.2601542344 5020.9574185467
-11.2530964952 317.9880684611 2169.0261906250 17.6039561746 5120.9574184095
-11.3316728561 320.8238813316 2195.7037246498 17.6961911999 5147.7853673016
-11.5148751513 327.5250407624 2258.3262300564 17.9127187324 5210.7656628040
-11.6811625279 333.5894952303 2314.5037013604 18.1069810195 5267.2697667293
-11.9296601045 342.9203228393 2400.0000000000 18.4026658264 5353.2740942154
-12.0747080200 348.3717057558 2449.4735228213 18.5737871242 5403.0472619376
-12.3058377774 357.0300017635 2527.2442066265 18.8428176660 5481.2987767653
-12.9960026896 382.6970635549 2752.8182115106 19.6233548123 5708.3295293712
-13.0763751046 385.7274436642 2778.9880614603 19.7139290612 5734.6743717538
