X Y Z LocalTime TrackLength
0.0000000000 0.0000000000 -2940.0000000000 0.0000000000 0.0000000000
0.0000000000 0.0810454168 -2838.3137827467 0.3492453077 101.6862603957
-0.0008358136 0.1231811512 -2814.7128354910 0.4303038046 125.2872454174
-0.0024122003 0.2778426918 -2752.3181568556 0.6446014220 187.6821182716
-0.0052807739 1.1846549314 -2551.1856300493 1.3354063179 388.8167729443
-0.0038970113 1.5624390858 -2493.0909772820 1.5349390321 446.9126560942
-0.0034917735 1.7759799423 -2463.1764226450 1.6376844457 476.8279731695
-0.0033618503 1.8747355716 -2450.0000000000 1.6829407081 490.0047659139
-0.0032776344 1.9381967552 -2441.7168962456 1.7113902204 498.2882051444
