X Y Z LocalTime TrackLength
0.0000000000 0.0000000000 -2940.0000000000 0.0000000000 0.0000000000
0.0000000000 0.1652279234 -2794.8090855217 0.4986641187 145.1910400031
0.0029973102 0.4926737148 -2690.5625242132 0.8567048064 249.4381273023
0.0040837437 0.5702226396 -2671.5483196065 0.9220103990 268.4524901524
0.0130386866 1.7140343690 -2474.0865037687 1.6002126084 465.9176981420
0.0143287643 1.8309521129 -2458.4777341799 1.6538230828 481.5269057107
0.0149747011 1.8959847680 -2450.0000000000 1.6829410728 490.0048893503
0.0163893777 2.0091853975 -2435.5973917099 1.7324089633 504.4082266243
-0.0763513340 2.1262023551 -2422.2488562172 1.7782711040 517.7578437755
-0.0843172982 2.1555292701 -2420.7499211633 1.7834231806 519.2570895361
-0.1016190892 2.2081966906 -2417.8927395376 1.7932440114 522.1148192248
-0.2200139678 2.4930595851 -2400.1724459137 1.8541542284 539.8382384253
-0.2194498955 2.4946901920 -2400.0000000000 1.8547472103 540.0106930006
0.0570840161 3.6569442583 -2300.0071476554 2.1985964722 640.0106928628
0.1035270823 3.8683995465 -2283.2200730243 2.2563235162 656.7991635312
0.3800636426 5.2223039565 -2183.2296320017 2.6001728662 756.7991633933
0.6595750409 6.7354256201 -2083.2414818953 2.9440222761 856.7991632555
0.9405056924 8.4048322518 -1983.2558229988 3.2878717615 956.7991631177
1.0231378644 8.9177558628 -1954.2839339644 3.3875074894 985.7757103286
1.1065847365 9.4591144769 -1924.6217601207 3.4895181422 1015.4429419317
1.1717680161 9.8946047644 -1901.2985839640 3.5697290891 1038.7702746801
1.4037750963 11.5164803996 -1818.3219654981 3.8550995351 1121.7630727998
1.6852180230 13.6255250490 -1718.3446153333 4.1989492582 1221.7630726620
1.7359576343 14.0303209278 -1700.0000000000 4.2620427829 1240.1122238256
1.9077478884 15.4450803344 -1637.7419072325 4.4761732214 1302.3866296599
2.0055596142 16.1605410474 -1607.4057471610 4.5805136479 1332.7313835845
2.0363148080 16.3991418953 -1597.5251541026 4.6144981460 1342.6149050232
2.2039914491 17.7475665595 -1542.7161453695 4.8030169031 1397.4407573453
2.3396021047 18.8325045299 -1500.0000000000 4.9499446022 1440.1708950344
2.5526802924 20.6262745995 -1431.8938348626 5.1842102721 1508.3010147100
2.8643544427 23.3946862701 -1331.9326594927 5.5280606926 1608.3010145721
3.0969474762 25.5370442977 -1258.1519328177 5.7818642914 1682.1132091259
3.4131248608 28.5721439664 -1158.1985135309 6.1257148444 1782.1132089881
3.4253542799 28.6914446632 -1154.3748177163 6.1388691120 1785.9387850105
3.5213465522 29.6340997175 -1124.4277706169 6.2418937588 1815.9008186625
3.5801669813 30.2234681429 -1105.9043889355 6.3056190872 1834.4336675122
3.8968175696 33.4947675326 -1005.9584227441 6.6494697933 1934.4336673744
3.9232056983 33.7735513519 -997.6465356976 6.6780665001 1942.7502702347
3.9515925452 34.0752333425 -988.6906567492 6.7088789857 1951.7112738482
4.2354152479 37.1321691601 -900.0000000000 7.0140252457 2040.4550586410
4.6459887147 41.7214312525 -773.3468885814 7.4498112911 2167.1919799835
4.6846405401 42.1416101361 -762.1366057032 7.4883852903 2178.4102012057
4.7175444917 42.5050964882 -752.4600891172 7.5216817800 2188.0935982746
4.8942831915 44.4967254342 -700.0000000000 7.7021974889 2240.5917792988
5.1384628538 47.2094897826 -630.5365763640 7.9412320814 2310.1085861887
5.4912819884 51.2449004143 -530.6186660339 8.2850836641 2410.1085860508
5.5512384361 51.9466856679 -513.6771488737 8.3433876719 2427.0647384072
5.6560023843 53.1893658794 -483.9352677390 8.4457454888 2456.8327537946
6.0076196831 57.4668479881 -384.0274235169 8.7895971804 2556.8327536567
6.3642425965 61.9068771605 -284.1266888547 9.1334489423 2656.8327535189
6.4536571582 63.0477812488 -259.0050343883 9.2199197961 2681.9804609482
6.5467570018 64.2418780123 -232.9593417139 9.3095730388 2708.0536780804
6.9034308118 68.9223047521 -133.0695814064 9.6534249304 2808.0536779425
7.0231785890 70.5067639318 -100.0000000000 9.7672665260 2841.1614125509
7.0761698131 71.2210437013 -85.2100001726 9.8181818317 2855.9687452275
7.4149201267 75.8579426279 8.9189631895 10.1422407565 2950.2124690801
7.4584447154 76.4330062537 20.4146533737 10.1818186552 2961.7226161854
7.6870296704 79.6313425935 83.6128297292 10.3994065643 3025.0020882123
7.7461910181 80.4733071075 100.0000000000 10.4558289414 3041.4109808466
7.7564269168 80.6233287992 102.9158411708 10.4658684570 3044.3306967601
8.1076606862 85.8437667081 202.7788547831 10.8097209414 3144.3306966222
8.1276493249 86.1504546550 208.5493737835 10.8295911414 3150.1093942782
8.4730779201 91.5409524915 308.4033723864 11.1734437208 3250.1093941403
8.5746209847 93.1771684114 338.1299666042 11.2758147209 3279.8811581861
8.9164375267 98.7805047858 437.9722602864 11.6196674129 3379.8811580483
8.9488274628 99.3083691598 447.2321915308 11.6515598293 3389.1561791645
9.1842910339 103.1724476914 514.3066661300 11.8825811019 3456.3422798673
9.3405262367 105.7409457935 558.1722599213 12.0336734971 3500.2832856733
9.3693870670 106.2166341780 566.2437444768 12.0614758630 3508.3688268059
9.7257577050 112.1853786896 666.0648089556 12.4053287493 3608.3688266680
9.8458554593 114.2525181234 700.0000000000 12.5222329316 3642.3671311717
10.0560169384 117.9142935825 759.3573336350 12.7267241996 3701.8376802121
10.2856178802 122.1997111234 827.7028940750 12.9621954020 3770.3178510383
10.3390895046 123.1966058070 843.4047390323 13.0162957301 3786.0514010608
10.3635930372 123.6460561512 850.4635127471 13.0406168577 3793.1245115916
10.4178766740 124.6263137229 865.8096063753 13.0934927916 3808.5019770542
10.4527608976 125.2543748400 875.5956861458 13.1272120055 3818.3082523681
10.5391925419 126.8272592777 900.0000000000 13.2113017196 3842.7633537810
10.6978111206 129.8535761366 946.5696714859 13.3717718642 3889.4315245019
10.7508352815 130.8683005817 962.0640391328 13.4251642412 3904.9591742729
10.7948744721 131.7113722499 974.8898264161 13.4693616036 3917.8127157898
11.1392137057 138.3550368038 1074.6682864181 13.8132153887 4017.8127156519
11.3658330134 142.7152433428 1138.8906377720 14.0345561602 4082.1833109636
11.7166068656 149.6161111552 1238.6516161437 14.3784100737 4182.1833108257
11.7993921743 151.2645372206 1262.1383944261 14.4593694741 4205.7280113482
12.1003255537 157.3287022301 1347.4946410677 14.7536120054 4291.2999381221
12.4589214708 164.5701560174 1447.2314476162 15.0974661549 4391.2999379842
12.6475033733 168.4679028663 1500.0000000000 15.2794085212 4444.2125856551
12.6562028383 168.6493360822 1502.4405576372 15.2878236927 4446.6598934164
12.6809070823 169.1604128816 1509.3049901073 15.3114928216 4453.5433695080
12.9159486351 174.0505596135 1574.4750675696 15.5362144213 4518.8970864390
13.0086672075 176.0338906466 1600.7071990064 15.6266728020 4545.2042515723
13.0522975575 176.9771076043 1613.1502930184 15.6695819649 4557.6831197809
13.3170453035 182.4457324178 1684.7765918768 15.9165908102 4629.5183716331
13.3705249417 183.6223054090 1700.0000000000 15.9690936602 4644.7872727950
13.4315113916 184.9519545270 1717.1245841711 16.0281549785 4661.9635085021
13.4899030749 186.2336372010 1733.5707089313 16.0848776022 4678.4596032361
13.8441838154 194.0944815622 1833.2606253493 16.4287324850 4778.4596030982
14.2014162717 202.1141781815 1932.9378778968 16.7725874419 4878.4596029603
14.5624136622 210.3021793815 2032.6014326274 17.1164424798 4978.4596028224
14.9223151451 218.6472263427 2132.2519644194 17.4602975872 5078.4596026845
15.2795608160 227.1520402328 2231.8889973965 17.8041527871 5178.4596025465
15.3502347603 228.8415043876 2251.4624421247 17.8717077944 5198.1059514626
15.7096359404 237.5405341897 2351.0826987770 18.2155634182 5298.1059513247
15.8684728018 241.4004304280 2394.7086732932 18.3661608203 5341.9026379598
15.8876373455 241.8705147978 2400.0000000000 18.3844271295 5347.2148394742
16.8323965045 265.5888435350 2660.7010476113 19.2845714820 5608.9944956367
16.8712883039 266.6108388407 2671.6718470685 19.3224587972 5620.0128634117
17.0757430371 272.2007551033 2731.2949287397 19.5283768541 5679.8977624512
17.5925147783 286.7204214677 2883.3870047166 20.0537361801 5832.6822479854
