X Y Z LocalTime TrackLength
0.0000000000 0.0000000000 -2940.0000000000 0.0000000000 0.0000000000
0.0000000000 0.2117138011 -2775.6490480277 0.5644701862 164.3511340132
0.0001784127 0.3034776846 -2743.3474299404 0.6754118038 196.6528827958
0.0002724200 1.8790129156 -2450.0000000000 1.6829404974 490.0048029729
0.0003644117 1.9045185918 -2446.7570960878 1.6940787294 493.2478203124
-0.0146673397 1.9608626027 -2440.2523596929 1.7164223517 499.7528741729
-0.0605952908 2.1877552982 -2414.0915349503 1.8062986567 525.9156690981
-0.0766899265 2.3761523523 -2403.2845436266 1.8434496159 536.7244789212
-0.0912119912 2.4150770490 -2400.0000000000 1.8547429130 540.0092993189
-0.5915318192 3.9144673074 -2300.0125040831 2.1985677625 640.0092991814
-0.9580329302 5.1123892454 -2226.8324553387 2.4502158823 713.2000738064
-0.9623981836 5.1271801525 -2225.9590913428 2.4532191942 714.0735739470
-1.4637370621 6.9036730690 -2125.9761399811 2.7970442828 814.0735738095
-1.9603304843 8.8366164995 -2025.9960671895 3.1408694484 914.0735736721
-2.4595303745 10.9338027543 -1926.0193176923 3.4846946778 1014.0735735346
-2.4634407080 10.9509253478 -1925.2340021310 3.4873954666 1014.8590854726
-2.7122010005 12.0592281678 -1875.3268354522 3.6590333813 1064.7791779856
-2.8217786654 12.5647231729 -1853.1615048645 3.7352641561 1086.9505428014
-3.3125933231 14.9406258525 -1753.1909491087 4.0790895516 1186.9505426639
-3.5712669432 16.2711385743 -1700.0000000000 4.2620329724 1240.1587602227
-3.6104236699 16.4771609544 -1691.9193737719 4.2898255847 1248.2421072402
-3.6186096097 16.5201935478 -1690.2291352271 4.2956390087 1249.9329133061
-3.8808368676 17.9228796579 -1636.0955793987 4.4818286935 1304.0852763646
-4.0855078025 18.9646282637 -1596.7424288592 4.6171841829 1343.4527460526
-4.1577273045 19.3218982573 -1583.4508741277 4.6629011694 1356.7492977242
-4.5823388379 21.4849932194 -1505.4172350423 4.9313081174 1434.8140731172
-4.5891588600 21.5213114506 -1504.1431152715 4.9356907165 1436.0887286460
-4.6113718791 21.6405128878 -1500.0000000000 4.9499419304 1440.2336179071
-5.0959617579 24.2657733329 -1410.4873441460 5.2578467448 1529.7860816162
-5.2493964230 25.1257525471 -1382.0383512374 5.3557079584 1558.2484834510
-5.4584294005 26.3246676771 -1343.0510527593 5.4898218396 1597.2547724940
-5.5953327337 27.1194227330 -1317.6531617841 5.5771904922 1622.6654642040
-5.8303987529 28.5064054186 -1274.0937847225 5.7270372027 1666.2475520939
-5.9919093206 29.4758354996 -1244.1967630531 5.8298865866 1696.1607231463
-6.2757634622 31.2145451963 -1191.6819656821 6.0105479295 1748.7050646736
-6.8131590115 34.6581137568 -1091.7427297832 6.3543744364 1848.7050645361
-7.3503915728 38.2645914848 -991.8092392506 6.6982010152 1948.7050643986
-7.8395289928 41.7245529068 -900.0000000000 7.0140942314 2040.5807876739
-7.9847213695 42.7804817689 -872.6690128246 7.1081368975 2067.9325508397
-7.9980942703 42.8779299106 -870.1598951133 7.1167705426 2070.4435957755
-8.0809239914 43.4644743035 -855.1522083143 7.1684111731 2085.4629691087
-8.1374187173 43.8515876566 -845.3601992383 7.2021055889 2095.2627900624
-8.4060469384 45.6962620607 -799.1744893235 7.3610337728 2141.4861059673
-8.4917473128 46.2844837147 -784.7316431521 7.4107342226 2155.9411797144
-8.7233792011 47.8941284514 -745.7161166710 7.5449966522 2194.9905842633
-8.7961023228 48.3846414297 -733.8809320590 7.5857249338 2206.8361525294
-9.0028411414 49.8012069059 -700.0000000000 7.7023207384 2240.7473159316
-9.3304568319 52.1237088562 -645.1830688169 7.8909687505 2295.6144052179
-9.5529091795 53.7326305822 -607.8540988415 8.0194373861 2332.9786950644
-9.5851606044 53.9662933070 -602.4755841792 8.0379479656 2338.3623795320
-9.8338337616 55.7848413825 -561.0049254583 8.1806750310 2379.8736376953
-10.4353271893 60.2793513422 -461.1078012947 8.5245024536 2479.8736375578
-10.7881160582 62.9990605670 -402.3233056905 8.7268395710 2538.7220738978
-10.8676643896 63.6218407078 -389.0313830424 8.7725918197 2552.0288162094
-10.9033293713 63.9015621957 -383.0822289619 8.7930696172 2557.9846495183
-10.9157825464 63.9991484046 -381.0089274061 8.8002062206 2560.0602837566
-11.5147899892 68.7826382327 -281.1252087860 9.1440338338 2660.0602836191
-11.6779886815 70.1001605711 -254.1675092504 9.2368341984 2687.0506536556
-11.8969819788 71.8854186136 -218.0111603134 9.3613034783 2723.2517131698
-11.9378954212 72.2216828942 -211.2505124635 9.3845776225 2730.0208421351
-12.0998025174 73.5571149740 -184.5274014845 9.4765754686 2756.7777900979
-12.5438093972 77.2669695234 -111.5047591165 9.7279761484 2829.8959620866
-12.6137617142 77.8593940999 -100.0000000000 9.7675858667 2841.4161766206
-12.8941079207 80.2569449672 -53.8711238936 9.9264068532 2887.6081694632
-12.9080537518 80.3736269893 -51.6463330144 9.9340669716 2889.8360616590
-13.0728219349 81.7597817723 -25.3159919123 10.0247252135 2916.2033795964
-13.1598483011 82.4842566370 -11.6444478089 10.0717987335 2929.8943823878
-13.2815653414 83.4958129377 7.3711506276 10.1372735022 2948.9372564098
-13.8749890857 88.5052913747 100.0000000000 10.4562296408 3041.7033751696
-14.4995364755 94.0277117160 199.8454337674 10.8000581027 3141.7033750320
-14.7759845425 96.5454014876 244.4611623592 10.9537067107 3186.3909405188
-14.9243961488 97.9102042826 268.4120199205 11.0361917784 3210.3811113771
-14.9717834096 98.3504959128 276.1035565695 11.0626812808 3218.0853854099
-15.2968781094 101.4016676992 328.9617585314 11.2447289094 3271.0325762676
-15.7710229014 105.9426554273 406.2835823146 11.5110466474 3348.4890839898
-16.3825620024 111.9500387610 506.1010917776 11.8548754573 3448.4890838522
-16.6796834977 114.9270058494 554.6258781111 12.0220344972 3497.1060111859
-17.2914977422 121.1737327378 654.4286932842 12.3658634647 3597.1060110483
-17.4571125625 122.8855256700 681.3407473155 12.4585836669 3624.0729598374
-17.5706901224 124.0789586017 700.0000000000 12.5228718803 3642.7706841760
-17.7681187806 126.1634640005 732.3878473268 12.6344631883 3675.2261434348
-18.7893188702 137.1897830779 900.0000000000 13.2120192001 3843.2037494119
-18.8299134476 137.6094382619 906.1919262855 13.2333581655 3849.4100131481
-19.4826284128 144.4582521322 1005.9549732598 13.5771877002 3949.4100130105
-19.5331630783 144.9956956241 1013.6860662248 13.6038342056 3957.1599289972
-19.6320956309 146.0505928726 1028.8174010398 13.6559876044 3972.3283135664
-19.6384225107 146.1183772085 1029.7875838957 13.6593315834 3973.3008820830
-20.2881521401 153.1677845024 1129.5366768140 14.0031612598 4073.3008819455
-20.9021658342 160.0123840539 1224.2668679185 14.3297277822 4168.2800186377
-21.5468449826 167.3799736277 1323.9929971047 14.6735575935 4268.2800185002
-22.1902509390 174.9067256047 1423.7072481585 15.0173874776 4368.2800183626
-22.6872797808 180.7714756381 1500.0000000000 15.2804843093 4444.7994737329
-22.7033236452 180.9619036368 1502.4560252439 15.2889543867 4447.2629225820
-22.7119500769 181.0649261809 1503.7840241555 15.2935342620 4448.5949395375
-23.0230935007 184.8102620753 1551.8165105980 15.4591891809 4496.7742325773
-23.1120126235 185.8622211386 1565.2129535455 15.5053930040 4510.2122089823
-23.1565275238 186.3932025867 1571.9535936006 15.5286416636 4516.9738767787
-23.2478866926 187.4926615060 1585.8789813115 15.5766714049 4530.9428989812
-23.2523446824 187.5463015395 1586.5566587914 15.5790088043 4531.6227106417
-23.2800102763 187.8782334323 1590.7507449651 15.5934747539 4535.8300022966
-23.4015702867 189.3157491944 1608.8949689379 15.6560570120 4554.0314884180
-23.4159333558 189.4891621080 1611.0740836278 15.6635733227 4556.2175394626
-23.5711624442 191.3687545021 1634.6359323404 15.7448452668 4579.8547493492
-23.6463763905 192.2755296350 1645.9811880350 15.7839789771 4591.2364331449
-24.0085477931 196.6206117634 1700.0000000000 15.9703162462 4645.4309275201
-24.3946891846 201.4008101330 1758.7326715352 16.1729293379 4704.3590733144
-24.9831776220 208.7795792721 1848.0949559079 16.4812367430 4794.0274167099
-25.0717383580 209.8948921900 1861.4624512894 16.5273590271 4807.4416516569
-25.7309578925 218.2983853466 1961.1065407374 16.8711899372 4907.4416515193
-25.8389417933 219.6916918753 1977.4487249862 16.9275845045 4923.8434791868
-26.2961569653 225.6491104322 2046.7603123630 17.1667830910 4993.4121253541
-26.4959826942 228.2922863254 2077.2278577390 17.2719357057 5023.9947617567
-27.1507047200 237.0389660296 2176.8424388139 17.6157668396 5123.9947616191
-27.7964679624 245.9502306101 2276.4424899328 17.9595980364 5223.9947614816
-27.9712645804 248.4286238690 2303.8161342102 18.0541040762 5251.4809289196
-28.5856786504 257.2339750818 2400.0000000000 18.3862039991 5348.0689696829
-29.1130318914 264.9705055038 2483.1203371662 18.6732388142 5431.5502460097
-30.2845561216 282.5768298792 2667.9467877451 19.3116199947 5617.2171449177
-30.4324479964 284.8035162791 2690.9127140777 19.3909560124 5640.2912382438
-30.7235583538 289.2007049346 2735.9970723086 19.5467090459 5685.5904596602
-31.0786036543 294.6746997995 2791.6867727177 19.7391145390 5741.5496735549
-31.1591283641 295.9154504883 2804.2355384684 19.7824724625 5754.1598864366
-31.9275483918 307.8763679064 2923.9252132776 20.1960619523 5874.4481932367
