X Y Z LocalTime TrackLength
0.0000000000 0.0000000000 -2940.0000000000 0.0000000000 0.0000000000
0.0000000000 0.0075245931 -2909.0158563174 0.1064162178 30.9841449068
0.0004092908 0.2825504853 -2752.2196850032 0.6449396331 187.7805970961
0.0024406320 0.6822836546 -2646.9442320944 1.0065149853 293.0568209521
0.0026791185 0.7462854672 -2633.5496095279 1.0525198838 306.4515964343
0.0089769681 1.9060580875 -2450.0000000000 1.6829413069 490.0049336976
0.0093907427 2.0066145864 -2437.1041533370 1.7272339800 502.9014001391
0.0072711750 2.0101304970 -2436.6648684336 1.7287431770 503.3407044282
-0.0626716303 2.1452946082 -2420.4742123218 1.7843703729 519.5324389139
-0.0156078699 2.4456982525 -2410.0877207214 1.8200826767 529.9235319730
0.0896048374 2.6478494762 -2403.1743744940 1.8438615215 536.8406989950
0.1230376569 2.7369571651 -2400.0000000000 1.8547807077 540.0165129709
1.1581018872 5.4055079611 -2300.0409818713 2.1986261320 640.0165128331
1.8161630844 7.1865753234 -2236.4612678382 2.4173395963 703.6245754863
2.0635457603 7.8726679695 -2212.5478908637 2.4996029214 727.5490718609
3.0935155708 10.8387520874 -2112.5972063553 2.8434486201 827.5490717231
3.6437327772 12.4945252513 -2059.0481113495 3.0276726473 881.1265863855
4.3659493156 14.7446830194 -1988.5294220140 3.2702843538 951.6848664491
5.3838117169 18.0729154004 -1888.5900171137 3.6141302469 1051.6848663113
6.2749523966 21.1299527071 -1800.6702193555 3.9166371646 1139.6623164527
6.6093589742 22.3046738980 -1767.7974975608 4.0297467210 1172.5577213176
7.2980993728 24.7825556396 -1700.0000000000 4.2630334521 1240.4039842419
7.6485548860 26.0716483402 -1665.4910901416 4.3817798839 1274.9387419426
7.6622120644 26.1217250118 -1664.1561710173 4.3863734219 1276.2746698074
7.7984626145 26.6225162306 -1650.8561122842 4.4321399887 1289.5848508746
8.1193847423 27.8149352998 -1619.3783752435 4.5404582975 1321.0868003343
9.3175620109 32.4898230865 -1500.0000000000 4.9512719589 1440.5627059447
9.5610186435 33.4399567971 -1476.3017610180 5.0328273288 1464.2812337859
10.5870740264 37.5423450867 -1376.3912218545 5.3766740336 1564.2812336482
10.8978962931 38.8162116726 -1346.0461605268 5.4811119121 1594.6546119922
11.9216370807 43.1096475908 -1246.1436270801 5.8249587514 1694.6546118544
12.9485534757 47.5641194637 -1146.2481750509 6.1688056615 1794.6546117166
13.7449533097 51.1505622848 -1067.8542241244 6.4386567469 1873.1346039579
14.2344653827 53.4082805402 -1019.5446841483 6.6049575116 1921.4993502577
15.1417322168 57.7002588440 -929.8381285468 6.9137796705 2011.3131115991
15.4438168717 59.1542718532 -900.0000000000 7.0165042917 2041.1881737992
15.7705930056 60.7422232173 -867.7277176074 7.1276116357 2073.5011529692
16.2395074970 63.0453536813 -821.4377447605 7.2869835907 2119.8507574360
16.3180319203 63.4312910771 -813.6719103831 7.3137205474 2127.6265723512
16.4310038772 63.9900015680 -802.4593384323 7.3523245032 2138.8536240905
16.4385200788 64.0271526643 -801.7132556194 7.3548932004 2139.6006691098
16.7199715392 65.4257032211 -773.7449625741 7.4511865626 2167.6053222615
16.8418516698 66.0345160882 -761.6790805741 7.4927297276 2179.6871688716
16.9039348040 66.3456619905 -755.5149595120 7.5139529841 2185.8594500281
17.4644968638 69.1724928358 -700.0306718294 7.7049917157 2241.4185327801
17.4647485836 69.1737745205 -700.0056251648 7.7050779552 2241.4436134796
17.4648050828 69.1740625374 -700.0000000000 7.7050973236 2241.4492462964
17.6087718490 69.9112502362 -685.6289148321 7.7545794645 2255.8399468634
18.1052496656 72.4794577644 -636.0537791115 7.9252797230 2305.4840441257
19.0118841626 77.2504099811 -545.8574950760 8.2358671781 2395.8109783966
19.9209580056 82.1658264857 -455.3989972502 8.5473816544 2486.4074960477
20.1185934623 83.2518105837 -435.7313890177 8.6151148090 2506.1060553382
20.4057253690 84.8340978428 -407.2733106175 8.7131235572 2534.6095343940
21.4136277660 90.4872945189 -307.4383301447 9.0569719601 2634.6095342562
21.8265394166 92.8595949947 -266.3684048659 9.1984327893 2675.7499903787
22.8323998226 98.7436753365 -166.5467455466 9.5422813178 2775.7499902409
22.8638219583 98.9311779101 -163.4098644405 9.5530872308 2778.8926272931
23.2162522953 101.0508262453 -128.1341924285 9.6746069678 2814.2336825394
23.2640709947 101.3402372524 -123.3439134687 9.6911091311 2819.0329343440
23.4972302551 102.7560197789 -100.0000000000 9.7715283535 2842.4209036011
23.6904945127 103.9361740824 -80.6515791365 9.8381846019 2861.8062462984
23.7515991494 104.3063469250 -74.6054424301 9.8590141559 2867.8640124620
23.9160298288 105.3084080054 -58.2926799118 9.9152139633 2884.2083505732
24.4782699752 108.7456363464 -2.9528134833 10.1058759366 2939.6577127066
25.1911686961 113.1695277644 66.8435680573 10.3463641906 3009.5977914412
25.5378886166 115.3116541769 100.0000000000 10.4606162183 3042.8251588295
25.6858107450 116.2349147395 114.2433901456 10.5096974275 3057.0992071144
26.7222290426 122.7933464724 214.0226998048 10.8535467048 3157.0992069765
27.0633277590 124.9877243431 246.8902618210 10.9668192749 3190.0417068973
28.0997404935 131.7567464941 346.6555063378 11.3106686622 3290.0417067594
29.1342629844 138.6803922365 446.4101589538 11.6545181058 3390.0417066216
29.9318041070 144.1286496234 523.3394081937 11.9197157148 3467.1677705039
30.9658360958 151.3345021164 623.0740776591 12.2635652973 3567.1677703660
31.7595426879 157.0005137248 700.0000000000 12.5288054060 3644.3061651328
31.9826998367 158.6152611486 721.6870903501 12.6035867609 3666.0544318626
32.2756993506 160.7722018324 750.4541007561 12.7027848392 3694.9036806555
32.2769427752 160.7812907821 750.5750784452 12.7032020150 3695.0250056585
32.3034589563 160.9749947503 753.1524498950 12.7120897647 3697.6097818445
32.3037505558 160.9771293218 753.1808459154 12.7121876850 3697.6382594743
32.3567415812 161.3647182165 758.3338188957 12.7299571634 3702.8060601478
33.5048898699 169.8854908556 870.2714705338 13.1159884515 3815.0734368624
33.6256859919 170.8261283163 882.4634941861 13.1580373834 3827.3022893238
33.8002151829 172.1830893750 900.0000000000 13.2185199292 3844.8920830803
34.7885955377 179.9960015923 999.6894143451 13.5623701839 3944.8920829425
35.5650370603 186.2908893929 1078.5848765118 13.8345277316 4024.0420869265
35.9318561427 189.3028672040 1115.9340279112 13.9633760478 4061.5142862154
36.5054032689 194.0697011380 1174.4457895668 14.1652452082 4120.2227027348
37.3746134041 201.3963756186 1263.0747789091 14.4710506384 4209.1582680686
37.4455830088 202.0022291643 1270.3376863170 14.4961121186 4216.4467465982
38.1108070625 207.7224362580 1338.4211457104 14.7310535040 4284.7733241830
39.0870805228 216.2245167041 1438.0542694375 15.0749042191 4384.7733240451
39.1399833635 216.6878145047 1443.4293008194 15.0934557287 4390.1685447021
39.3641878197 218.6553810400 1466.1988475834 15.1720445496 4413.0240440733
39.6956566041 221.5918751587 1500.0000000000 15.2887134390 4446.9541310569
39.7861306277 222.4012090048 1509.2768855528 15.3207347639 4456.2666931570
39.8403551786 222.8862572374 1514.8278694958 15.3398955103 4461.8390925423
40.1283773438 225.4740993238 1544.3318239565 15.4417394560 4491.4577225121
40.9120335202 232.5929944453 1624.6706904016 15.7190810254 4572.1151923555
41.3495259813 236.7019666761 1670.7633676543 15.8782069188 4618.3927271091
41.6191709919 239.3054710743 1700.0000000000 15.9791395509 4647.7462897994
42.5519254128 248.3077327800 1799.5895932244 16.3229909906 4747.7462896615
43.4859194833 257.4689384198 1899.1646794233 16.6668425019 4847.7462895236
44.4222522037 266.7908620787 1998.7248291114 17.0106941083 4947.7462893858
45.3587352438 276.2592838997 2098.2711490480 17.3545457734 5047.7462892479
45.3867371651 276.5452454780 2101.2525430207 17.3648448465 5050.7414967790
46.3205716597 286.1750743314 2200.7834034338 17.7086965910 5150.7414966411
46.3571534634 286.5562769861 2204.6877791329 17.7221862812 5154.6646080720
46.8889061057 292.1322579255 2261.5122206633 17.9185251307 5211.7644479038
47.1423178590 294.8075929206 2288.5949680015 18.0121069928 5238.9801942684
48.0770841598 304.7411226304 2388.0959681200 18.3559589244 5338.9801941305
48.1884353224 305.9400125273 2400.0000000000 18.3971000260 5350.9449637272
49.4162901828 319.3084244256 2531.2313982444 18.8506968660 5482.8612570425
50.3680484626 329.8850155907 2633.1730353466 19.2031221385 5585.3545244742
51.0048700419 337.0658581302 2701.4626166338 19.4392421418 5654.0235672262
