X Y Z LocalTime TrackLength
100.0000000000 100.0000000000 100.0000000000 0.0000000000 0.0000000000
100.0004269721 100.0123418368 96.5075976606 0.0116494131 3.4924044053
100.0264056884 104.9725662129 28.5663241028 0.2390233251 71.6573801174
100.0230555117 106.3924182383 19.0537557879 0.2711049979 81.2752190638
99.9969145863 112.8399288127 -14.2691626615 0.3843362681 115.2210882968
99.9311603560 138.4018313354 -94.5999176789 0.6658535376 199.6178415107
99.9177135964 148.7269157630 -117.9816966004 0.7511176038 225.1793555000
99.9530088355 289.8193484276 -296.4635794220 1.5167100097 454.6984257127
99.9174185259 313.0970148438 -314.0310835294 1.6139954312 483.8638505563
99.8581065950 361.1716382129 -344.3325990751 1.8036359374 540.7166328968
99.5156709327 408.9442737916 -367.6074985052 1.9809847566 593.8844596296
99.4559245137 415.6239970566 -370.3773816828 2.0051058887 601.1157895599
99.2687083335 437.4375155442 -378.6523977467 2.0829351438 624.4484037948
98.9304444045 480.5384367298 -391.7680852683 2.2332615314 669.5151087973
98.8511533062 488.9875114437 -393.8494399112 2.2622882404 678.2170930092
98.2033104755 557.1843025715 -405.2163396579 2.4930740035 747.4049162782
97.4079452660 651.6441794200 -405.6301678408 2.8086085861 841.9998099482
97.1821300877 680.9324762357 -402.1796103878 2.9069920737 871.4944266644
96.5503972631 760.3483889887 -383.7617175157 3.1792445776 953.1136715187
96.3452568486 788.8314704529 -373.7259060505 3.2799938772 983.3175406834
95.8992134617 843.9694105889 -348.6207367155 3.4821933550 1043.9354087525
95.4075317205 902.6269835224 -312.1779567831 3.7127378176 1113.0508919129
94.8475262022 964.9676553573 -259.0871807797 3.9861618252 1195.0213449226
94.8185935061 968.1778245014 -255.8481890989 4.0013734777 1199.5816813226
94.6270028415 987.9521322415 -234.5160209005 4.0984115755 1228.6729603548
94.5520913852 995.1146670078 -226.1505806309 4.1351470892 1239.6859850983
93.9367376934 1043.3985586704 -157.5831798492 4.4152132265 1323.6476995997
93.5166138728 1069.7479618993 -105.9461301583 4.6086879165 1381.6499415112
93.1469338137 1087.6397564245 -59.0996048585 4.7760283321 1431.8173239893
93.1258320627 1088.5797090159 -56.1859819744 4.7862405937 1434.8788814239
92.5401422122 1108.5793986382 35.1291122633 5.0985145325 1528.4962580018
92.4377880376 1110.4385120925 52.6294419455 5.1572201412 1546.0957490330
92.2803740603 1112.0898799846 78.7190791119 5.2444278137 1572.2399413366
92.0845641653 1112.1868326193 113.7435626880 5.3612800746 1607.2713560921
91.7313587238 1105.4437591873 181.4351490584 5.5883594183 1675.3480223709
91.7079616739 1104.6885779911 185.7975071239 5.6031271662 1679.7752795787
91.6777750170 1103.6794264309 191.2996348856 5.6217864425 1685.3691870802
91.3357390868 1086.9635623142 255.9633562104 5.8447268031 1752.2050170537
91.0007893025 1060.6085851806 320.5619991526 6.0776280057 1822.0270333360
90.9657573705 1057.2935178267 327.1904813880 6.1023489354 1829.4381779637
90.8512589480 1045.5828001757 348.8794735888 6.1845737010 1854.0885327184
90.7521413120 1034.1705323951 367.8547793078 6.2584382775 1876.2325665092
90.7287570619 1031.4743564352 372.0773345528 6.2751495732 1881.2424843834
90.6658873870 1023.7903404096 383.6254366509 6.3214185205 1895.1135594688
90.6427771151 1020.8900336432 387.8156469063 6.3384170459 1900.2095865940
90.5519629952 1008.8964417102 404.2358627067 6.4062473643 1920.5445958538
90.2684983823 962.6482590034 456.8793638584 6.6401701251 1990.6728677046
90.2071832216 951.1381028503 467.9198615107 6.6933722928 2006.6224691588
90.1212517780 933.7510558996 483.3485174187 6.7709156067 2029.8693603670
90.0116024294 913.7639641863 499.4454566959 6.8565255917 2055.5345781311
89.6293477748 844.9383411282 543.7159147682 7.1297956144 2137.4588676038
89.2288447286 763.8984659526 578.2892898289 7.4240441205 2225.6723518328
89.1659286618 750.6517278382 582.4252962794 7.4703345744 2239.5498744064
89.0567649068 726.1333048379 589.0508270907 7.5550601530 2264.9499538316
88.9107519518 692.1204974269 596.1209027525 7.6709579711 2299.6952337631
88.6256611865 637.7718209515 602.4769127524 7.8535647392 2354.4393539850
88.5458868717 620.3330808602 603.2551823315 7.9117941997 2371.8960993256
88.2101331697 525.2047706678 596.8534382465 8.2302900917 2467.3787719620
88.1667461033 506.6286096331 593.4552180550 8.2932839709 2486.2638535874
88.1346367791 494.0018451128 590.7276514654 8.3363739883 2499.1819097736
88.0820963786 469.2921317649 584.3914969894 8.4214702137 2524.6931062027
88.0052148737 418.2046792176 566.9192228466 8.6016471955 2578.7087947041
87.9193799874 371.9649047567 545.4767598611 8.7717311696 2629.6986752606
87.7742210220 330.1471929727 520.7354171625 8.9338698323 2678.3066112071
87.6928588244 304.1143399215 502.4521007397 9.0399887992 2710.1202657111
87.6301035792 283.1802098493 485.9017585040 9.1290123694 2736.8088502219
87.5765696106 269.3296792650 473.9132499424 9.1901175372 2755.1277105954
87.5719189891 268.1983398324 472.8939777262 9.1951969880 2756.6504908505
87.3377168895 202.1093311586 400.3129955697 9.5231266299 2854.9613327023
87.3174432629 194.4098805948 389.7145913331 9.5668232093 2868.0612315119
87.1681166849 152.3149261609 318.3873424240 9.8433905955 2950.9740462015
86.6874376777 108.8890607913 181.4541258060 10.3242086915 3095.1197452977
86.6666605030 107.8599965863 174.9429268495 10.3461970509 3101.7116862920
86.4130525998 102.2402424868 92.4608978703 10.6222643462 3184.4745774415
86.2706658875 104.2299876312 54.2708319194 10.7498524934 3222.7245294804
86.2260963822 107.1154794441 29.2208266152 10.8339677810 3247.9416482313
86.2019397867 110.9149687565 6.0646628545 10.9122463876 3271.4089744679
86.2006918981 111.1989372800 4.5714495403 10.9173164380 3272.9289365335
86.1964940640 114.1673145821 -9.7774732884 10.9661927699 3287.5816854608
86.3060525449 147.3993594130 -108.8565176827 11.3154259570 3392.2791748174
86.3097075740 148.6514308354 -111.5780900472 11.3254187292 3395.2749309962
86.3591734745 163.9601580395 -141.8703831375 11.4386507182 3429.2210155264
86.3843332251 176.2662278747 -163.0214872804 11.5202826158 3453.6936328573
86.7290332275 253.4329325883 -259.3153137792 11.9329552914 3577.4098218675
86.8509296421 278.1090339958 -281.8159823988 12.0443644104 3610.8094238016
86.9543680950 300.7272273469 -299.9904898984 12.1411616089 3639.8284829326
87.0389628405 322.6278158831 -315.6802445678 12.2310342550 3666.7716139145
87.0582433571 327.2770727799 -318.7909671118 12.2496934734 3672.3655040037
87.2149396312 366.3819838557 -342.1491901574 12.4016816740 3717.9304077901
87.3195487271 399.4099412396 -358.3490559667 12.5244172541 3754.7255969269
87.6192604509 544.1763982173 -398.3527336143 13.0271828918 3905.4510137451
87.6778361828 603.5099473910 -401.9610643019 13.2255672759 3964.9251450787
87.7404612140 692.3082124567 -394.1915668768 13.5232861954 4054.1790337380
87.7799356127 727.7868695181 -386.5416607196 13.6443730205 4090.4799386033
87.7815606810 733.4608698704 -385.0652852113 13.6639293419 4096.3427732906
87.7939732074 799.0679861004 -362.5383639023 13.8955018594 4165.7664595486
87.7832637482 815.4410016478 -355.2614084342 13.9552690185 4183.6841951323
87.7243704699 862.8602307436 -329.9410685139 14.1346660259 4237.4660531189
87.7065861399 882.3554973419 -317.5034070205 14.2118075416 4260.5924881565
87.7005778761 891.8913204133 -310.9443613927 14.2504134185 4272.1662333292
87.6897017242 906.3385735398 -300.3726083490 14.3101301612 4290.0688544886
87.6816146450 912.7949009602 -295.3816183598 14.3373503003 4298.2292428222
87.6744225110 916.9994459332 -292.0387311293 14.3552674803 4303.6006755353
87.5706123083 953.7907595599 -259.3588949119 14.5194742694 4352.8286201339
87.5385213510 964.2574847736 -248.7822303665 14.5691093045 4367.7088224654
87.4938479919 980.4408435761 -231.1144583569 14.6490345441 4391.6697967209
87.4858120421 982.7415683835 -228.4591382775 14.6607539924 4395.1831971005
87.3217730955 1023.1023186484 -174.6025355990 14.8854106017 4462.5335455087
87.0591125177 1067.9720634278 -87.9419045342 15.2114209991 4560.2690119432
86.9526974785 1078.9615445922 -57.5347330673 15.3192876715 4592.6066152382
86.9160809817 1082.3935239371 -46.5316189588 15.3577340796 4604.1325528878
86.6847360358 1096.8488124260 16.1608145554 15.5724818485 4668.5123047570
86.3952739883 1103.1406113130 78.3642863468 15.7811580690 4731.0718517290
86.1394887914 1102.1264648534 134.2829981930 15.9678010006 4787.0259834365
86.0868774447 1101.3044814633 144.0909700330 16.0006316721 4796.8683663532
86.0438867734 1100.5088570942 151.9055471806 16.0268328833 4804.7232879469
85.9860281075 1099.1895940859 162.8508970693 16.0636070787 4815.7479090345
85.9532265196 1098.2754317343 169.4591504816 16.0858595930 4822.4190416433
85.7845254527 1092.7945278869 200.2880849508 16.1903237773 4853.7366048160
85.4166152735 1077.0727046647 257.7176824287 16.3890526256 4913.3140038913
85.1430924278 1063.3240455295 293.6624100429 16.5174560039 4951.8083559923
84.7802139298 1040.3930619038 340.4088138733 16.6912200145 5003.9014837648
83.9990075891 970.3057139133 436.8069207005 17.0897446622 5123.3761960123
83.9587436488 966.5343836903 440.8277605107 17.1081333456 5128.8889817939
83.5331889684 921.2612925831 483.0075647126 17.3146620291 5190.8047131809
83.1522422537 872.3181187427 518.5407302969 17.5165273440 5251.3224015194
83.1093293110 866.5772249612 522.1481103839 17.5391436117 5258.1025845526
83.1017920523 865.5655532961 522.7726478462 17.5431095039 5259.2915285007
82.7108858351 816.4659871199 549.3479632273 17.7294328620 5315.1498544647
82.5971309649 802.5670404960 555.6406818360 17.7803269979 5330.4075255456
81.8725820936 740.3752916800 577.9425982966 18.0008696544 5396.5245415174
81.8256894644 737.2331340012 578.8299677925 18.0117618139 5399.7899270741
79.8805658757 599.4361344240 597.1296255821 18.4770103989 5539.2679978327
79.6666475884 584.7498355418 596.8020662233 18.5260165807 5553.9596747206
79.6269856115 582.0334905946 596.6949862205 18.5350851270 5556.6783550654
79.2150949996 553.7291443438 594.6663334814 18.6297630315 5585.0620659087
79.1976445108 552.5492218989 594.5457213943 18.6337196875 5586.2482409029
79.1726177187 550.8731007789 594.3696405196 18.6393419340 5587.9337471072
78.9824439418 538.4374917750 592.8819191544 18.6811232224 5600.4594562822
76.9085343814 416.1179810260 560.8145187962 19.1039963337 5727.2336628618
75.9600650394 364.6780608344 536.6630224434 19.2936734707 5784.0974265884
75.7046645858 351.0562431562 529.0088843949 19.3458002601 5799.7246377362
74.7950971442 304.4992932912 498.3020633579 19.5319485380 5855.5304759522
74.3500264691 282.1687872714 480.6959106327 19.6268232970 5883.9732022603
73.2993298769 236.0272502192 436.8229456324 19.8393735293 5947.6941490424
73.2120438768 232.5531917602 433.0294430643 19.8565340148 5952.8387305288
71.5754826076 174.9915642033 355.3104234628 20.1797321945 6049.7311146626
71.2336123204 165.6017498845 338.9396481398 20.2426961702 6068.6072313890
71.0121003733 159.6685736680 327.8023030707 20.2847955792 6081.2283107014
70.9706097565 158.5553763261 325.6366426916 20.2929190866 6083.6636756265
70.6667082096 150.7193821376 309.6237338507 20.3523946819 6101.4940025952
70.4098521586 144.7028029494 296.2335844000 20.4013690713 6116.1761483445
70.0156239761 136.0700956078 274.9428491949 20.4780176832 6139.1548145247
69.0194004017 118.6904039041 219.5997822188 20.6716408039 6197.2015546376
68.6305009058 113.4625671220 196.4837454059 20.7507102883 6220.9059799365
68.5664252793 112.7083606270 192.6623926658 20.7637045723 6224.8015662546
67.1349005257 103.7741106851 107.7033124538 21.0490563650 6310.3478812891
66.8479954099 103.7538822891 90.4877024673 21.1064914456 6327.5664775176
66.2748453670 105.3419146618 57.9527107395 21.2151795125 6360.1503285854
65.8031457226 108.2148090056 31.4763904526 21.3040358023 6386.7887636078
65.2679352077 113.0790623256 2.2760079740 21.4028072249 6416.3996800077
64.3107943237 125.8579990107 -48.4075916349 21.5772641244 6468.7005306522
63.9341936545 132.3288274890 -67.9749843175 21.6460245091 6489.3143664935
63.5130327883 140.3516588232 -89.1151103418 21.7214647602 6511.9307753474
63.5015965132 140.5808881117 -89.6787441997 21.7234947221 6512.5393422750
63.4739612611 141.1393524393 -91.0443012541 21.7284167718 6514.0149348615
63.2583693932 145.6959972812 -101.7661271044 21.7672834648 6525.6668706737
63.1881989987 147.2352278098 -105.2333552289 21.7799394138 6529.4610267738
62.8087238447 156.1321600310 -124.0102992706 21.8492618807 6550.2433705475
62.7987778358 156.3747152299 -124.4951117150 21.8510704358 6550.7855614298
62.7156255722 158.4277171728 -128.5466503688 21.8662233166 6555.3282784549
62.6816197418 159.2822578596 -130.2070820626 21.8724533891 6557.1960061944
61.5325509494 191.6993771847 -184.2641331285 22.0828672153 6620.2764743072
58.9420392327 286.7173622024 -287.3267258895 22.5520993953 6760.9487988497
58.8737564703 289.7183937191 -289.7593834226 22.5649874396 6764.8125353038
58.3025067982 315.6110777897 -309.2419730436 22.6731064209 6797.2257787805
58.2124405633 319.8300814598 -312.1748534054 22.6902482634 6802.3647712077
57.5795763765 352.7640990460 -333.0005017846 22.8202681541 6841.3437414030
57.3187092985 367.4216870402 -341.1737940359 22.8762556569 6858.1283648475
57.0726006279 382.0115615070 -348.6917205897 22.9310101747 6874.5433488360
56.5669640827 414.2529957355 -363.2295053660 23.0490177044 6909.9211041150
55.6327052210 476.8113889500 -384.0816949609 23.2691435897 6975.9131751217
54.5178514660 549.0395604383 -397.3822013825 23.5143732474 7049.4311705377
54.0845279409 577.3192502085 -399.6147493864 23.6090191065 7077.8052743096
53.4753858880 615.9455403572 -400.0604226952 23.7379162480 7116.4476527752
53.3425085788 624.1683838523 -399.7630943121 23.7653656461 7124.6767711635
53.0983481054 639.6847143122 -398.8355113010 23.8172215189 7140.2227635506
53.0301280549 644.1013364133 -398.4864697989 23.8320012942 7144.6536264039
52.8580143442 655.0415545388 -397.4483000578 23.8686622540 7155.6443003147
51.1194075033 761.6370646846 -374.2488834799 24.2332717370 7264.9514916555
50.7614613342 783.7688633168 -366.2518214022 24.3117822148 7288.4883309973
50.5676659658 796.2798743357 -361.1908826380 24.3568042412 7301.9855885647
49.7925330592 843.9640452244 -338.1038557194 24.5336161458 7354.9924519550
49.0410631301 885.3892023862 -312.5354816987 24.6960771503 7403.6970233524
48.7153872316 902.5589579912 -300.1958588316 24.7666170220 7424.8443357836
48.2246696659 927.3414620859 -280.2872386827 24.8726807686 7456.6414354621
47.0591252538 982.2562990516 -225.2196072378 25.1323762551 7534.4961791982
46.8541169327 991.3942786598 -214.1999499023 25.1801326208 7548.8131707454
45.6155331740 1041.4369000560 -139.0927808455 25.4815987431 7639.1904433106
44.3019419206 1078.2183353194 -52.7541847643 25.7951466003 7733.1897314371
44.1914197894 1080.5151131567 -45.3426547961 25.8210308341 7740.9496256080
43.6898778498 1089.3985849498 -11.5960962336 25.9374644463 7775.8555323288
43.3071029505 1094.7117671102 15.3632300187 26.0291382343 7803.3386317762
42.0430352316 1101.6177415532 107.8187959649 26.3388560757 7896.1897092308
40.4345912211 1084.8039768698 226.6910002660 26.7402890613 8016.5363205321
39.5745904482 1064.5843423943 286.9875520641 26.9525815220 8080.1799892204
39.5146232269 1062.9106162369 291.0399359725 26.9672076089 8084.5647774768
39.2973888143 1056.3266346940 306.0914120779 27.0220127098 8100.9949258500
38.8487995221 1041.4164844749 336.0030972893 27.1335232502 8134.4249329733
38.4656604767 1027.3256914687 360.3691403876 27.2274301754 8162.5775099608
38.3564224794 1023.1783699965 366.9822315225 27.2534701331 8170.3840889440
38.2724376827 1020.0094833592 371.8876213902 27.2729517040 8176.2245139484
37.8586838238 1004.0049676298 394.9144452599 27.3665107321 8204.2727940537
37.5401113066 990.5305937635 412.3615204005 27.4400543655 8226.3206112753
37.1776042237 974.0638196367 431.7100788239 27.5248189471 8251.7323832349
37.0485644645 967.9606328626 438.3998595325 27.5550275056 8260.7886767310
36.4458686006 938.0040966046 468.0387954879 27.6956461446 8302.9450715254
35.1706606409 863.7702752593 523.8683457278 28.0059332120 8395.9667987515
34.9740978825 850.9489008206 531.5066624821 28.0557194290 8410.8923241626
34.6475094314 830.0222024153 542.9110874323 28.1352276006 8434.7282644621
33.3266281157 744.4761324355 577.2349942239 28.4431724354 8527.0478075182
32.1647710803 669.2751227872 593.4393352012 28.7000360064 8604.0535639459
32.0110920450 658.9963386306 594.7190299695 28.7345907512 8614.4128107243
30.3516412709 544.9443302942 594.0851802252 29.1160805672 8728.7806037346
29.4374521319 482.4699745295 582.3001352399 29.3283078790 8792.4047412481
29.0738652968 458.7028874509 575.5709974811 29.4107178148 8817.1106083310
28.8365966171 443.3653755109 570.5266170499 29.4645808389 8833.2583292656
28.3537641096 412.4106882320 558.6183330778 29.5752396925 8866.4330071167
28.1708799966 400.4482094725 553.3842175659 29.6187988986 8879.4917223373
28.0677364659 393.7264554152 550.2798944205 29.6434977131 8886.8962368687
27.2085583780 340.1444428920 520.8982363508 29.8474775185 8948.0478334979
25.9335340974 274.9450395530 471.7992384614 30.1200634885 9029.7670489654
25.4717686610 253.3127164531 451.3175257407 30.2194556614 9059.5640614958
24.6656492080 217.7176472044 411.2443082018 30.3983606477 9113.1984150403
23.9074228949 186.9277276759 367.9122312171 30.5757700297 9166.3843976187
23.8691480701 185.5283799045 365.6896294940 30.5845317689 9169.0110995662
22.8940801906 152.1179694080 302.6307766767 30.8227956925 9240.4408195189
22.5527788368 142.5405129246 279.2773034085 30.9070053165 9265.6862194120
22.3529594507 137.2902126535 264.7974444238 30.9583870792 9281.0900771614
20.5425254111 111.2061686548 134.5250318427 31.4029496846 9414.3666393558
19.9791868092 110.2912088244 93.8808046366 31.5386062181 9455.0354323591
19.8074766712 110.6478737866 82.0814435417 31.5779865163 9466.8413430064
19.3884007484 112.6594052928 53.8558804943 31.6723973131 9495.1449768436
18.0589993667 130.8317763174 -38.3567415591 31.9863822073 9589.2752854712
17.3320044392 147.5398056395 -85.7673770810 32.1541415696 9639.5682646183
16.9926183133 156.7421441447 -106.8294260365 32.2308213342 9662.5562700472
15.4078667452 208.0186617105 -193.1507123666 32.5663391410 9763.1419885384
14.6674298881 235.4538783674 -226.9424067299 32.7115936077 9806.6881694229
14.6585484177 235.7923887753 -227.3236399737 32.7132944790 9807.1980775533
12.1631621641 342.2714521956 -317.6076028247 33.1805638809 9947.2819756561
10.1013740687 442.6924522804 -366.0578320227 33.5533170775 10059.0305934743
9.7806143136 457.1667766560 -370.8787706070 33.6042176634 10074.2901980723
9.4454927584 472.6493915975 -375.4921865403 33.6581184757 10090.4492475894
9.1525314762 486.4515134764 -379.1516671296 33.7057584801 10104.7313548057
8.3299582828 526.9561287127 -387.4525142744 33.8437424375 10146.0978918398
7.5907785647 564.7192993417 -392.0753241206 33.9706958486 10184.1575545014
7.3832284540 575.5604228738 -392.8610625306 34.0069594577 10195.0291056372
6.1690397821 638.0764144591 -392.7372997129 34.2156611882 10257.5963001006
6.0580892970 643.5478714457 -392.3500095911 34.2339611621 10263.0824913811
5.7964914093 656.2866121332 -391.2084347180 34.2766323205 10275.8749766709
5.1078376494 689.7992611392 -386.6071598179 34.3895077168 10309.7141571265
4.7765900866 705.7500278526 -383.6044151605 34.4436601417 10325.9486381558
2.1896996067 821.6374655332 -344.3148040353 34.8529848004 10448.6611165959
2.1432824095 823.6260084846 -343.3467352360 34.8603637191 10450.8732595668
0.6692224100 885.6036559361 -307.2449967797 35.0998603223 10522.6725276666
-0.1879250967 918.7762901585 -282.4359174664 35.2381037305 10564.1168460744
-0.6487412513 934.5563375247 -269.0020199993 35.3072517496 10584.8468916370
-1.1043407479 948.8959870689 -255.7730891962 35.3723483645 10604.3623571380
-1.3990121750 957.7995779739 -247.0201469964 35.4140069675 10616.8512860658
-2.5637928043 989.7254819330 -211.6433443819 35.5730585265 10664.5337312101
-2.7584042887 994.6522954996 -205.5389860661 35.5992325982 10672.3805164982
-3.3871387299 1009.7362373723 -185.5563070396 35.6827774347 10697.4266180509
-3.5951244867 1014.5038178186 -178.7746079193 35.7104375678 10705.7189131421
-5.2382192696 1047.2629576160 -124.0983776043 35.9232628558 10769.5223193468
-5.4002565029 1049.9936370906 -118.7155067732 35.9434033171 10775.5602746102
-6.7696300966 1070.0683999538 -72.9242551929 36.1103032846 10825.5956135927
-7.1302406613 1074.4927920249 -60.7484231815 36.1535328272 10838.5554981455
-8.3629910702 1086.8755310626 -19.4305555330 36.2975144425 10881.7200877240
-9.0105869415 1091.8075452138 2.1707054253 36.3714579217 10903.8877755926
-9.3300712163 1093.8773110774 12.8648476884 36.4078071349 10914.7849901729
-9.7026471916 1095.9754914530 25.3089693703 36.4499207967 10927.4103422512
-10.6603556094 1099.8835637508 57.4817278151 36.5580912146 10959.8390058537
-11.1993139322 1101.1567382273 75.7379032366 36.6191633611 10978.1479664694
-11.6395621505 1101.7008246569 90.6210142283 36.6688632861 10993.0476221236
-11.7663501409 1101.7766606550 94.9096174512 36.6831774923 10997.3389109139
-13.5280457231 1098.8946472917 155.2230072001 36.8847997316 11057.7837267271
-13.7034177764 1098.2111843478 161.1478811357 36.9047023148 11063.7503679781
-15.8084577738 1084.5532386345 231.1122663618 37.1427796496 11135.1241499441
-15.9193959871 1083.5556809333 234.7356911291 37.1553211358 11138.8839909017
-20.1591375014 1024.9246375141 366.6095965787 37.6385937346 11283.7655343085
-20.7122981946 1014.3352841131 382.6211141668 37.7026554932 11302.9707577780
-23.8316534422 943.6602135416 464.2257911829 38.0636228555 11411.1860680418
-25.4747736760 899.3452907474 500.6918328058 38.2552399395 11468.6314131141
-29.1876805724 776.6666779120 565.8290037002 38.7202434992 11608.0360282229
-29.8262705695 753.8642027590 573.4522028535 38.8004752235 11632.0888839981
-30.7589807921 720.1161461686 582.5442381745 38.9171222308 11667.0587648021
-34.3202337285 588.9331851026 594.8211253538 39.3581167874 11799.2656518491
-34.4019356439 585.9651549276 594.6895796590 39.3680303498 11802.2376614977
-34.7522675798 573.3048600311 593.9249035403 39.4103537803 11814.9259005917
-35.8687976375 533.1420589098 589.3106164667 39.5452901781 11855.3788022380
-37.0290940234 492.2136487842 581.1477931881 39.6845897106 11897.1397387030
-38.5579368881 439.6604266856 565.1609231416 39.8679812453 11952.1191256724
-39.3399349097 413.8504255649 554.8577538873 39.9607269867 11979.9235884686
-41.4979980997 346.4720956553 519.3272887269 40.2151604287 12056.2008101080
-48.0771321315 186.2306159249 355.5563395297 40.9867010536 12287.5031280110
-48.2986893231 182.1740231951 348.6711975711 41.0133670256 12295.4973812173
-48.5451928166 177.8118881320 340.9640284236 41.0429185671 12304.3567059842
-49.1572389225 167.5394296629 321.4161597549 41.1166107436 12326.4490551844
-49.8575390175 156.6236002209 297.9334055484 41.2030291398 12352.3566280239
-49.8738914172 156.3827076458 297.3776208241 41.2050504370 12352.9625973498
-50.6646284421 145.4689669697 269.9356141300 41.3036075535 12382.5092661800
-51.3345820802 137.4425907104 245.9571134439 41.3879899759 12407.8064695899
-53.6197334396 119.2424589983 159.0474337404 41.6846785330 12496.7514632387
-54.2390303620 117.6986355603 133.0846947623 41.7715048512 12522.7812872008
-55.4787531421 124.2986076586 79.0055881163 41.9537150822 12577.4064818829
-56.2420776024 135.6976656037 45.0710687275 42.0732824477 12613.2518163175
-57.6038160673 176.3410598703 -17.9638120160 42.3247069969 12688.6269720729
-57.8669017983 187.4841993558 -29.3049272188 42.3777597979 12704.5317655909
-58.3903595906 210.7168356070 -48.5406799301 42.4784583649 12734.7203806621
-60.1349096492 313.5587921995 -88.9892162942 42.8508658755 12846.3654449196
-61.4155087329 389.2960881918 -85.8342407874 43.1048576623 12922.5102408600
-63.8835350253 506.1698562011 -19.5196378613 43.5603352304 13059.0592283067
-65.0901401811 548.5177075548 45.1436270338 43.8193559624 13136.7116675920
-65.2160407884 551.7627704380 52.9682597251 43.8476159933 13145.1837907635
-65.3413275575 554.5465125828 60.4537615809 43.8742597159 13153.1713579736
-66.1178646803 565.6543588765 108.2017305571 44.0381330974 13202.2993002634
-66.8320988299 566.1002384139 156.8607037778 44.2007921272 13251.0631889770
-67.2849491029 563.4420754923 176.4147923924 44.2666511974 13270.8071986934
-67.5388246894 561.2565608740 186.9701595960 44.3026200916 13281.5903758334
-68.4653657370 549.8505919917 222.2132037507 44.4263686216 13318.6891909720
-69.2788791768 534.9413411329 251.5488585755 44.5362692698 13351.6365181107
-69.6110369036 527.5397640511 262.9660165911 44.5816746857 13365.2486874671
-70.0376705487 516.5116535309 277.5878197427 44.6427936456 13383.5716502081
-70.0576015210 515.9719806593 278.2441722368 44.6456288290 13384.4216145300
-70.2583654387 510.3978541836 284.7447575153 44.6742013536 13392.9874207104
-70.7243127389 496.3470948452 299.1317513233 44.7413214691 13413.1094813030
-70.9881041511 487.8191041118 306.6975242279 44.7793620495 13424.5137327679
-71.1979376321 480.4371705269 312.6503347090 44.8110034562 13433.9995643552
-72.8571785193 417.3812420013 346.7311854356 45.0512076903 13506.0109467923
-73.1416204116 405.4239773160 350.5212246355 45.0930634929 13518.5589706945
-73.8269876044 377.3772411696 356.6506811165 45.1889156459 13547.2946681114
-74.7409905176 340.7105207969 359.0797706918 45.3116775712 13584.0977060547
-74.7961371611 338.4927307653 359.0298369356 45.3190793339 13586.3166927016
-75.4968639384 310.3650373840 356.4772121172 45.4133764209 13614.5861934802
-76.3405930208 276.9172855992 348.6402754849 45.5280993996 13648.9792172337
-79.1106979364 183.4615484926 290.4351289804 45.8995054034 13760.3240374471
-81.3694984639 138.1400563653 220.8424389529 46.1782900347 13843.9015600044
-82.9016058184 124.0000518607 169.7012824591 46.3557598283 13897.1056052281
-83.1653368930 122.8747057727 160.9055958663 46.3853531288 13905.9774313344
-84.7827081737 124.1311051565 103.6787733934 46.5768639200 13963.3908650350
-85.4494840361 129.0662137269 80.0233642004 46.6575398005 13987.5768352196
-89.2483778131 211.0717874894 -40.9104021233 47.1543256697 14136.5098384503
-89.7458021789 230.0219667583 -53.6143471961 47.2304759924 14159.3390823676
-90.0057986961 239.9935333847 -59.2268157124 47.2686576238 14170.7856194131
-90.7668973505 269.0859916105 -72.0618215059 47.3748400712 14202.6182575855
-93.4061185191 368.7135604931 -83.4605035475 47.7124778984 14303.8395872186
-94.5225323563 410.1768391839 -74.5431938466 47.8542111005 14346.3300684066
-95.0353113322 428.1906124627 -67.9328009242 47.9182573734 14365.5306150868
-95.8689182052 457.1856002725 -53.2546247646 48.0267910619 14398.0681369654
-95.9520083231 459.8873904991 -51.6000149354 48.0373623829 14401.2373308409
-97.9605361988 515.0318213274 -3.0934184627 48.2834792572 14475.0212814097
-98.9375855545 535.4653172556 26.7953862723 48.4044229958 14511.2792401947
-106.8049095920 519.5968387362 269.3652186716 49.2641560079 14769.0224185970
-106.8480804143 518.8074035325 270.3983449428 49.2684954389 14770.3233437279
-107.9142970858 497.5410563171 294.3463445251 49.3754660724 14802.3922737671
-110.8151827868 427.2149432894 340.4274875920 49.6578634823 14887.0528831993
-110.8833303623 425.3893586462 341.1644720255 49.6644343615 14889.0227778661
-117.2685014057 255.2560719366 338.6852456019 50.2470832722 15063.6971084986
-118.2403944614 233.2015075925 327.6021849808 50.3295212289 15088.4113348484
-118.7741991237 221.9268890096 320.6629303514 50.3737232875 15101.6627466454
-121.0589623431 177.8899498151 282.3787335673 50.5691055809 15160.2368280277
-121.3125928923 173.4844404992 277.2091689453 50.5917775682 15167.0337012217
-121.7906172978 165.6479410898 267.1378699370 50.6343783607 15179.8050664921
-122.1305652748 160.4171969068 259.6796455559 50.6647872619 15188.9214026889
-122.4970231075 155.1288536543 251.4059084884 50.6975655386 15198.7480581408
-123.2956338413 145.0650003386 232.8936976580 50.7679283422 15219.8422498527
-123.3493129837 144.5142279460 231.7371621239 50.7722050025 15221.1243568388
-125.6871400385 127.1688959828 178.0760255541 50.9610035183 15277.7246693701
-125.9810814085 126.0235723742 171.3701943419 50.9837171631 15284.5340310978
-130.6815772124 136.8707467144 61.6996482150 51.3555599912 15396.0098103243
-130.7527317007 137.4622617493 60.1070777846 51.3612317611 15397.7101594865
-131.2454937574 141.9168601548 49.1567727775 51.4007024400 15409.5431421842
-136.7472370821 228.4348364725 -50.2246327991 51.8474195735 15543.4658073357
-138.1481599057 258.6738148090 -65.6388835896 51.9608379529 15577.4677211351
-139.9977608210 300.7892956774 -78.4264525745 52.1080197374 15621.5916456503
-140.4948729869 314.9485592343 -80.6735836995 52.1558884987 15635.9423048916
-140.7567232196 328.6225396902 -81.7848112434 52.2016654361 15649.6658523401
-141.3440242971 354.2975075693 -81.5098772930 52.2873818177 15675.3629242601
-141.9220104854 380.1976204962 -78.1697929085 52.3745611894 15701.4985889983
-143.1988304602 430.3796985974 -62.1736715112 52.5507458714 15754.3173661391
-143.9691632293 457.6195195404 -47.3518093169 52.6543013406 15785.3624561490
-144.0253155158 459.6382739396 -46.0452536085 52.6623245653 15787.7677517955
-144.3882101906 472.2257015139 -37.1500526249 52.7137615379 15803.1881317399
-144.4284951435 473.6287921464 -36.0720296505 52.7196651384 15804.9579817740
-144.8845057855 489.5040841550 -22.4957905761 52.7893860834 15825.8597491891
-144.9093504797 490.3869625616 -21.6587110680 52.7934451498 15827.0766233147
-144.9302692295 491.1358643324 -20.9413179085 52.7969051352 15828.1138980097
-147.5478176338 552.7044537045 87.4956544220 53.2188283901 15954.6034970330
-149.1778471416 557.0132830257 161.4638751346 53.4672326769 16029.0731978227
-151.1834572487 524.8811097604 253.7101926191 53.7958429741 16127.5881313441
-151.7142625754 509.4564871073 275.3712045387 53.8846180112 16154.2021638257
-152.3735327087 486.6001521408 299.5695636919 53.9957794517 16187.5274647034
-152.9935249848 460.6454688612 319.8544361025 54.1057677373 16220.5010628027
-153.1351489645 454.1176823981 324.0558980458 54.1316671702 16228.2654974000
-153.1780359780 452.2506499874 325.1974158991 54.1389680587 16230.4542426697
-153.2882648871 447.5150120915 327.9809707493 54.1572948547 16235.9484633746
-154.5586092269 386.4255146964 351.6465575768 54.3766763105 16301.7173216548
-157.4203792784 246.7667029915 336.7584060350 54.8538054274 16444.7573373615
-157.6961881907 234.1523300944 330.4963849739 54.9007975703 16458.8451933865
-159.0913087540 180.7946579137 290.4774052156 55.1241353009 16525.8001148765
-160.2574690912 148.0448120236 247.6129917698 55.3045426462 16579.8848152096
-161.5099660764 125.9723998160 195.4381969599 55.4940993265 16636.7124194328
-161.8566852335 122.3478598017 180.3102498720 55.5460113543 16652.2752169084
-162.4893550993 122.8291259560 147.8546440169 55.6552141050 16685.0132115280
-163.3944683410 164.5805593806 95.4869877617 55.8862349641 16754.2725031889
-163.4448532052 171.0812417419 92.6815697953 55.9098587644 16761.3546084576
-163.7036811089 213.9602288588 89.5467166369 56.0553920683 16804.9844238412
-163.6442681043 254.0505539640 112.1312769251 56.2114571614 16851.7716702815
-163.4605207612 274.3621906620 171.6642518569 56.4277271332 16916.6085453017
-163.4578624124 273.4296182452 178.5353702104 56.4508623198 16923.5441697754
-163.5278895722 267.4298320204 197.3191762145 56.5168256283 16943.3192357209
-163.9032926149 237.4999660756 230.7353911685 56.6687786458 16988.8736805444
-163.9113623195 236.5553132336 231.2984511403 56.6724470570 16989.9734185149
-164.1231849426 197.4504350054 241.7358328533 56.8092093561 17030.9736941362
-164.2594148480 181.3033463614 239.9597761031 56.8635101087 17047.2524251426
-164.3271845027 173.0835258139 237.6998428129 56.8919575851 17055.7806110385
-163.9405075101 120.6753667708 170.4335249205 57.1930826287 17146.0579181848
-163.5648604061 136.7008538063 117.4154903014 57.3820228467 17202.7011985859
-162.4391350467 203.9723777801 88.4292062166 57.6372150410 17279.2072786102
-162.0394871036 234.0533190837 97.5386343916 57.7427386768 17310.8422880379
-162.0116271939 235.5342116273 98.3685231006 57.7484019830 17312.5400678075
-161.9743560826 237.4460550766 99.5006247630 57.7558145134 17314.7622410932
-160.6486201214 261.8996048310 205.6842094113 58.1619377276 17436.5200521430
-160.4400460183 253.6727618476 216.2037300865 58.2065368574 17449.8903284586
-160.3170893381 245.0792129774 224.0535443187 58.2454025442 17461.5417776577
-160.0818815037 222.3741469175 236.2473044666 58.3318351573 17487.4533959108
-159.7609200179 188.0826346466 239.3187620311 58.4477778705 17522.2120054545
-158.7600626480 123.3527316076 173.1981556035 58.7808426648 17622.0653788752
-158.3379173104 127.5351094464 136.9781234923 58.9035948238 17658.8654404619
-158.3205024932 128.4415372632 134.6393243894 58.9119622553 17661.3738798692
-158.1537376201 167.3023434861 94.1696604273 59.1038284306 17718.8943770418
-158.0571172725 181.6417528427 89.2459436296 59.1544691752 17734.0758695035
-158.1012224290 270.7701662242 134.8885856748 59.5168112503 17842.7071384567
-158.0727047905 275.7149886113 153.4907243686 59.5811962682 17862.0090425720
-158.0683661398 276.2252915478 158.4026184442 59.5976720280 17866.9482520148
-158.3154276398 263.7116264348 206.2930968758 59.7657167347 17917.3270032494
-158.4584337070 209.4402636962 240.1406040166 59.9852598328 17983.1451948056
-158.4513631405 203.7911088403 240.6551581593 60.0041851256 17988.8187430864
-156.7606820975 129.2191995964 134.0970585002 60.5219963824 18144.0640532526
-156.5870491514 138.6651796324 117.4981224834 60.5858694847 18163.2124882900
-156.1221546927 166.8479036351 94.2534788159 60.7087890069 18200.0627241521
-156.0757749490 169.9072371893 92.8565429761 60.7200088840 18203.4262880598
-155.2067076293 254.0932330787 109.8200179159 61.0253961689 18294.9815153014
-153.4217053887 242.7260854282 226.6412171230 61.4696031169 18428.1579220655
-152.8840626468 223.5307158350 236.3255430198 61.5415814743 18449.7362483434
-151.8953702151 180.0210725999 237.6517229823 61.6890729088 18493.9531115779
-151.7302525833 173.6013358668 235.6718639130 61.7114951898 18500.6750127981
-149.1015299128 131.8284416022 199.0435190331 61.9012118002 18557.5510667952
-148.8018502731 129.1615876047 193.3237556658 61.9222931159 18563.8709629710
-147.5749643836 123.5772541090 169.1402510173 62.0055968056 18588.8445456855
-141.7966750635 179.2172545409 90.3750450880 62.3537626239 18693.2255317022
-138.0075110993 257.2938819166 113.6813130237 62.6401842189 18779.0945865731
-135.1058086295 272.4531905462 185.7308514601 62.8975626094 18856.2561407333
-134.3665014728 263.9121423080 204.1069272576 62.9654182902 18876.5985187779
-133.1690237474 244.7832863757 224.5948045331 63.0594975076 18904.8025415337
-124.7055294325 127.2525132180 133.9647356477 63.7173541441 19102.0395711593
-123.4014276806 142.6496257108 109.6808530887 63.8140099306 19131.0160355616
-121.2343034720 186.8876416547 86.6943114781 63.9837308425 19181.8973198719
-120.6936331069 199.2605402655 85.8974183868 64.0251654565 19194.3189020277
-118.3907938392 244.6432511363 101.7789173434 64.1883009648 19243.2258704962
-117.6540254307 256.8976169569 113.7080953792 64.2455037423 19260.3745959453
-113.1900908884 266.1061789247 196.2841902374 64.5383199566 19348.1608598412
-112.2475690484 257.1813320510 210.0993679793 64.5933977490 19364.6725334311
-112.2263676919 256.9460204715 210.3844926406 64.5946329378 19365.0428252319
-110.6797417555 235.5387959809 228.0925822929 64.6880285866 19393.0419163907
-107.1356423444 169.2759773805 231.1713252115 64.9180173646 19461.9918184497
-104.8697555968 136.2898818931 203.4437172356 65.0641392628 19505.7980953927
-102.6539877853 122.9783432995 164.1500116710 65.2043260025 19547.8250142216
-100.9485780335 128.0234540942 132.7294688823 65.3115140061 19579.9589886433
-99.4101591651 143.9471363500 107.5982004867 65.4114817432 19609.9283552346
-99.2252541387 146.5913882900 104.9567567744 65.4239648693 19613.6706218414
-95.5940745764 207.1597701329 84.5405792063 65.6440873692 19679.6625534062
-94.4799826168 228.4230386431 90.1876388848 65.7177974044 19701.7600155952
-92.9354492755 251.6708321369 106.1210215629 65.8125664718 19730.1708453003
-91.4724487658 266.8538018976 128.3134479119 65.9028546883 19757.2383398153
-89.9440204528 273.4200232997 156.4967083648 66.0001947289 19786.4199341572
-88.1550956150 268.3199535687 186.6705416857 66.1031219960 19817.2765533702
-85.6431139048 242.5018326938 220.0366687163 66.2461839305 19860.1654542323
-84.8823427903 230.2021276295 227.2570751474 66.2938870306 19874.4662587274
-84.7024759550 227.2197299566 228.5631301697 66.3047647177 19877.7272357538
-82.2493096151 179.5292948746 231.6607390588 66.4671778891 19926.4176515007
-81.3658112299 164.6369974000 225.9745854843 66.5205165913 19942.4079553004
-78.6811076557 127.9270247425 184.0620285841 66.7108971408 19999.4830784043
-72.5276407193 204.8679613613 85.3663876675 67.2066794834 20148.1237593607
-72.4801558543 206.0906011793 85.4569982054 67.2107720425 20149.3506492715
-71.3874692420 237.0188326165 95.1065074983 67.3198014690 20182.0366704072
-71.1082972813 243.4124950744 99.2175274901 67.3451829484 20189.6456974014
-70.6108520393 251.7887906118 106.1635033747 67.3815522722 20200.5487527650
-70.4803381583 253.7393927847 108.1004623190 67.3907323940 20203.3008225244
-69.7314203351 263.3317959514 120.2252827509 67.4424414865 20218.8025833244
-60.4486523538 195.7634938458 234.9034344555 67.9900596878 20382.9856708983
-59.3798058655 176.5741032986 231.3213289497 68.0554582803 20402.5914231695
-55.1914861719 126.1926747639 170.0095014495 68.3359518762 20486.6832699106
-49.4877862475 195.2165719927 85.9566873070 68.7415236265 20608.2760725394
-48.8432642484 213.6050572239 87.0417713344 68.8031537380 20626.7520645189
-47.2149157184 255.8807918493 111.3686977182 68.9692938996 20676.5598414212
-46.3408591052 269.8940335411 135.4656332003 69.0628021533 20704.5926821195
-45.4484402551 274.0614298961 171.9783536195 69.1868056838 20741.7678951843
-42.7061828227 207.0275713838 234.7451524519 69.5190539715 20841.3766637047
-42.6795154552 206.0655596877 234.8153022881 69.5222726909 20842.3415887506
-42.6692086271 205.6734712046 234.8403776709 69.5235837292 20842.7346187554
-42.2007983438 186.5898440374 233.6025375785 69.5875430329 20861.9088823197
-40.7008779892 130.8096992617 184.5342368656 69.8474617606 20939.8321320500
-40.5750135223 129.1634460209 178.9366173170 69.8669349697 20945.6699313888
-40.4638269552 128.1623923386 174.3760596347 69.8825163102 20950.3409990936
-40.1114603344 126.9657499392 158.0817526708 69.9371382966 20966.7160152156
-39.8323993650 128.0573091019 147.7850037199 69.9717137106 20977.0812738262
-39.7972086471 128.3141096559 146.4203370632 69.9763471953 20978.4703250092
-38.3861132444 168.9238307130 94.2307943984 70.2054513585 21047.1550575122
-38.0802228244 206.3345571971 87.1051159031 70.3338870172 21085.6590135524
-37.1423101276 262.1432188398 118.8643775012 70.5550899313 21151.9748874834
-37.1228845954 263.1753701490 120.3858361087 70.5612230623 21153.8135111605
-36.9137946747 271.4143356581 136.9325214675 70.6230191036 21172.3392448160
-36.7675828181 275.1486692027 153.8861335872 70.6810541512 21189.7374648588
-36.5875093864 271.7214346499 184.5241470139 70.7846433896 21220.7925351608
-36.4690594473 268.3385352755 192.9094346103 70.8148278097 21229.8414233535
-36.4468454345 267.6532892917 194.3089463729 70.8200262257 21231.3998327080
-36.3838974827 265.4697776073 198.3508936800 70.8353534693 21235.9947249508
-36.0170984151 231.2826456721 228.8969331872 70.9908441748 21282.6097788051
-38.1371444116 149.5771363383 214.9846049491 71.2843643416 21370.6072188085
-38.8992809305 135.5270151680 195.7935903357 71.3641230796 21394.5180324500
-39.6155085750 128.0203284577 170.5113437911 71.4526600662 21421.0605109338
-40.5722671980 135.4926552547 129.1003511863 71.5952275442 21463.8011741234
-41.6903344775 168.7372198190 96.4995114760 71.7535639353 21511.2693689601
-41.9022732490 177.0111067103 93.0558975255 71.7834879349 21520.2401850226
-43.9356079409 255.7096072958 112.3541911756 72.0685499766 21605.7017630187
-44.7995364628 273.8838361816 147.8010844509 72.2032681622 21646.0892120981
-46.2413776346 236.8656454258 226.3467811195 72.5141725295 21739.2987394379
-46.6318856553 213.1155111797 234.2498194984 72.5981220939 21764.4659342852
-49.6890342817 128.3766295966 165.8300711390 73.0067188034 21886.9658402177
-50.1645922198 129.3607152747 148.7527909884 73.0639266243 21904.1160616362
-50.7354341655 136.6957225298 127.5222686121 73.1392020000 21926.6827912047
-53.5397115674 232.0066396433 95.4196706543 73.5116840934 22038.3546158909
-53.9228206169 245.4522261463 103.4616898498 73.5640607897 22054.0565101402
-54.7654049206 270.0981164760 135.5806190142 73.7007072635 22095.0220582416
-55.5809365632 271.5692015715 184.7577964611 73.8682752100 22145.2578946488
-56.2084036083 190.3096594229 234.2899443707 74.2150271582 22249.2152507035
-56.4566009254 158.8124767970 220.9079899317 74.3303694020 22283.7938274464
-56.6502539885 143.9893225731 206.4035726554 74.3997464170 22304.5922705281
-56.9866733197 129.0725401346 169.0946661358 74.5353225759 22345.2369388039
-58.6784500309 184.2887388053 89.9704065643 74.8842726366 22449.8533465710
-59.2858225595 221.8831414142 90.3155427017 75.0111766559 22487.8981173748
-59.6235915048 242.8875984874 99.8267402765 75.0883908880 22511.0461003727
-59.7908602857 253.5858271144 108.3841474679 75.1341509183 22524.7643814101
-61.4615782249 272.7786978578 183.8437046285 75.4072966993 22606.6533251505
-61.8693579938 265.5678286490 199.6678240239 75.4654442690 22624.0852718588
-63.1176763774 210.6272554772 234.4253552492 75.6899186340 22691.3819799708
-63.7202578909 187.0306347459 232.9243749439 75.7691919804 22715.1472704959
-65.7162137359 135.0476558335 188.5339491959 76.0057316097 22786.0612593939
-66.4622396712 131.1223166154 149.9962646120 76.1366991010 22825.3242529515
-66.5506214544 132.1505082166 145.0211246164 76.1536511848 22830.4062478633
-66.8077972266 136.3477295576 132.6372084751 76.1973237558 22843.4987287307
-67.5682551808 167.5343954588 98.5894913373 76.3541667756 22890.5192115801
-68.0190726771 189.7323736792 90.6581957380 76.4331930469 22914.2104297533
-68.1525561086 196.1672424303 89.7250030436 76.4548927984 22920.7157135050
-68.7843757584 221.2908519932 91.6282092040 76.5394151585 22946.0546238699
-70.7631366165 274.9167012262 145.7560206848 76.8062704628 23026.0576120472
-71.4398776657 276.1880000568 172.5310949306 76.8961574040 23053.0047924662
-76.0622251794 174.7996247614 229.6616467134 77.3446609613 23187.4701134462
-76.4677676783 163.8763400385 223.5503842350 77.3864767414 23200.0059467257
-77.4386437078 143.2308675537 201.7951917486 77.4873673870 23230.2519831457
-77.5039665969 142.2317467470 200.1499947213 77.4937917543 23232.1779137155
-79.1892439525 132.2445187407 157.7017119981 77.6414994654 23276.4596210983
-79.2135116029 132.2946911169 157.0866946215 77.6435593733 23277.0771506098
-80.0781284348 138.2659212143 133.8488394638 77.7240307728 23301.2016072850
-81.8796924300 179.1409585944 95.7022307637 77.9159380275 23358.7344727401
-82.6238528159 202.6708095687 91.3129749331 77.9962377446 23382.8074564053
-82.8691865558 214.2068477284 93.3020444713 78.0355496446 23394.5917643542
-85.6363814177 188.2342387479 149.7741152588 78.3882466523 23500.3477414124
-87.7344409178 222.0603895652 93.2645839085 78.7237013519 23600.9320924238
-88.3308702829 228.9816452218 98.4828017333 78.7527757257 23609.6474356836
-88.4899443104 230.7139920361 100.3354680175 78.7612561283 23612.1894743593
-90.5468681851 236.6989313481 129.7743669705 78.8665386177 23643.7512487873
-91.7843701896 229.0918859576 142.7497361526 78.9172868872 23658.9638724891
-91.8368901330 228.6525585992 143.1757088183 78.9193358620 23659.5780578583
-92.3938703177 223.5089328176 147.1418226465 78.9411139889 23666.1062272380
-101.0236610510 216.0618510199 88.7357695664 79.3558273644 23790.4662659866
-101.5714644054 224.6142857242 92.3951640864 79.3870057598 23799.8123183331
-104.0171010448 238.9412422918 123.5772393145 79.5092286572 23836.4530966128
-116.2752538758 189.5678632598 93.2321398917 79.9221779524 23960.2840908372
-117.1212488964 197.3547376874 89.3017321708 79.9515310476 23969.0829702952
-122.5208829753 237.3441418270 126.6433252313 80.1751885193 24036.1389742172
-127.0022593590 194.3894800710 146.4466381671 80.3539680319 24089.7375634606
-131.5824687617 181.9592229377 100.3692273892 80.5369524959 24144.5970334374
-131.6508900243 182.3852388991 99.7772853869 80.5393961591 24145.3295261937
-134.5655052253 207.4198552408 87.3802670441 80.6368971611 24174.5583123415
-135.0256781817 212.0503416249 87.7447950899 80.6524798730 24179.2293188327
-135.4087496323 215.9688307397 88.6083182056 80.6659337098 24183.2621744974
-137.2253832913 231.9047517897 99.5972152092 80.7319996130 24203.0667660064
-140.4895104742 232.8219456063 135.4139666721 80.8604584404 24241.5772140519
-148.0798810757 178.1377315943 125.2157589391 81.1001339861 24313.4368410916
-148.8916729250 177.5216759919 117.7292174095 81.1254096422 24321.0134286166
-150.3852608562 181.3079729348 104.2852278877 81.1727314356 24335.1988308408
-154.9162616625 219.8097263928 90.0292766704 81.3223846792 24380.0640337578
-156.2021095615 231.0531706064 97.6387802019 81.3682950838 24393.8263297937
-159.0808312847 238.0131807310 126.3270214705 81.4719829292 24424.9099767025
-159.2185609752 237.5723898859 127.7639236331 81.4770184501 24426.4193850209
-159.2895466890 237.3246265593 128.4706729536 81.4795281648 24427.1716755886
-164.5520014158 187.4877139192 141.5913741969 81.6803063620 24487.3668530061
-166.7085853973 177.1813229741 120.7796358172 81.7600821461 24511.2815476838
-173.1365817072 221.1498185226 89.9292237333 81.9761737005 24576.0688120572
-173.4892462338 230.0497024724 95.4471574905 82.0112621101 24586.5869364371
-177.4113597514 176.4098582066 117.6583582570 82.4238341598 24710.3057275774
-179.6425321489 196.5375613965 87.9192275978 82.5510854313 24748.4541046609
-182.0258615609 234.0639767010 100.3627002154 82.6932513484 24791.0743373187
-182.3024872785 236.3718310317 104.8681664905 82.7101774313 24796.1480165793
-195.9047901833 236.7915753862 98.9278348651 83.3380939097 24984.4829764349
-197.5113775964 241.0295842501 114.9850667296 83.3943521215 25001.3473089042
-206.5564155923 192.6493933053 88.4902266236 83.8116622530 25126.4878812269
-208.6652193084 237.4750396479 99.9237713721 83.9866458652 25178.9483182848
-208.8556175027 239.7900580564 106.2417644210 84.0091364304 25185.6900085191
-208.9573572086 240.6134670188 110.9653818568 84.0251468050 25190.4891892000
-210.0334002446 229.0015702459 138.0537549514 84.1277576009 25221.2498888591
-210.8399552522 210.2764850858 144.5927592664 84.1950829642 25241.4319971453
-211.9014454051 181.9018753957 125.6056541612 84.3166680553 25277.8815069327
-211.9775435451 180.8823054162 122.6951680538 84.3269620805 25280.9671678128
-212.1623882883 179.7228934610 114.8215461385 84.3536129112 25288.9559538127
-212.8262921579 207.4007675084 83.5866462519 84.5059082471 25334.6133687716
-212.9158411912 210.4217241718 83.4426160357 84.5160067149 25337.6404009321
-214.4949421639 239.2959239559 123.9985601487 84.7076797759 25395.1053959184
-218.8384575155 190.6642340191 90.0203303837 85.0748932808 25505.2186116323
-220.6972711124 237.5212164839 98.6569329732 85.2578335074 25560.0649630061
-220.3912034110 238.7956025824 123.6269469670 85.3435291142 25585.7543343634
-220.0926904197 230.6997480856 136.8319895966 85.3958813463 25601.4476654320
-219.8032770683 221.4906632687 142.8414393004 85.4328272437 25612.5225494769
-218.2906529865 194.7634491327 87.4750643928 85.7370752563 25703.7490267283
-218.0293637238 205.9375565890 83.7810251315 85.7765556762 25715.5836847724
-217.4166172103 226.1843857174 88.3978462756 85.8471166930 25736.7357499201
-215.8846313483 235.6594228725 129.3408364083 86.0009071507 25782.8414782231
-213.2163835068 182.8396061706 105.8319292101 86.2901442263 25869.5657615841
-210.3616350014 237.0596023630 126.3079935277 86.6092035293 25965.2349006977
-210.3351108353 236.8602012324 126.7835988982 86.6109262562 25965.7512848006
-209.9301786608 232.4137130918 133.9681516809 86.6392595415 25974.2443695251
-209.4240210355 223.7201853458 140.9529702539 86.6767635699 25985.4865509635
-205.8995470252 216.3138891186 147.6736835011 87.3305614906 26181.5951037309
-205.6695120555 207.1310668460 148.1815120378 87.3614003974 26190.8392828069
-205.1199286255 180.9083528134 123.0740056019 87.4921486616 26230.0361126520
-204.6591668444 189.9569563956 96.3782631547 87.5895858647 26259.2456439137
-204.4853352054 197.5854748066 91.2827795406 87.6203392874 26268.4641957245
-204.3733384043 238.6795788974 111.5111871462 87.7957079098 26321.0401685377
-204.7012040738 235.7491520359 132.5495346220 87.8684243634 26342.8383902477
-205.5846626213 211.4247434497 148.8068101159 87.9699157040 26373.2633872626
-205.3183512688 215.2962420475 150.0561897124 88.5798045508 26556.1937773402
-205.6755114212 193.9423038563 146.8890561009 88.6537544295 26578.3617625591
-205.8692078801 183.5146664630 136.9691740839 88.7021673171 26592.8741190285
-206.7905376399 197.8826189136 92.8867218046 88.8773247642 26645.3867843265
-207.0352183129 215.9866110207 92.1192891998 88.9389135900 26663.8490428974
-212.1517301430 238.3680163788 129.9697454428 89.7151832555 26896.7261534893
-214.7522065917 185.9908090030 138.9794239209 89.9333688626 26962.1418110188
-218.8175646009 211.2904354350 92.1369864977 90.1552941580 27028.6789682628
-221.9840967267 239.0940455088 116.4643293160 90.2901677674 27069.1126934689
-226.3455980838 209.5426876942 150.2421535721 90.4633377015 27121.0294080972
-230.2465490365 181.3269039337 122.9460647057 90.6067508250 27164.0235874320
-238.9829170462 238.5416004276 115.2535909685 90.9006781895 27252.1551527937
-239.9012328441 238.8534985386 123.6411821975 90.9289596441 27260.6326627528
-240.6994128440 237.3030059658 130.2713983412 90.9518906071 27267.5062954589
-249.0777525488 188.1910270770 140.0962752192 91.1514608320 27327.3395971300
-261.8122635879 230.7916257960 103.4542527488 91.4648494938 27421.3085250934
-262.8598697764 234.7556413164 110.3196582209 91.4916171147 27429.3322373133
-267.4221715699 230.2304647018 139.8643040118 91.5973858852 27461.0396203135
-276.0119395165 182.5808897831 132.2784404240 91.7945400474 27520.1484233993
-277.3790132086 180.2624708197 122.9403054833 91.8270757867 27529.9012120103
-280.4159691482 186.1353620493 103.0643522085 91.8986397902 27551.3538779548
-280.7686555406 187.5557285970 101.3640361181 91.9061265625 27553.5980222774
-281.8049776275 192.5852789805 96.9713519044 91.9287257008 27560.3721785765
-285.6952802013 217.5517760852 93.5042328569 92.0170590979 27586.8522708792
-289.9231844967 237.1983201472 114.9104159161 92.1190597739 27617.4299196390
-294.8276991009 224.9447684903 144.5107833690 92.2344266860 27652.0149894740
-297.8830092905 206.6866436080 149.5860747136 92.2995332023 27671.5317549741
-317.5800348741 238.3684394895 129.6435110785 92.7773143858 27814.8196430692
-326.6248796351 181.1381253386 123.2265150016 93.0491878540 27896.3368270482
-327.7843591986 182.3299463049 112.9112123120 93.0842136078 27906.8360255515
-333.8041878417 224.5893520477 97.5062521589 93.2607729015 27959.7691165606
-337.5379176845 237.5508410296 123.7232050462 93.3638513887 27990.6698897753
-343.9910594498 203.5390680328 149.7762553657 93.5269913922 28039.5791068175
-350.4875088194 182.3143600810 110.6501314064 93.7001852039 28091.5030283722
-357.5510323211 236.4038128502 111.4344731710 93.9270399811 28159.5187075929
-366.8629661203 187.5990813874 103.6877917147 94.3315830496 28280.8330574807
-367.1775843425 190.8725179114 100.3204520861 94.3473078930 28285.5465727041
-373.8305526930 235.2681266132 135.7846213214 94.6158487941 28366.0644062951
-386.6131110249 185.5718290928 134.3463388571 94.8202691108 28427.3522801724
-391.5050145857 183.8550656088 112.8639548320 94.8959444448 28450.0374438124
-392.2378385639 185.0343216057 109.9104337641 94.9068363470 28453.3022663144
-400.9365812928 214.3669102950 94.2113925445 95.0295174323 28490.0802715074
-401.7714014580 217.3511496668 94.8502210142 95.0400790926 28493.2461027710
-402.8300236337 221.0572067092 96.1621082020 95.0536685877 28497.3195330164
-415.4703641982 235.1797885350 133.4773926191 95.2079467749 28543.5715389085
-421.0294488452 220.4101573545 147.1311072825 95.2790095564 28564.8738793527
-432.2744714487 185.0672002701 131.9230872069 95.4270585953 28609.2580980165
-437.0735479485 183.7593047114 114.4033191869 95.4886435117 28627.7190764837
-439.2417321505 186.9946596479 106.5144430851 95.5180799286 28636.5427487389
-448.9939336621 221.6279274888 95.0638474870 95.6541123858 28677.3239105496
-470.6868602847 200.5567339888 147.7209125395 95.9522657947 28766.7238509859
-476.9694621294 184.8356959687 131.2268361981 96.0337402858 28791.1475574805
-480.0887625754 184.0716886259 118.7599755836 96.0769992477 28804.1147805083
-488.6590115987 205.7878815626 96.5086443579 96.1915124945 28838.4438505381
-495.6837639297 230.9628034377 104.5226925558 96.2866737944 28866.9709111741
-529.1712355881 197.7635995985 102.2951196342 96.7510382621 29006.2351687279
-543.2499951454 237.4893975028 116.3657267977 96.9184422764 29056.4230156312
-549.8100361421 236.0512654414 138.4381068856 96.9975606466 29080.1403433575
-552.4398068286 230.2213170783 145.9168281287 97.0305629223 29090.0329132187
-573.6262517752 190.9329993084 109.8963407319 97.3093222809 29173.6159530176
-580.1422684185 212.3336540995 99.3170828560 97.3943598493 29199.1078465285
-601.3337011369 216.0004616112 152.2894659420 97.6785524591 29284.3205694222
-602.7770067747 210.5872671144 152.2392660839 97.6972773989 29289.9333495413
-604.0240195156 206.0378390460 151.2939435826 97.7133511766 29294.7514304711
-604.7743423323 203.3693999803 150.3355503999 97.7231414202 29297.6860136422
-641.9998237239 237.3892594615 136.1199296058 98.1734734120 29432.7405342019
-646.1318614349 226.9439930713 146.8427468619 98.2260133700 29448.4899383104
-670.9960732857 200.9682657136 98.1684761976 98.5268115683 29538.6836038957
-701.8010584088 214.1631995202 148.2990188605 98.8595336971 29638.4533747369
-703.5510548456 208.8270836811 147.9197110776 98.8783385487 29644.0900996573
-705.5577847935 202.8668967083 146.1660044749 98.9001589519 29650.6307545000
-749.2969976041 239.5372974978 131.2691290889 99.3399592929 29782.5256199042
-806.2422669810 242.0822390672 129.2968389226 99.9132169757 29954.4713605028
-807.3998983170 241.2409488183 132.3957216921 99.9246092691 29957.8861480381
-837.7470843165 190.2175246127 118.0406940339 100.2099558343 30043.4453137461
-838.8967570026 191.0672196874 115.2781092676 100.2203378064 30046.5572566387
-842.7081845360 196.1421138594 106.9082825441 100.2555474691 30057.1114838872
-875.6113816265 232.8826044988 141.3873077911 100.5523678731 30146.1122800193
-886.9450097487 206.7791538890 147.5776022829 100.6533990612 30176.3991258211
-891.8476845134 196.3673402079 141.2825762557 100.6974422231 30189.6013590567
-900.7075210409 188.7004286645 120.4084857381 100.7793238081 30214.1470253895
-908.5362675583 197.8205825565 103.2439699776 100.8509747258 30235.6255744239
-969.9671459930 191.3369380969 117.8618688703 101.3782353130 30393.7672847692
-970.0557619693 191.3898467504 117.6643598263 101.3789787796 30393.9901320235
-989.8619991257 227.1514072217 102.2086337168 101.5434434824 30443.2966514663
-1008.3606078098 237.6757573474 137.1446142651 101.6917710085 30487.7643787849
-1017.9586355480 221.5271053553 149.0330216789 101.7679410360 30510.5977142175
-1025.2014889018 205.1741289978 147.4595364840 101.8286706105 30528.8021505849
-1052.2057727459 211.0828500914 100.2961898042 102.0618517358 30598.7156995187
-1087.6342750426 221.1468744312 149.6485934036 102.3520044222 30685.7167930596
-1089.2990381061 217.4091958540 150.0370428949 102.3657244378 30689.8292985490
-1090.2062643524 215.3418516999 150.0180828041 102.3732591565 30692.0877753435
-1106.7623996006 193.9202723463 125.4819609041 102.5065877471 30732.0580213198
-1112.0997080162 198.9769482890 114.1443086541 102.5521848718 30745.7256755981
-1125.5897060740 226.5628304902 108.5820265383 102.6640128232 30779.2492178171
-1150.1240170730 218.6621223585 151.5161009934 102.8749571816 30842.4950526548
-1155.2644682040 206.9370247763 150.0510012343 102.9183108814 30855.4901933348
-1173.6063675265 196.9600547189 115.8650314839 103.0677787850 30900.2998844699
-1249.2812239862 211.5346620367 108.7538475648 103.6577913364 31077.2998601035
-1279.1641839627 225.0081766324 150.1243037036 103.8745821200 31142.2992059617
-1291.3430398084 202.0478375595 150.7839897559 103.9651147945 31169.4380048590
-1319.9709050337 210.6722003711 108.7974090279 104.1741965173 31232.1252692425
-1357.0200908476 211.6126437945 151.3201581433 104.4462801134 31313.7096936650
-1369.4678263726 193.3679698406 138.0265643606 104.5353346186 31340.4053124598
-1369.5364864084 193.3184445361 137.9058343779 104.5358265783 31340.5527659676
-1384.7989330968 200.1998013598 112.0823545613 104.6436673599 31372.8808161794
-1392.9240459625 214.2267511967 107.5588435353 104.7007779777 31389.9998673529
-1398.2835901672 223.8104272825 110.0231128844 104.7386353791 31401.3473821153
-1412.6360886666 234.4044320862 132.6759706066 104.8402917423 31431.8211987476
-1417.7887688943 230.8072085798 141.3003368415 104.8761187236 31442.5600725013
-1422.1553406642 225.2042922283 146.5880819746 104.9057582665 31451.4442224726
-1437.5600434131 200.3147784148 144.7245134004 105.0093340747 31482.4935238167
-1445.0769743146 193.7727691064 133.6502786353 105.0597421454 31497.6033045947
-1446.6988501537 193.3115779565 130.8697679238 105.0705957774 31500.8564749132
-1454.4297251765 195.8701164365 118.3185455983 105.1211313700 31516.0044813202
-1469.3992659355 217.6331558517 108.1568675635 105.2205818817 31545.8169331602
-1494.8924952354 232.3784657051 141.4568656888 105.3879674458 31595.9996294883
-1504.1178601803 220.0000549618 149.7412656608 105.4474255595 31613.8223892284
-1511.2751377724 208.0506419044 148.9817356673 105.4943793237 31627.8966578412
-1569.8324836687 204.9241633781 132.2592830405 105.9058236428 31751.3612366185
-1590.9513934862 230.6656410874 138.8144585339 106.0550801817 31796.1072393196
-1598.9861640583 221.5582774815 150.7436165901 106.1141888380 31813.8217705676
-1648.5798528438 208.9344448790 153.8048771338 106.4832347962 31924.5475367009
-1651.0219335497 204.3381802053 150.9411488943 106.5031391480 31930.5118943252
-1670.6064135359 223.4564932310 128.2315307159 106.6628700181 31978.3998411954
-1671.0997792710 224.2311782201 128.8689802950 106.6666022026 31979.5181254304
-1675.7685945643 228.8996711335 137.3765949241 106.7031125450 31990.4591267508
-1684.2345360992 220.2034694183 152.4071901155 106.7723431912 32011.2078563612
-1702.0679422653 208.9035958565 126.9632416888 106.9284027943 32057.9945103780
-1706.4686609533 218.4939270253 125.5250622289 106.9645434623 32068.8246945283
-1713.9159596743 229.3837667588 136.5630178268 107.0252199043 32087.0090813656
-1714.0097991898 229.4233870044 136.7648307532 107.0259743596 32087.2351372458
-1718.6574853561 227.8132161594 146.3524592352 107.0625291474 32098.1894197529
-1756.6363858638 226.5738325316 136.6914636531 107.3509235430 32184.6923679242
-1776.9143763065 200.8480403692 143.5081269410 107.5036424280 32230.4768968672
-1785.7029203931 205.3901167215 127.4834328036 107.5694106121 32250.1875538722
-1788.9631300257 211.8294569687 124.7727094166 107.5953223298 32257.9521118963
-1797.6085941417 226.6660064575 133.6422737157 107.6646421638 32278.7274583091
-1803.6613854165 225.3520767674 145.9598807113 107.7120982213 32292.9490019907
-1816.4600895290 202.7241941218 147.1383246227 107.8107242985 32322.5107277677
-1835.2855177491 223.5149340363 128.4084286357 107.9624912099 32368.0096832385
-1845.3710212280 225.2731276834 148.1912305380 108.0422533638 32391.9155054416
-1873.2229147841 220.4482046171 128.3123528556 108.2715234102 32460.6695681278
-1889.2299763653 214.8368679046 154.8066473298 108.4054332484 32500.8123340659
-1897.3644932355 200.4511581609 144.3961924662 108.4753426457 32521.7643024133
-1907.7078670418 213.0077096117 126.3930268674 108.5643442984 32548.4401673365
-1925.3041582503 217.6117742869 152.9707320061 108.7157820201 32593.8403464646
-1929.5663949470 207.8954937182 151.7649336794 108.7519307907 32604.6727771991
-1931.1368227444 204.9862412104 149.7004563049 108.7649763187 32608.5816874290
-1942.9877763123 209.5775277762 126.0127217273 108.8680993130 32639.4916745588
-1986.1935952174 217.2542933984 127.7688629983 109.2232518046 32746.0474438467
-1995.5262809345 226.5612237678 144.3526428840 109.3000305924 32769.0586871698
-2007.0390024901 206.9114033435 153.9813111469 109.3912053553 32796.3860243391
-2025.1426319584 216.0623470531 128.7575330443 109.5413602553 32841.4013769891
-2048.6003550826 196.7743502100 146.5873139409 109.7499852123 32903.9597540625
-2048.6321263491 196.7507673652 146.5151071250 109.7502600191 32904.0420913233
-2061.3127354668 212.6976982527 128.0929528760 109.8550814569 32935.4612570549
-2178.7579040422 184.6168390119 141.7273882967 110.7259458329 33197.2757290180
-2181.9434870299 186.7574458677 134.8224866181 110.7526311424 33205.2718952748
-2215.4511518818 184.9901114686 139.5191004033 111.0442234291 33292.7377943147
-2218.8647083615 188.5089724329 132.2701161738 111.0737727511 33301.5922275638
-2230.8792708449 212.4149104791 139.8579873528 111.1852785482 33335.0156929131
-2231.0528947940 212.4780670104 140.2852029718 111.1868320230 33335.4811382447
-2233.9138547111 211.6213682701 147.2965907154 111.2124669069 33343.1624768511
-2238.2908846174 204.3836358710 154.8945986583 111.2510901414 33354.7362857981
-2240.8213766919 198.3731478817 156.0389513881 111.2733734903 33361.4132593554
-2253.8384310323 188.4888896979 134.5374809374 111.3815555262 33393.8399649682
-2263.4634533778 207.0189112698 131.2795040201 111.4571759231 33416.5036244494
-2284.3647462379 190.0133466685 150.2708517291 111.6259386288 33467.1011264633
-2295.6781996797 195.2686724440 130.0203610003 111.7159444180 33494.0776390687
-2328.4457132532 191.2116979829 134.2723488395 112.0006418882 33579.4738516075
-2333.4928423162 203.0360431173 128.5376598119 112.0491404623 33594.0073567841
-2340.6245822219 215.7454949251 140.5692462887 112.1175965597 33614.5231485828
-2348.1828318934 202.8297211989 156.1895577686 112.1967478621 33638.2452292730
-2367.2051682254 213.4293840336 136.5611644014 112.4081820895 33701.6472843156
-2382.8512069821 186.9662113995 146.2150585829 112.5754050518 33751.7828475907
-2395.0586618683 212.8553689104 138.7224941434 112.7186603281 33794.7283865366
-2405.9647042351 193.1414403547 157.3233610445 112.8386809249 33830.7051186289
-2410.6997001123 184.8218479198 144.3290465648 112.8949041053 33847.5538436830
-2412.1774629352 185.6634229698 139.5983667666 112.9117816060 33852.6107970673
-2418.9166150717 204.0399629265 131.6841216984 112.9906967065 33876.2619272685
-2419.2320710145 204.9478051064 132.0927730284 112.9941826128 33877.3063398399
-2447.6533010472 212.8341278731 135.0617458469 113.3241482944 33976.3008330749
-2455.8135766057 208.2696152729 156.0958683165 113.4106483847 34002.2259619265
-2472.4095353738 208.6401415169 130.5965634093 113.6083721122 34061.5135693879
-2512.2865480874 186.6488532462 155.0057096864 114.0847942002 34204.5354774701
-2519.7300645120 191.8051682980 132.8448403273 114.1746732315 34231.4736040906
-2520.4322836686 194.2106845800 132.0625212067 114.1834458073 34234.1019828078
-2532.4301853661 196.2973339146 158.8564632580 114.3490830376 34283.7617973356
-2535.9739662401 183.9573602410 150.2663896615 114.4028074029 34299.8613418292
-2541.6994268713 194.6936466499 130.3223942335 114.4906624061 34326.1925709633
-2545.9382618788 210.5248326593 139.7802883623 114.5586157108 34346.5572784767
-2548.9995856141 208.4015972695 153.4112708816 114.6074157040 34361.1807969098
-2563.6677390174 211.3465432646 149.1004558053 114.8894128491 34445.7685389799
-2568.6979244361 183.8442475519 147.4437743507 115.0226827309 34485.7187319007
-2575.0268040457 210.9844303015 147.3062998327 115.1840901187 34534.1095075555
-2575.4406789287 210.2696757486 150.1285864030 115.1939208283 34537.0548829623
-2588.7984020606 210.0791160213 138.1925534679 115.4544014660 34615.1816746461
-2589.7141745942 211.6151271232 143.4152897240 115.4729232491 34620.7311703648
-2590.2513074636 211.5170279802 146.7016630924 115.4840757625 34624.0725787012
-2593.2170988075 201.2843617351 158.4366682539 115.5396288824 34640.7200618114
-2599.4860816825 188.8090822483 135.0907198744 115.6670307827 34678.9101785177
-2604.3593026520 210.7636190930 142.2442136036 115.7617789932 34707.3079571479
-2604.8652645104 211.1821600833 145.1974239085 115.7719006718 34710.3404924651
-2615.7304404662 194.7064417907 129.8128474190 115.9895992968 34775.6236396472
-2639.7025958174 207.9195205633 143.3050552145 116.3722743210 34890.4625151501
-2641.5116766376 204.0017006318 152.2356054191 116.4062291098 34900.6366110151
-2647.5569343579 181.0589736224 140.2948158540 116.5238746857 34935.9005254823
-2648.4738167515 182.8768000040 135.3511427574 116.5418552314 34941.2877448889
-2662.2010409655 182.3235783745 130.8416258300 116.8456164627 35032.4145694201
-2666.1502327807 205.7457730647 135.8315507728 116.9464945677 35062.6501278719
-2670.9848969837 179.1669460195 142.5322892730 117.0964027107 35107.5909907722
-2672.7195937987 193.2480870677 125.4767573047 117.1813449094 35133.0483228705
-2678.0563378157 177.3047868158 138.6196503152 117.4012668386 35198.9993212242
-2681.4840668614 202.6701511578 131.6249516532 117.5189621612 35234.2779630033
-2689.9058062151 197.7795855837 130.4399180814 117.7944347634 35316.9086132684
-2691.6811842747 202.1085634125 146.9995801676 117.8558176032 35335.3031036072
-2697.2075995180 181.9374198025 131.5629347902 118.0248341112 35385.9767822532
-2706.4258243824 179.5125422565 138.7197357139 118.2877443207 35464.8351565664
-2711.4100593616 194.0959725020 157.4087207780 118.4772815537 35521.6666177452
-2715.3493946459 182.7349788422 132.6930689650 118.5976785573 35557.7553352586
-2716.6906417234 192.5419412165 129.5683207462 118.6331392692 35568.3804220581
-2720.3859634135 194.4231612408 156.1925842353 118.7630079421 35607.3099342985
-2730.6419738666 181.9214437360 143.6080127966 119.1295023424 35717.2911845378
-2734.9578170133 204.9314877126 135.2507905342 119.2339247124 35748.5891308581
-2744.6762608272 204.0898804642 139.4921649516 119.5305451936 35837.5735051894
-2750.9515083590 177.5632649347 157.5193134141 119.9541356228 35964.7249134235
-2754.2040737560 202.1376007247 146.2990173070 120.1179564241 36013.8396049896
-2754.3501369047 202.4422473849 148.4270993644 120.1251529815 36015.9955783702
-2762.2698388559 200.5775939145 147.5646157169 120.4054624950 36100.0811105558
-2781.0589072013 172.6201861344 158.9902364213 120.8062113732 36220.3649084961
-2801.0293160291 173.4077553278 146.9228235039 121.1325162337 36318.2701680421
-2802.0801359844 186.3858984056 138.2467045551 121.1876499529 36334.7909519491
-2802.4372458098 196.1135227282 142.7233127321 121.2243594663 36345.7899417549
-2803.3663405904 191.9937626690 163.1137763530 121.3048069170 36369.8989034112
-2803.4355293518 189.9882617132 163.9574071310 121.3120783792 36372.0772814681
-2803.4790836290 188.8416635604 164.2745254391 121.3160537463 36373.2681989786
-2805.5850961821 188.8313717636 137.0158228620 121.4755212556 36421.0766806147
-2806.2535861054 198.6336926100 154.9469627356 121.5537393191 36444.5171836546
-2807.0486281047 174.0262419944 148.8127054458 121.6800919022 36482.3916137792
-2805.2534058090 178.8271466090 162.1816954109 121.9124025733 36552.0634225106
-2805.5150239337 194.4509995206 163.0511819564 122.1372357725 36619.4903082883
-2806.0385480595 173.6120802171 151.1793044754 122.2382142025 36649.7548955058
-2806.6942852971 196.6955383263 142.9633281032 122.3383192298 36679.7575591163
-2807.7042555447 191.5861826467 164.7877049700 122.4284751250 36706.7769921532
-2808.4316432868 175.2857050067 156.7324474639 122.4964898721 36727.1585328604
-2809.6009733179 186.1259900024 163.9337010529 122.7236687249 36795.2898455468
-2816.7355331619 176.6626377614 151.1866154144 123.0601864742 36896.2675039822
-2817.3414449068 180.8911148147 140.7548933180 123.0988351950 36907.8473164924
-2818.5388220083 192.8733913281 137.8075003008 123.1418957524 36920.7492643069
-2820.7879408107 202.6660785190 153.4061375735 123.2097518885 36941.0830867634
-2827.4843035521 205.3137229835 152.7967050113 123.4793710667 37021.9600908136
-2828.7128860009 198.9532452365 163.0061059635 123.5215059120 37034.5845627544
-2828.8955658871 197.1520471982 163.8047476950 123.5281204795 37036.5660641102
-2830.4675800510 180.0660804562 153.1530391767 123.6055670591 37059.7748172586
-2833.4374018013 204.2246815935 147.3695100921 123.7315640540 37097.5422190664
-2836.0001437437 186.1658600038 164.0940371136 123.8342040072 37128.3046890307
-2853.3214886548 192.6135309061 142.6623004863 124.9104598097 37452.4928864591
-2851.6590473954 209.6333761291 134.6383355529 125.1163317760 37514.2280770244
-2846.8778037229 196.8045067408 139.9178312212 125.4429722410 37612.2403103604
-2842.8475514149 201.8114850131 115.8262008078 125.8540163508 37735.6341631113
-2837.2689586508 189.6635806342 136.9182150351 126.0053279350 37780.9952469488
-2835.2944758657 186.9570059079 122.7388444909 126.0573228874 37796.5743800576
-2820.7780757400 194.3473354232 119.1064808333 126.3553251704 37885.9809796834
-2817.1124235213 211.0701144838 129.2361669171 126.4332234093 37909.3245921938
-2815.8922432190 209.6895888045 136.0938363843 126.4572413018 37916.5199080112
-2809.5665536145 188.8423843857 124.5092681466 126.5924617258 37957.0535374747
-2802.9431166852 207.9719869254 138.4897958995 126.7314651704 37998.7219837596
-2802.4837419128 205.8732362841 140.3582180896 126.7409909948 38001.5755085053
-2789.2381405123 198.4673359738 146.2118479030 127.0319456900 38088.8650974827
-2778.0062768846 209.7835554311 141.5239150095 127.2552229449 38155.8263641098
-2772.8380450490 187.9381865156 140.1969570156 127.3479433538 38183.6137042351
-2764.4871054292 210.8661320824 133.3925663805 127.4893062297 38225.9898632155
-2763.8337123446 210.9278903056 136.6536640958 127.5004335397 38229.3231119390
-2762.4074778794 207.7622224808 143.3989886308 127.5262338887 38237.0523684893
-2761.0111661236 201.8333578690 146.9575400029 127.5501013551 38244.2024938290
-2739.4738820573 188.1388784634 141.5986560306 127.8680951467 38339.6191437682
-2736.4948881315 189.3175018898 128.7179316411 127.9151458530 38353.7161390613
-2730.7111855890 210.4024119760 137.7958064421 128.0209118061 38385.4151832880
-2728.4127162256 203.5363368551 147.2100308478 128.0625007292 38397.8753532717
-2724.5434788184 186.1519511650 137.1319641339 128.1429247689 38421.9757466802
-2722.6552704688 190.9549178601 126.5368498238 128.1840859256 38434.3076748816
-2720.8383103631 202.6467687220 125.0019453925 128.2259294246 38446.8440737385
-2720.1470846074 206.8055956401 127.7104368072 128.2427380067 38451.8792548653
-2720.0221205873 207.4315047731 128.3782462514 128.2458224674 38452.8031656638
-2717.0214614151 204.7380289275 147.3862649014 128.3183399331 38474.5332179259
-2715.6272475817 195.7864625511 148.8180620337 128.3497192223 38483.9339470072
-2709.8775007027 196.1313477989 124.5848714492 128.4628000624 38517.8265389292
-2707.1964378271 209.5255478880 130.7505194989 128.5157287761 38533.6849948300
-2706.8037522208 210.3770780035 132.7154060817 128.5230057803 38535.8647672743
-2687.2769829827 188.3502692979 150.1323747033 128.8865659661 38644.9838354054
-2676.5114751542 209.2605065422 143.8552833732 129.0618875362 38697.5494499916
-2666.0095850560 200.6755855503 127.5829686840 129.2551922459 38755.5127282313
-2658.5897603227 192.3202468393 148.3653887078 129.4001698007 38798.9730056777
-2655.0567006427 191.3282578590 129.9103638244 129.4721816360 38820.5512218209
-2654.8739567693 192.1279285482 129.2297926651 129.4757415713 38821.6175348319
-2654.2418039258 195.5231040382 127.3438548434 129.4889301324 38825.5681405834
-2649.1818864587 206.5662835397 147.6725063766 129.6043237302 38860.1541165202
-2644.4951485735 187.7642155867 137.2712073913 129.6985616100 38888.3958409435
-2643.8422984978 188.6369592266 133.8053780167 129.7107495513 38892.0466751269
-2643.2212834783 190.2794692972 130.9235930688 129.7220399563 38895.4286384713
-2629.2315520795 187.9192521518 143.8695768822 129.9340738862 38959.0148466343
-2629.1575516145 187.8086541243 143.6259867064 129.9350005899 38959.2924171092
-2625.9308598986 188.4630504344 133.0920816993 129.9732116509 38970.7400073495
-2625.7003178216 188.8748947591 132.4149014780 129.9759676901 38971.5655163681
-2618.9757730780 209.6015458878 134.1774364362 130.0630389756 38997.6583533056
-2613.2878703645 196.2717502561 150.6888239061 130.1532904986 39024.7046398275
-2606.8566800201 195.2917242042 128.5846956286 130.2589437314 39056.3692560822
-2602.9590036950 210.6327994183 138.5116426084 130.3297159285 39077.5756109181
-2601.8270037400 209.9808608763 144.3574783305 130.3498881299 39083.6182844497
-2598.7390282470 196.5418168563 152.1997588683 130.4065916963 39100.6076798130
-2594.8223661710 187.4264858053 136.6258047470 130.4765373416 39121.5662185460
-2593.1476544633 192.7291420516 130.1518701275 130.5055398987 39130.2544811218
-2579.1084252919 202.7399143258 132.7059749421 130.7978793556 39217.9646536984
-2570.3006765312 187.9338160099 138.7175100355 130.9858961333 39274.3407696083
-2553.1192859981 205.0086261936 145.4639908092 131.3537091560 39384.7448313906
-2552.3111636065 202.0971411874 150.5575303516 131.3737155032 39390.7377106775
-2545.6390794019 191.4395022104 129.3894679066 131.5243854016 39435.9055571971
-2537.4783511207 181.3408810671 146.6562836913 131.7027470832 39489.3836145340
-2531.6807510258 201.4274714292 136.4709389606 131.8265128481 39526.4801621392
-2515.7372809946 200.4415657610 135.7909336299 132.3176453025 39674.0114546541
-2515.1726147715 184.9916048438 153.3632274948 132.4216399791 39705.1781503966
-2514.9066722926 180.8253101524 135.3235034374 132.4908854470 39725.9263069516
-2514.8997033799 181.4856303905 134.5319566671 132.4943279312 39726.9573748996
-2514.9023731159 181.9741348827 134.0346710389 132.4966554589 39727.6544931479
-2511.8855522810 187.3283003628 132.1558828241 132.7639736705 39807.8475558697
-2510.7062153223 176.4370367279 144.3707678057 132.9556362553 39865.3182764024
-2506.1644768589 182.1786610551 153.7748729673 133.1654705014 39928.2448533321
-2498.3684932674 189.1465648894 135.9889439393 133.5234985938 40035.7106330377
-2491.8720746158 177.4585353500 136.1569337735 133.7321677754 40098.2874872446
-2487.9371067156 174.5872672571 153.2353634605 133.9161915815 40153.4651686425
-2487.3660389927 171.9394820638 147.7121498075 133.9369125390 40159.6718464177
-2483.0151936350 195.6033002998 148.2003800132 134.0735922898 40200.6418343161
-2481.0490711605 177.5177659047 154.7759772114 134.1524019254 40224.2566285521
-2479.2431506671 189.8684173098 135.5286605177 134.2633755002 40257.5157787105
-2478.6113022983 196.5300113678 146.1208715874 134.3080241946 40270.8915853310
-2478.3303579541 194.5714177572 152.6181794937 134.3309558601 40277.7604877252
-2473.3943788471 178.8570176818 135.4758573532 134.4676218236 40318.7262579851
-2466.0395411665 180.8750328443 154.3026363548 134.6272488811 40366.5815130245
-2465.3305939074 178.1778124249 152.5515726713 134.6382929224 40369.8893377891
-2457.3499885778 190.1722021923 133.9036043343 134.7484140180 40402.8926164314
-2453.9770420851 196.5220245765 143.9701614675 134.7914878198 40415.7963307636
-2452.1188097180 194.3130774267 150.7665619286 134.8164534420 40423.2744725411
-2451.9133996811 193.7835569604 151.4221394590 134.8193506172 40424.1421633672
-2432.8193735005 172.9129430204 148.0433236632 135.1387495086 40519.9933690945
-2427.8593861918 187.1583115258 132.1192273940 135.2292437315 40547.1109430251
-2423.7738562067 193.7514645414 147.9388285049 135.2944152294 40566.6371004789
-2420.5342496288 182.9980705335 154.4650896936 135.3406237485 40580.4800278245
-143.9884906198 199.4586262102 123.3348824464 135.3444865560 40581.6369136899
