X Y Z LocalTime TrackLength
100.0000000000 100.0000000000 100.0000000000 0.0000000000 0.0000000000
100.0004269721 100.0123418202 96.5076166448 0.0116494131 3.4924044053
100.0264056868 104.9723096274 28.5683772402 0.2390233251 71.6573801174
100.0230555097 106.3920906904 19.0560327629 0.2711049979 81.2752190638
99.9969145832 112.8392410541 -14.2659973721 0.3843362681 115.2210882968
99.9311603508 138.3996840504 -94.5946280055 0.6658535376 199.6178415107
99.9177135922 148.7242177185 -117.9759061808 0.7511176038 225.1793555000
99.9530088391 289.8091101704 -296.4552112498 1.5167100097 454.6984257127
99.9174185310 313.0856253791 -314.0228197917 1.6139954312 483.8638505563
99.8581066042 361.1579311729 -344.3248453399 1.8036359374 540.7166328968
99.5156709432 408.9284567076 -367.6006291634 1.9809847566 593.8844596296
99.4559245239 415.6078950807 -370.3706570422 2.0051058887 601.1157895599
99.2687083383 437.4205288828 -378.6462068511 2.0829351438 624.4484037948
98.9304443985 480.5197436122 -391.7631076866 2.2332615314 669.5151087973
98.8511532941 488.9685413985 -393.8447349670 2.2622882404 678.2170930092
98.2033104298 557.1629274475 -405.2140698273 2.4930740035 747.4049162782
97.4079451818 651.6200354268 -405.6321479918 2.8086085861 841.9998099482
97.1821299866 680.9076236041 -402.1831159295 2.9069920737 871.4944266644
96.5503970687 760.3221808552 -383.7698833820 3.1792445776 953.1136715187
96.3452566037 788.8050009134 -373.7359281380 3.2799938772 983.3175406834
95.8992131447 843.9428132335 -348.6346669320 3.4821933550 1043.9354087525
95.4075312835 902.6009369511 -312.1965524454 3.7127378176 1113.0508919129
94.8475256265 964.9432971714 -259.1114201875 3.9861618252 1195.0213449226
94.8185929267 968.1536546174 -255.8726797756 4.0013734777 1199.5816813226
94.6270022361 987.9288515444 -234.5425038538 4.0984115755 1228.6729603548
94.5520907715 995.0918170320 -226.1777463380 4.1351470892 1239.6859850983
93.9367369228 1043.3792979880 -157.6158646980 4.4152132265 1323.6476995997
93.5166128619 1069.7318954319 -105.9823641103 4.6086879165 1381.6499415112
93.1469325931 1087.6269073539 -59.1386678979 4.7760283321 1431.8173239893
93.1258308277 1088.5670950571 -56.2251225669 4.7862405937 1434.8788814239
92.5401383621 1108.5738885794 35.0855812405 5.0985145325 1528.4962580018
92.4377840015 1110.4344870405 52.5853346996 5.1572201412 1546.0957490330
92.2803749726 1112.0881221272 78.6741780893 5.2444278137 1572.2399413366
92.0845730887 1112.1882132677 113.6977980198 5.3612800746 1607.2713560921
91.7313836407 1105.4515850030 181.3880212275 5.5883594183 1675.3480223709
91.7079876084 1104.6968237809 185.7504045422 5.6031271662 1679.7752795787
91.6778022333 1103.6882109454 191.2525332234 5.6217864425 1685.3691870802
91.3357816433 1086.9790728961 255.9159892843 5.8447268031 1752.2050170537
91.0008481860 1060.6313723108 320.5154103153 6.0776280057 1822.0270333360
90.9658179891 1057.3170814277 327.1440360132 6.1023489354 1829.4381779637
90.8513253541 1045.6089236959 348.8336626824 6.1845737010 1854.0885327184
90.7522129155 1034.1989756682 367.8096110859 6.2584382775 1876.2325665092
90.7288298416 1031.5032817592 372.0323948313 6.2751495732 1881.2424843834
90.6659634204 1023.8207107327 383.5809871772 6.3214185205 1895.1135594688
90.6428543467 1020.9208907957 387.7714481432 6.3384170459 1900.2095865940
90.5520450036 1008.9293895491 404.1925025006 6.4062473643 1920.5445958538
90.2685968448 962.6883489297 456.8395442064 6.6401701251 1990.6728677046
90.2072854249 951.1797370118 467.8810363655 6.6933722928 2006.6224691588
90.1213594327 933.7949157590 483.3112334779 6.7709156067 2029.8693603670
90.0117161099 913.8101970811 499.4100352191 6.8565255917 2055.5345781311
89.6294806908 844.9917700446 543.6873025568 7.1297956144 2137.4588676038
89.2289983447 763.9584854712 578.2695951093 7.4240441205 2225.6723518328
89.1660855354 750.7126219158 582.4071490675 7.4703345744 2239.5498744064
89.0569277446 726.1956736937 589.0356050533 7.5550601530 2264.9499538316
88.9109229581 692.1847295525 596.1098348996 7.6709579711 2299.6952337631
88.6258450755 637.8384062511 602.4727593394 7.8535647392 2354.4393539850
88.5460748659 620.4001559987 603.2533185406 7.9117941997 2371.8960993256
88.2103436518 525.2736303849 596.8646296371 8.2302900917 2467.3787719620
88.1669610281 506.6974741223 593.4690752235 8.2932839709 2486.2638535874
88.1348547419 494.0706447376 590.7433413815 8.3363739883 2499.1819097736
88.0823203412 469.3607006827 584.4108296372 8.4214702137 2524.6931062027
88.0054515547 418.2722055929 566.9463478544 8.6016471955 2578.7087947041
87.9196286701 372.0306656353 545.5112441853 8.7717311696 2629.6986752606
87.7744811151 330.2104861024 520.7768438117 8.9338698323 2678.3066112071
87.6931264509 304.1755864722 502.4979575412 9.0399887992 2710.1202657111
87.6303775636 283.2395030661 485.9512619372 9.1290123694 2736.8088502219
87.5768479637 269.3874789894 473.9651836177 9.1901175372 2755.1277105954
87.5721977051 268.2559841021 472.9460845872 9.1951969880 2756.6504908505
87.3380191344 202.1575268769 400.3776377077 9.5231266299 2854.9613327023
87.3177486545 194.4565749153 389.7807343139 9.5668232093 2868.0612315119
87.1684420523 152.3512175941 318.4624130945 9.8433905955 2950.9740462015
86.6877977741 108.9034102615 181.5405834627 10.3242086915 3095.1197452977
86.6670221822 107.8732392469 175.0296906457 10.3461970509 3101.7116862920
86.4134910732 102.2390873597 92.5510111207 10.6222643462 3184.4745774415
86.2711788492 104.2218776159 54.3617612486 10.7498524934 3222.7245294804
86.2266586707 107.1027151507 29.3119048707 10.8339677810 3247.9416482313
86.2025483498 110.8978414978 6.1556897958 10.9122463876 3271.4089744679
86.2013034598 111.1815339980 4.6624360296 10.9173164380 3272.9289365335
86.1971345276 114.1471702238 -9.6866049004 10.9661927699 3287.5816854608
86.3068999479 147.3595323309 -108.7690166240 11.3154259570 3392.2791748174
86.3105609018 148.6110775882 -111.4908168970 11.3254187292 3395.2749309962
86.3600939272 163.9135319237 -141.7852128777 11.4386507182 3429.2210155264
86.3853021476 176.2151652461 -162.9381418739 11.5202826158 3453.6936328573
86.7302475191 253.3604952776 -259.2444635174 11.9329552914 3577.4098218675
86.8522101128 278.0313464252 -281.7495221366 12.0443644104 3610.8094238016
86.9557060779 300.6451575275 -299.9281270180 12.1411616089 3639.8284829326
87.0403541854 322.5419076919 -315.6219717032 12.2310342550 3666.7716139145
87.0596457751 327.1904428886 -318.7336016505 12.2496934734 3672.3655040037
87.2164322660 366.2893788182 -342.0993206338 12.4016816740 3717.9304077901
87.3211142325 399.3129685605 -358.3056825469 12.5244172541 3754.7255969269
87.6211244827 544.0665025559 -398.3395144681 13.0271828918 3905.4510137451
87.6798180065 603.3975685623 -401.9609457589 13.2255672759 3964.9251450787
87.7426198004 692.1950488633 -394.2118072839 13.5232861954 4054.1790337380
87.7821660950 727.6744159236 -386.5702972003 13.6443730205 4090.4799386033
87.7838027751 733.3486481086 -385.0952659026 13.6639293419 4096.3427732906
87.7963527464 798.9591267003 -362.5843547522 13.8955018594 4165.7664595486
87.7856787557 815.3334493109 -355.3114512213 13.9552690185 4183.6841951323
87.7268918901 862.7573636466 -330.0031307885 14.1346660259 4237.4660531189
87.7091532929 882.2550780641 -317.5704980542 14.2118075416 4260.5924881565
87.7031679158 891.7922698177 -311.0139012183 14.2504134185 4272.1662333292
87.6923271700 906.2417183145 -300.4459096536 14.3101301612 4290.0688544886
87.6842562245 912.6990857847 -295.4566152427 14.3373503003 4298.2292428222
87.6770747089 916.9043751359 -292.1148034397 14.3552674803 4303.6006755353
87.5733618125 953.7025906337 -259.4449446924 14.5194742694 4352.8286201339
87.5413002552 964.1716198203 -248.8711598018 14.5691093045 4367.7088224654
87.4966742494 980.3589132919 -231.2078662474 14.6490345441 4391.6697967209
87.4886452408 982.6602830418 -228.5531296068 14.6607539924 4395.1831971005
87.3247393289 1023.0333400323 -174.7081657177 14.8854106017 4462.5335455087
87.0622717212 1067.9238544298 -88.0615165486 15.2114209991 4560.2690119432
86.9559200447 1078.9208988407 -57.6580089650 15.3192876715 4592.6066152382
86.9193260153 1082.3556613793 -46.6560192810 15.3577340796 4604.1325528878
86.6881067466 1096.8269343587 16.0307744939 15.5724818485 4668.5123047570
86.3987782977 1103.1350899115 78.2307991274 15.7811580690 4731.0718517290
86.1430622837 1102.1360227756 134.1483037637 15.9678010006 4787.0259834365
86.0904636210 1101.3167164835 143.9562539652 16.0006316721 4796.8683663532
86.0474829241 1100.5232350281 151.7708091116 16.0268328833 4804.7232879469
85.9896385963 1099.2069795306 162.7162679847 16.0636070787 4815.7479090345
85.9568457804 1098.2946413208 169.3246089300 16.0858595930 4822.4190416433
85.7881855793 1092.8223176787 200.1541848885 16.1903237773 4853.7366048160
85.4203525344 1077.1167975335 257.5864650430 16.3890526256 4913.3140038913
85.1468794475 1063.3785458846 293.5340185781 16.5174560039 4951.8083559923
84.7840683309 1040.4613724180 340.2855309936 16.6912200145 5003.9014837648
84.0030158700 970.4037413956 436.7008592709 17.0897446622 5123.3761960123
83.9627590316 966.6336423694 440.7227240558 17.1081333456 5128.8889817939
83.5372841141 921.3741833461 482.9145307755 17.3146620291 5190.8047131809
83.1564153890 872.4429075094 518.4611440613 17.5165273440 5251.3224015194
83.1135111862 866.7032343814 522.0701321023 17.5391436117 5258.1025845526
83.1059754600 865.6917452393 522.6949701122 17.5431095039 5259.2915285007
82.7151412456 816.6015695592 549.2841992030 17.7294328620 5315.1498544647
82.6014060413 802.7049001934 555.5809293419 17.7803269979 5330.4075255456
81.8769424537 740.5217186383 577.9010806246 18.0008696544 5396.5245415174
81.8300540368 737.3798351838 578.7894067556 18.0117618139 5399.7899270741
79.8851100423 599.5925287331 597.1311855129 18.4770103989 5539.2679978327
79.6712106374 584.9065281428 596.8082481304 18.5260165807 5553.9596747206
79.6315521583 582.1902081424 596.7020235108 18.5350851270 5556.6783550654
79.2196979189 553.8860380233 594.6823558221 18.6297630315 5585.0620659087
79.2022489456 552.7061008915 594.5621172473 18.6337196875 5586.2482409029
79.1772243073 551.0299459868 594.3865670525 18.6393419340 5587.9337471072
78.9870665239 538.5941667944 592.9028226581 18.6811232224 5600.4594562822
76.9133203853 416.2679923196 560.8756033594 19.1039963337 5727.2336628618
75.9649246497 364.8217379498 536.7416034516 19.2936734707 5784.0974265884
75.7095443539 351.1977789780 529.0921440380 19.3458002601 5799.7246377362
74.8000490304 304.6320457061 498.4016236704 19.5319485380 5855.5304759522
74.3550150267 282.2963506517 480.8034289654 19.6268232970 5883.9732022603
73.3044002709 236.1414764012 436.9472629318 19.8393735293 5947.6941490424
73.2171208564 232.6661891864 433.1549859498 19.8565340148 5952.8387305288
71.5806793494 175.0797781845 355.4578419607 20.1797321945 6049.7311146626
71.2388319802 165.6845725877 339.0907091042 20.2426961702 6068.6072313890
71.0173354418 159.7477015309 327.9556749743 20.2847955792 6081.2283107014
70.9758478264 158.6337580929 325.7903957428 20.2929190866 6083.6636756265
70.6719685925 150.7924285086 309.7805884736 20.3523946819 6101.4940025952
70.4151307383 144.7713883984 296.3929055708 20.4013690713 6116.1761483445
70.0209317602 136.1315262482 275.1057527948 20.4780176832 6139.1548145247
69.0247827969 118.7329949585 219.7703711756 20.6716408039 6197.2015546376
68.6359138457 113.4971668061 196.6567882281 20.7507102883 6220.9059799365
68.5718432767 112.7416180439 192.8357112559 20.7637045723 6224.8015662546
67.1399062150 103.7773655001 107.8823264882 21.0490563650 6310.3478812891
66.8528049608 103.7509561611 90.6669474932 21.1064914456 6327.5664775176
66.2793715864 105.3269485291 58.1323426204 21.2151795125 6360.1503285854
65.8074436743 108.1899452317 31.6556839628 21.3040358023 6386.7887636078
65.2719705986 113.0431887043 2.4543490584 21.4028072249 6416.3996800077
64.3143671092 125.8027641558 -48.2325731085 21.5772641244 6468.7005306522
63.9375854556 132.2660265662 -67.8018480626 21.6460245091 6489.3143664935
63.5162258824 140.2806391449 -88.9444036940 21.7214647602 6511.9307753474
63.5047842472 140.5096551164 -89.5081187264 21.7234947221 6512.5393422750
63.4771360137 141.0676020797 -90.8738819303 21.7284167718 6514.0149348615
63.2614412575 145.6200776202 -101.5971897099 21.7672834648 6525.6668706737
63.1912372473 147.1579814684 -105.0649746311 21.7799394138 6529.4610267738
62.8115778877 156.0475132312 -123.8447533774 21.8492618807 6550.2433705475
62.8016270723 156.2898842952 -124.3296537007 21.8510704358 6550.7855614298
62.7184345344 158.3413218274 -128.3819295898 21.8662233166 6555.3282784549
62.6844121586 159.1952303897 -130.0426826391 21.8724533891 6557.1960061944
61.5347848366 191.5906893250 -184.1105203620 22.0828672153 6620.2764743072
58.9430269544 286.5657685840 -287.2069479597 22.5520993953 6760.9487988497
58.8747099695 289.5658247866 -289.6407655389 22.5649874396 6764.8125353038
58.3031733463 315.4501253911 -309.1330142191 22.6731064209 6797.2257787805
58.2130616211 319.6679134039 -312.0675156452 22.6902482634 6802.3647712077
57.5798527435 352.5927667879 -332.9056182922 22.8202681541 6841.3437414030
57.3188374012 367.2467327326 -341.0845238166 22.8762556569 6858.1283648475
57.0725838154 381.8332364576 -348.6080632798 22.9310101747 6874.5433488360
56.5666348532 414.0678944674 -363.1582938647 23.0490177044 6909.9211041150
55.6317929929 476.6160767572 -384.0350641562 23.2691435897 6975.9131751217
54.5162899756 548.8367513195 -397.3645541363 23.5143732474 7049.4311705377
54.0827156335 577.1147241189 -399.6086186091 23.6090191065 7077.8052743096
53.4732319884 615.7398155444 -400.0701686048 23.7379162480 7116.4476527752
53.3402818985 623.9625342291 -399.7762406608 23.7653656461 7124.6767711635
53.0959839563 639.4787724646 -398.8550958564 23.8172215189 7140.2227635506
53.0277247469 643.8954836675 -398.5078869655 23.8320012942 7144.6536264039
52.8555138866 654.8358764116 -397.4742733341 23.8686622540 7155.6443003147
51.1159413737 761.4379359896 -374.3200712059 24.2332717370 7264.9514916555
50.7577873402 783.5724952488 -366.3325580183 24.3117822148 7288.4883309973
50.5638727376 796.0853023349 -361.2770496892 24.3568042412 7301.9855885647
49.7882716126 843.7779078735 -338.2109281660 24.5336161458 7354.9924519550
49.0363714605 885.2127711549 -312.6610329329 24.6960771503 7403.6970233524
48.7105087593 902.3873067652 -300.3291569572 24.7666170220 7424.8443357836
48.2195102534 927.1777088481 -280.4317682722 24.8726807686 7456.6414354621
47.0532779711 982.1148034855 -225.3896294314 25.1323762551 7534.4961791982
46.8481432078 991.2573237581 -214.3742917581 25.1801326208 7548.8131707454
45.6087617745 1041.3315173244 -139.2913766027 25.4815987431 7639.1904433106
44.2943391723 1078.1503313161 -52.9717024598 25.7951466003 7733.1897314371
44.1837483939 1080.4503696059 -45.5613990994 25.8210308341 7740.9496256080
43.6818971822 1089.3487563907 -11.8198216202 25.9374644463 7775.8555323288
43.2988787649 1094.6739587325 15.1363531299 26.0291382343 7803.3386317762
42.0342821050 1101.6215236923 107.5860422510 26.3388560757 7896.1897092308
40.4230057779 1084.8628346400 226.4623984009 26.7402890613 8016.5363205321
39.5615280976 1064.6718234461 286.7665098330 26.9525815220 8080.1799892204
39.5014592141 1063.0000058979 290.8196327310 26.9672076089 8084.5647774768
39.2838442183 1056.4232287988 305.8737838335 27.0220127098 8100.9949258500
38.8344805827 1041.5275197669 335.7916132447 27.1335232502 8134.4249329733
38.4506894759 1027.4486131818 360.1635420554 27.2274301754 8162.5775099608
38.3412708087 1023.3045222824 366.7784025440 27.2534701331 8170.3840889440
38.2571509459 1020.1380144599 371.6851879150 27.2729517040 8176.2245139484
37.8427488153 1004.1448720490 394.7188807742 27.3665107321 8204.2727940537
37.5236668241 990.6791613483 412.1718342229 27.4400543655 8226.3206112753
37.1605727885 974.2220345034 431.5276987836 27.5248189471 8251.7323832349
37.0313239116 968.1221780910 438.2202269491 27.5550275056 8260.7886767310
36.4276551442 938.1807144993 467.8725777091 27.6956461446 8302.9450715254
35.1503018873 863.9760085733 523.7362274930 28.0059332120 8395.9667987515
34.9533952326 851.1587034350 531.3805425370 28.0557194290 8410.8923241626
34.6262578950 830.2381159216 542.7948285792 28.1352276006 8434.7282644621
33.3032498460 744.7114167748 577.1595708454 28.4431724354 8527.0478075182
32.1396195923 669.5206767733 593.4006142133 28.7000360064 8604.0535639459
31.9857019461 659.2427340032 594.6853904537 28.7345907512 8614.4128107243
30.3236145588 545.1937936314 594.1086347693 29.1160805672 8728.7806037346
29.4079579609 482.7153837132 582.3555414472 29.3283078790 8792.4047412481
29.0438012529 458.9455192785 575.6386730875 29.4107178148 8817.1106083310
28.8061600885 443.6058519145 570.6022431986 29.4645808389 8833.2583292656
28.3225623147 412.6459484977 558.7101169858 29.5752396925 8866.4330071167
28.1393769452 400.6811034265 553.4822703257 29.6187988986 8879.4917223373
28.0360625910 393.9579579489 550.3814834143 29.6434977131 8886.8962368687
27.1754737109 340.3623826583 521.0282757005 29.8474775185 8948.0478334979
25.8985642363 275.1394211763 471.9645646739 30.1200634885 9029.7670489654
25.4361114932 253.4970288669 451.4947358257 30.2194556614 9059.5640614958
24.6287557814 217.8819697770 411.4413464001 30.3983606477 9113.1984150403
23.8693038611 187.0700760376 368.1267610693 30.5757700297 9166.3843976187
23.8309684988 185.6695556437 365.9049011118 30.5845317689 9169.0110995662
22.8542543947 152.2266496879 302.8656782759 30.8227956925 9240.4408195189
22.5123713019 142.6369797045 279.5179422397 30.9070053165 9265.6862194120
22.3121969632 137.3790773841 265.0412870249 30.9583870792 9281.0900771614
20.4985837564 111.2254554400 134.7868869751 31.4029496846 9414.3666393558
19.9342055011 110.2883428836 94.1442497604 31.5386062181 9455.0354323591
19.7622046091 110.6384513249 82.3450162154 31.5779865163 9466.8413430064
19.3424178661 112.6342072840 54.1191653213 31.6723973131 9495.1449768436
18.0106080844 130.7543808143 -38.1008837365 31.9863822073 9589.2752854712
17.2823364423 147.4351482089 -85.5195294673 32.1541415696 9639.5682646183
16.9423682690 156.6252912354 -106.5861982187 32.2308213342 9662.5562700472
15.3550744344 207.8510413915 -192.9341527727 32.5663391410 9763.1419885384
14.6135350910 235.2660264316 -226.7406112690 32.7115936077 9806.6881694229
14.6046407162 235.6043183528 -227.1220373309 32.7132944790 9807.1980775533
12.1057106604 342.0277480928 -317.4650453809 33.1805638809 9947.2819756561
10.0410951653 442.4172113871 -365.9728399908 33.5533170775 10059.0305934743
9.7199493300 456.8882824215 -370.8022068162 33.6042176634 10074.2901980723
9.3844188557 472.3677571045 -375.4246731578 33.6581184757 10090.4492475894
9.0910962374 486.1672985001 -379.0922317547 33.7057584801 10104.7313548057
8.2674758287 526.6657895862 -387.4169313807 33.8437424375 10146.0978918398
7.5273324177 564.4251412615 -392.0621616090 33.9706958486 10184.1575545014
7.3195070155 575.2655947258 -392.8543715938 34.0069594577 10195.0291056372
6.1037338190 637.7798741822 -392.7681406947 34.2156611882 10257.5963001006
5.9926443921 643.2514671997 -392.3841538104 34.2339611621 10263.0824913811
5.7307224930 655.9905705894 -391.2502890721 34.2766323205 10275.8749766709
5.0412116271 689.5050340782 -386.6693992549 34.3895077168 10309.7141571265
4.7095529874 705.4571807329 -383.6763916850 34.4436601417 10325.9486381558
2.1195551054 821.3650883417 -344.4585903579 34.8529848004 10448.6611165959
2.0730818872 823.3542199263 -343.4917415589 34.8603637191 10450.8732595668
0.5972036304 885.3522172441 -307.4292126834 35.0998603223 10522.6725276666
-0.2609934644 918.5392045965 -282.6414102008 35.2381037305 10564.1168460744
-0.7223345986 934.3271143068 -269.2177116017 35.3072517496 10584.8468916370
-1.1784282603 948.6745958849 -255.9980585213 35.3723483645 10604.3623571380
-1.4734159019 957.5834097156 -247.2508809447 35.4140069675 10616.8512860658
-2.6394035597 989.5304511491 -211.8950537131 35.5730585265 10664.5337312101
-2.8342136298 994.4609468752 -205.7939446161 35.5992325982 10672.3805164982
-3.4635817404 1009.5569980303 -185.8212615836 35.6827774347 10697.4266180509
-3.6717773126 1014.3287085376 -179.0427282595 35.7104375678 10705.7189131421
-5.3164868444 1047.1212721212 -124.3887835799 35.9232628558 10769.5223193468
-5.4786768579 1049.8552895973 -119.0077500045 35.9434033171 10775.5602746102
-6.8493149058 1069.9584432214 -73.2305929707 36.1103032846 10825.5956135927
-7.2102540195 1074.3904529322 -61.0578830715 36.1535328272 10838.5554981455
-8.4441041516 1086.7991293948 -19.7491379378 36.2975144425 10881.7200877240
-9.0922673272 1091.7447985914 1.8483502544 36.3714579217 10903.8877755926
-9.4120297957 1093.8213602996 12.5409426778 36.4078071349 10914.7849901729
-9.7849310403 1095.9274577639 24.9834277936 36.4499207967 10927.4103422512
-10.7435046687 1099.8560529061 57.1527941771 36.5580912146 10959.8390058537
-11.2829406676 1101.1409180610 75.4077198055 36.6191633611 10978.1479664694
-11.7235091675 1101.6945606523 90.2901053916 36.6688632861 10993.0476221236
-11.8503562940 1101.7731565077 94.5787977880 36.6831774923 10997.3389109139
-13.6128697701 1098.9300881462 154.8934437460 36.8847997316 11057.7837267271
-13.7883225265 1098.2504698295 160.8186372115 36.9047023148 11063.7503679781
-15.8943326765 1084.6383144647 230.7897657396 37.1427796496 11135.1241499441
-16.0053219257 1083.6431237041 234.4138085982 37.1553211358 11138.8839909017
-20.2470260612 1025.1002824426 366.3221863639 37.6385937346 11283.7655343085
-20.8004470659 1014.5217845681 382.3402661707 37.7026554932 11302.9707577780
-23.9212735371 943.9029903583 463.9894244409 38.0636228555 11411.1860680418
-25.5651775403 899.6137684951 500.4840096699 38.2552399395 11468.6314131141
-29.2799945538 776.9828266438 565.7019554676 38.7202434992 11608.0360282229
-29.9189143230 754.1861433886 573.3404397347 38.8004752235 11632.0888839981
-30.8521038361 720.4452948167 582.4551840325 38.9171222308 11667.0587648021
-34.4151707512 589.2746977857 594.8216948582 39.3581167874 11799.2656518491
-34.4969134997 586.3066320290 594.6921986877 39.3680303498 11802.2376614977
-34.8474198081 573.6461299243 593.9362861911 39.4103537803 11814.9259005917
-35.9645060289 533.4812949109 589.3499334918 39.5452901781 11855.3788022380
-37.1253760741 492.5484475544 581.2157765772 39.6845897106 11897.1397387030
-38.6549747712 439.9856372244 565.2660429320 39.8679812453 11952.1191256724
-39.4373553933 414.1692059932 554.9812490811 39.9607269867 11979.9235884686
-41.5964684421 346.7679365637 519.4992304649 40.2151604287 12056.2008101080
-48.1787835176 186.4146623254 355.8472996173 40.9867010536 12287.5031280110
-48.4004506941 182.3532270378 348.9652569882 41.0133670256 12295.4973812173
-48.6470762500 177.9856505113 341.2614091319 41.0429185671 12304.3567059842
-49.2594266283 167.6994062732 321.7215044488 41.1166107436 12326.4490551844
-49.9600838700 156.7669263921 298.2472696072 41.2030291398 12352.3566280239
-49.9764445850 156.5256326559 297.6916541319 41.2050504370 12352.9625973498
-50.7675869475 145.5923608262 270.2583315218 41.3036075535 12382.5092661800
-51.4378879063 137.5488228462 246.2862909123 41.3879899759 12407.8064695899
-53.7243165210 119.2860331147 159.3924245377 41.6846785330 12496.7514632387
-54.3440083584 117.7238073866 133.4315764696 41.7715048512 12522.7812872008
-55.5869143084 124.2845969117 79.3493997649 41.9537150822 12577.4064818829
-56.3523383304 135.6586787916 45.4076533317 42.0732824477 12613.2518163175
-57.7184976133 176.2546236417 -17.6550666050 42.3247069969 12688.6269720729
-57.9825167012 187.3890403808 -29.0040569547 42.3777597979 12704.5317655909
-58.5077458541 210.6067130567 -48.2564635122 42.4784583649 12734.7203806621
-60.2588551741 313.4151586981 -88.7809957605 42.8508658755 12846.3654449196
-61.5439281057 389.1525358707 -85.6839431113 43.1048576623 12922.5102408600
-64.0199712403 506.0742918780 -19.4622164952 43.5603352304 13059.0592283067
-65.2311472903 548.4720618065 45.1655351879 43.8193559624 13136.7116675920
-65.3575488611 551.7232789989 52.9873744474 43.8476159933 13145.1837907635
-65.4833077498 554.5129248504 60.4704610188 43.8742597159 13153.1713579736
-66.2627571027 565.6587189415 108.2080753381 44.0381330974 13202.2993002634
-66.9799463668 566.1438400100 156.8652123874 44.2007921272 13251.0631889770
-67.4336999585 563.5019193186 176.4208954007 44.2666511974 13270.8071986934
-67.6880746386 561.3252173057 186.9777722443 44.3026200916 13281.5903758334
-68.6163610885 549.9489392959 222.2292359655 44.4263686216 13318.6891909720
-69.4314291337 535.0646916888 251.5764726320 44.5362692698 13351.6365181107
-69.7642312616 527.6729208438 262.9995082593 44.5816746857 13365.2486874671
-70.1917321889 516.6574506988 277.6301585101 44.6427936456 13383.5716502081
-70.2117033138 516.1183314744 278.2869641760 44.6456288290 13384.4216145300
-70.4128715700 510.5498404240 284.7920734319 44.6742013536 13392.9874207104
-70.8797694827 496.5116580153 299.1905122063 44.7413214691 13413.1094813030
-71.1441004381 487.9903148143 306.7632967367 44.7793620495 13424.5137327679
-71.3543828358 480.6136619213 312.7221813396 44.8110034562 13433.9995643552
-73.0170321377 417.5887919918 346.8558130407 45.0512076903 13506.0109467923
-73.3020674255 405.6351507006 350.6560118049 45.0930634929 13518.5589706945
-73.9887926848 377.5945672198 356.8094587543 45.1889156459 13547.2946681114
-74.9045365487 340.9310563830 359.2702433587 45.3116775712 13584.0977060547
-74.9597882135 338.7132765793 359.2222379076 45.3190793339 13586.3166927016
-75.6618527244 310.5842246360 356.6941875561 45.4133764209 13614.5861934802
-76.5072091534 277.1306519107 348.8867663095 45.5280993996 13648.9792172337
-79.2825785984 183.6262987324 290.7660878763 45.8995054034 13760.3240374471
-81.5453345364 138.2437297361 221.2162443423 46.1782900347 13843.9015600044
-83.0799405547 124.0577538399 170.0895235684 46.3557598283 13897.1056052281
-83.3441177499 122.9244135542 161.2951007668 46.3853531288 13905.9774313344
-84.9644010314 124.1284698288 104.0689110854 46.5768639200 13963.3908650350
-85.6323903885 129.0416887129 80.4096859368 46.6575398005 13987.5768352196
-89.4387388348 210.9322314805 -40.5966794734 47.1543256697 14136.5098384503
-89.9373003784 229.8698742545 -53.3180835311 47.2304759924 14159.3390823676
-90.1978674122 239.8358633310 -58.9398058682 47.2686576238 14170.7856194131
-90.9605518311 268.9152671296 -71.8019548367 47.3748400712 14202.6182575855
-93.6048167304 368.5288552480 -83.2954914017 47.7124778984 14303.8395872186
-94.7233488314 409.9994602266 -74.4184832497 47.8542111005 14346.3300684066
-95.2370851490 428.0190768121 -67.8257565656 47.9182573734 14365.5306150868
-96.0723144455 457.0274510876 -53.1762360367 48.0267910619 14398.0681369654
-96.1555625942 459.7307678162 -51.5243125621 48.0373623829 14401.2373308409
-98.1677690753 514.9210329428 -3.0732910420 48.2834792572 14475.0212814097
-99.1466262855 535.3834181156 26.7944139564 48.4044229958 14511.2792401947
-107.0268574009 519.7598396831 269.3733463493 49.2641560079 14769.0224185970
-107.0700936760 518.9714680482 270.4072761847 49.2684954389 14770.3233437279
-108.1379168507 497.7304004408 294.3763775332 49.3754660724 14802.3922737671
-111.0430447327 427.4542461742 340.5288785065 49.6578634823 14887.0528831993
-111.1112910803 425.6294471470 341.2677554200 49.6644343615 14889.0227778661
-117.5052148714 255.4987860016 338.9678161467 50.2470832722 15063.6971084986
-118.4783465441 233.4330999504 327.9086464763 50.3295212289 15088.4113348484
-119.0128153676 222.1514110259 320.9816622075 50.3737232875 15101.6627466454
-121.3005176772 178.0747584210 282.7459935624 50.5691055809 15160.2368280277
-121.5544897414 173.6638071732 277.5813334420 50.5917775682 15167.0337012217
-122.0331560062 165.8166848839 267.5188135723 50.6343783607 15179.8050664921
-122.3735621807 160.5780389158 260.0664718755 50.6647872619 15188.9214026889
-122.7405138817 155.2809059168 251.7987130048 50.6975655386 15198.7480581408
-123.5401864267 145.1972908549 233.2979862399 50.7679283422 15219.8422498527
-123.5939304663 144.6452653472 232.1420529340 50.7722050025 15221.1243568388
-125.9346590395 127.2420612910 178.5015475279 50.9610035183 15277.7246693701
-126.2289494226 126.0894267744 171.7971674820 50.9837171631 15284.5340310978
-130.9351294964 136.8152949949 62.1181593719 51.3555599912 15396.0098103243
-131.0063712297 137.4050357066 60.5249492004 51.3612317611 15397.7101594865
-131.4997408817 141.8473312676 49.5700254437 51.4007024400 15409.5431421842
-137.0083337208 228.2511946166 -49.9051614739 51.8474195735 15543.4658073357
-138.4110037347 258.4717470985 -65.3531432865 51.9608379529 15577.4677211351
-140.2628703544 300.5713234059 -78.1881911664 52.1080197374 15621.5916456503
-140.7607234202 314.7276115693 -80.4514044729 52.1558884987 15635.9423048916
-141.0232919363 328.3999373725 -81.5782071160 52.2016654361 15649.6658523401
-141.6119393612 354.0744505508 -81.3326486311 52.2873818177 15675.3629242601
-142.1912948928 379.9775920469 -78.0223807078 52.3745611894 15701.4985889983
-143.4708825772 430.1765221380 -62.0846032529 52.5507458714 15754.3173661391
-144.2428419803 457.4326480967 -47.2947671988 52.6543013406 15785.3624561490
-144.2991203046 459.4528810696 -45.9905789291 52.6623245653 15787.7677517955
-144.6628230209 472.0502476621 -37.1102840277 52.7137615379 15803.1881317399
-144.7032007220 473.4545777884 -36.0339028979 52.7196651384 15804.9579817740
-145.1603067410 489.3451951941 -22.4765560466 52.7893860834 15825.8597491891
-145.1852152079 490.2290452212 -21.6405084878 52.7934451498 15827.0766233147
-145.2061883185 490.9787809676 -20.9239892892 52.7969051352 15828.1138980097
-147.8303973768 552.6727917640 87.4373548072 53.2188283901 15954.6034970330
-149.4644724275 557.0693365234 161.3981366276 53.4672326769 16029.0731978227
-151.4756388601 525.0486269169 253.6800535547 53.7958429741 16127.5881313441
-152.0079415094 509.6505908384 275.3590038830 53.8846180112 16154.2021638257
-152.6690943118 486.8242340908 299.5842647918 53.9957794517 16187.5274647034
-153.2909503395 460.8949705609 319.9000219357 54.1057677373 16220.5010628027
-153.4330126516 454.3724686116 324.1093117888 54.1316671702 16228.2654974000
-153.4760232994 452.5068513273 325.2530844138 54.1389680587 16230.4542426697
-153.5865625264 447.7747226597 328.0423327115 54.1572948547 16235.9484633746
-154.8606209537 386.7160668145 351.7818295968 54.3766763105 16301.7173216548
-157.7304700231 247.0431521010 337.0667899277 54.8538054274 16444.7573373615
-158.0070745269 234.4213399407 330.8206816661 54.9007975703 16458.8451933865
-159.4059766508 181.0152203359 290.8697749198 55.1241353009 16525.8001148765
-160.5751911065 148.2123753241 248.0479795212 55.3045426462 16579.8848152096
-161.8309051689 126.0745133624 195.9028083413 55.4940993265 16636.7124194328
-162.1785073741 122.4308374131 180.7799510499 55.5460113543 16652.2752169084
-162.8131209147 122.8705939528 148.3247462997 55.6552141050 16685.0132115280
-163.7222786749 164.5528177771 95.9044650486 55.8862349641 16754.2725031889
-163.7730760481 171.0496276568 93.0905980201 55.9098587644 16761.3546084576
-164.0344468291 213.9231654376 89.8991609499 56.0553920683 16804.9844238412
-163.9777496448 254.0425484494 112.4293447401 56.2114571614 16851.7716702815
-163.7978810326 274.4341765387 171.9329136088 56.4277271332 16916.6085453017
-163.7956366073 273.5110478903 178.8051054267 56.4508623198 16923.5441697754
-163.8668478739 267.5372929517 197.5965875836 56.5168256283 16943.3192357209
-164.2449551960 237.6547631460 231.0533597377 56.6687786458 16988.8736805444
-164.2530902148 236.7109262672 231.6177226467 56.6724470570 16989.9734185149
-164.4673487958 197.6219114578 242.1097692032 56.8092093561 17030.9736941362
-164.6045451798 181.4728153998 240.3566511454 56.8635101087 17047.2524251426
-164.6728212852 173.2500303004 238.1084791223 56.8919575851 17055.7806110385
-164.2915146903 120.7463299629 170.9195380733 57.1930826287 17146.0579181848
-163.9192465602 136.6934494579 117.8795119048 57.3820228467 17202.7011985859
-162.7980933867 203.9197754641 88.7934733005 57.6372150410 17279.2072786102
-162.4003414584 234.0136216106 97.8570297460 57.7427386768 17310.8422880379
-162.3725832676 235.4957449183 98.6846451480 57.7484019830 17312.5400678075
-162.3354455482 237.4092555932 99.8138010758 57.7558145134 17314.7622410932
-161.0170200472 262.0265386332 205.9569698467 58.1619377276 17436.5200521430
-160.8092484089 253.8164942284 216.4891266469 58.2065368574 17449.8903284586
-160.6869914758 245.2355921978 224.3522742699 58.2454025442 17461.5417776577
-160.4533400381 222.5505498598 236.5816692173 58.3318351573 17487.4533959108
-160.1344636497 188.2649809372 239.7078126657 58.4477778705 17522.2120054545
-159.1384379899 123.4297950642 173.6940292048 58.7808426648 17622.0653788752
-158.7180530113 127.5520698259 137.4681593952 58.9035948238 17658.8654404619
-158.7007585746 128.4545836964 135.1279171859 58.9119622553 17661.3738798692
-158.5367570968 167.2464625482 94.5943902430 59.1038284306 17718.8943770418
-158.4408664786 181.5771116037 89.6466094573 59.1544691752 17734.0758695035
-158.4902955506 270.7812569180 135.1353902776 59.5168112503 17842.7071384567
-158.4626912045 275.7582032192 153.7283703924 59.5811962682 17862.0090425720
-158.4585896968 276.2770298221 158.6392401906 59.5976720280 17866.9482520148
-158.7080989709 263.8474959651 206.5501533883 59.7657167347 17917.3270032494
-158.8543182501 209.6377189169 240.4927821301 59.9852598328 17983.1451948056
-158.8475248171 203.9896499428 241.0174054982 60.0041851256 17988.8187430864
-157.1644180772 129.2258724927 134.5969841090 60.5219963824 18144.0640532526
-156.9917010544 138.6408615482 117.9810850620 60.5858694847 18163.2124882900
-156.5285707490 166.7794812072 94.6847207700 60.7087890069 18200.0627241521
-156.4823520732 169.8361139831 93.2821116220 60.7200088840 18203.4262880598
-155.6176134554 254.0517528115 110.0863157700 61.0253961689 18294.9815153014
-153.8389057799 242.9105464133 226.9267156380 61.4696031169 18428.1579220655
-153.3022847144 223.7347630130 236.6484027562 61.5415814743 18449.7362483434
-152.3156702367 180.2290464213 238.0604481418 61.6890729088 18493.9531115779
-152.1508702147 173.8055723904 236.0933884876 61.7114951898 18500.6750127981
-149.5248680972 131.9605499394 199.5496250212 61.9012118002 18557.5510667952
-149.2254872460 129.2822519449 193.8353951209 61.9222931159 18563.8709629710
-147.9985701080 123.6499307052 169.6639034639 62.0055968056 18588.8445456855
-142.2261156833 179.1310736907 90.7892930306 62.3537626239 18693.2255317022
-138.4418310260 257.2530071476 113.9359843638 62.6401842189 18779.0945865731
-135.5441626844 272.5605886717 185.9521667805 62.8975626094 18856.2561407333
-134.8059071229 264.0580864636 204.3454890938 62.9654182902 18876.5985187779
-133.6098953323 244.9726926141 224.8728173365 63.0594975076 18904.8025415337
-125.1577963306 127.2495339606 134.4952242123 63.7173541441 19102.0395711593
-123.8554017574 142.5931571675 110.1784264812 63.8140099306 19131.0160355616
-121.6912703564 186.7793325459 87.0952372580 63.9837308425 19181.8973198719
-121.1513319060 199.1501163631 86.2709964976 64.0251654565 19194.3189020277
-118.8514075797 244.5668611148 102.0510819912 64.1883009648 19243.2258704962
-118.1156631272 256.8475451512 113.9524923823 64.2455037423 19260.3745959453
-113.6570739744 266.2424877667 196.5057154269 64.5383199566 19348.1608598412
-112.7155719403 257.3494372458 210.3408786906 64.5933977490 19364.6725334311
-112.6943929596 257.1147775509 210.6265412157 64.5946329378 19365.0428252319
-111.1494488882 235.7487551716 228.3831775323 64.6880285866 19393.0419163907
-107.6094175988 169.4948859915 231.6149154979 64.9180173646 19461.9918184497
-105.3460500485 136.4450349304 203.9650641108 65.0641392628 19505.7980953927
-103.1381414677 123.0396927719 164.7035853918 65.2043260025 19547.8250142216
-101.4448117158 128.0073577596 133.2709965697 65.3115140061 19579.9589886433
-99.9176553174 143.8686167672 108.1006403245 65.4114817432 19609.9283552346
-99.7341555167 146.5062830327 105.4526624137 65.4239648693 19613.6706218414
-96.1277960874 207.0230806004 84.8855331025 65.6440873692 19679.6625534062
-95.0220309307 228.3002493623 90.4790798965 65.7177974044 19701.7600155952
-93.4881292794 251.5879935346 106.3535717507 65.8125664718 19730.1708453003
-92.0352894382 266.8271414378 128.5071983655 65.9028546883 19757.2383398153
-90.5144542991 273.4632329936 156.6732436500 66.0001947289 19786.4199341572
-88.7355996131 268.4404582349 186.8597363239 66.1031219960 19817.2765533702
-86.2376558821 242.7085387995 220.2918597491 66.2461839305 19860.1654542323
-85.4815681033 230.4276841063 227.5439545804 66.2938870306 19874.4662587274
-85.3027690108 227.4487098771 228.8577103733 66.3047647177 19877.7272357538
-82.8655564332 179.7670975202 232.0791764562 66.4671778891 19926.4176515007
-81.9873082079 164.8601732550 226.4320020656 66.5205165913 19942.4079553004
-79.3217340646 128.0412878564 184.6163257988 66.7108971408 19999.4830784043
-73.2160412392 204.7182583860 85.7165585047 67.2066794834 20148.1237593607
-73.1689543645 205.9411159505 85.8038760741 67.2107720425 20149.3506492715
-72.0868567863 236.8946822911 95.3697366265 67.3198014690 20182.0366704072
-71.8101512550 243.2993370261 99.4633661584 67.3451829484 20189.6456974014
-71.3162502000 251.6943322471 106.3864866195 67.3815522722 20200.5487527650
-71.1866336902 253.6501718613 108.3181186391 67.3907323940 20203.3008225244
-70.4428085220 263.2754175459 120.4166224693 67.4424414865 20218.8025833244
-61.2139649504 196.0230875632 235.2805958655 67.9900596878 20382.9856708983
-60.1515797785 176.8239789136 231.7521709969 68.0554582803 20402.5914231695
-55.9863342216 126.2741667708 170.5828776070 68.3359518762 20486.6832699106
-50.3179200057 195.0564754673 86.3336598831 68.7415236265 20608.2760725394
-49.6787522182 213.4476722693 87.3656363272 68.8031537380 20626.7520645189
-48.0647025219 255.7929688964 111.5693914702 68.9692938996 20676.5598414212
-47.1988339640 269.8760811510 135.6248919398 69.0628021533 20704.5926821195
-46.3189043311 274.1496845895 172.1245776274 69.1868056838 20741.7678951843
-43.6094953059 207.3018041798 235.0871878421 69.5190539715 20841.3766637047
-43.5831459998 206.3400079186 235.1601854055 69.5222726909 20842.3415887506
-43.5729687329 205.9479859916 235.1864221815 69.5235837292 20842.7346187554
-43.1108878768 186.8611769171 234.0051948594 69.5875430329 20861.9088823197
-41.6363340650 130.9367433079 185.1044002306 69.8474617606 20939.8321320500
-41.5123648050 129.2737743834 179.5118490052 69.8669349697 20945.6699313888
-41.4027045894 128.2590493976 174.9544046720 69.8825163102 20950.3409990936
-41.0555238502 127.0151291949 158.6641943249 69.9371382966 20966.7160152156
-40.7796953067 128.0755322932 148.3644050362 69.9717137106 20977.0812738262
-40.7449366261 128.3282004398 146.9989900771 69.9763471953 20978.4703250092
-39.3552419713 168.7782363234 94.6873648070 70.2054513585 21047.1550575122
-39.0613480906 206.1659752515 87.4473970164 70.3338870172 21085.6590135524
-38.1442018300 262.0710477351 119.0336991435 70.5550899313 21151.9748874834
-38.1253542512 263.1078838527 120.5519237917 70.5612230623 21153.8135111605
-37.9221638719 271.3978967655 137.0725585512 70.6230191036 21172.3392448160
-37.7815226537 275.1844413826 154.0140720372 70.6810541512 21189.7374648588
-37.6111577638 271.8526233682 184.6617822308 70.7846433896 21220.7925351608
-37.4955415391 268.4959378490 193.0573574906 70.8148278097 21229.8414233535
-37.4738157682 267.8150675513 194.4589725398 70.8200262257 21231.3998327080
-37.4123046674 265.6442153851 198.5076111684 70.8353534693 21235.9947249508
-37.0600855714 231.5537025769 229.1596401587 70.9908441748 21282.6097788051
-39.2075541808 149.8075143225 215.5058141729 71.2843643416 21370.6072188085
-39.9770865601 135.6970671296 196.3602823769 71.3641230796 21394.5180324500
-40.7019355355 128.1102868901 171.1030325856 71.4526600662 21421.0605109338
-41.6717581268 135.4504957547 129.6699756730 71.5952275442 21463.8011741234
-42.8044232127 168.5892901704 96.9640234297 71.7535639353 21511.2693689601
-43.0191171975 176.8517717912 93.4939608303 71.7834879349 21520.2401850226
-45.0788042291 255.6095402697 112.5371014065 72.0685499766 21605.7017630187
-45.9552546827 273.8983911433 147.9233635225 72.2032681622 21646.0892120981
-47.4262634370 237.1391725365 226.5875151940 72.5141725295 21739.2987394379
-47.8246709076 213.4160969362 234.5687089096 72.5981220939 21764.4659342852
-50.9191086471 128.4422149641 166.4347256901 73.0067188034 21886.9658402177
-51.4001362094 129.3671424236 149.3547529381 73.0639266243 21904.1160616362
-51.9784835541 136.6282171887 128.0997399433 73.1392020000 21926.6827912047
-54.8191036054 231.8233021879 95.6654061011 73.5116840934 22038.3546158909
-55.2073254100 245.2966040853 103.6597484468 73.5640607897 22054.0565101402
-56.0633186782 270.0549028102 135.6902777076 73.7007072635 22095.0220582416
-56.8956002162 271.7001032768 184.8601141547 73.8682752100 22145.2578946488
-57.5575337415 190.6198926920 234.6802883766 74.2150271582 22249.2152507035
-57.8171633937 159.0758069516 221.4120705824 74.3303694020 22283.7938274464
-58.0177234836 144.2009356294 206.9616759735 74.3997464170 22304.5922705281
-58.3675831148 129.1497381912 169.7081792104 74.5353225759 22345.2369388039
-60.0938368705 184.0752493011 90.3853721870 74.8842726366 22449.8533465710
-60.7137310622 221.6693746536 90.5922678483 75.0111766559 22487.8981173748
-61.0591247363 242.7080647259 100.0255725575 75.0883908880 22511.0461003727
-61.2309181163 253.4375068356 108.5430748597 75.1341509183 22524.7643814101
-62.9280947175 272.9108751082 183.9284541498 75.4072966993 22606.6533251505
-63.3414742349 265.7596413911 199.7789104509 75.4654442690 22624.0852718588
-64.6115015950 210.9522124769 234.7418490024 75.6899186340 22691.3819799708
-65.2217573453 187.3509671775 233.3302434861 75.7691919804 22715.1472704959
-67.2406172586 135.2013987395 189.1395458894 76.0057316097 22786.0612593939
-68.0002407596 131.1291024861 150.6186078262 76.1366991010 22825.3242529515
-68.0904164076 132.1382305438 145.6397491803 76.1536511848 22830.4062478633
-68.3522111309 136.2878269468 133.2402895536 76.1973237558 22843.4987287307
-69.1293367718 167.3423297829 99.0741840351 76.3541667756 22890.5192115801
-69.5885517938 189.5087307955 91.0575942650 76.4331930469 22914.2104297533
-69.7243342423 195.9397166118 90.0995746460 76.4548927984 22920.7157135050
-70.3651063070 221.0695531458 91.9054411913 76.5394151585 22946.0546238699
-72.3718785816 274.9033415700 145.8222953321 76.8062704628 23026.0576120472
-73.0573488507 276.2790016687 172.5911420825 76.8961574040 23053.0047924662
-77.7226735296 175.1196362987 230.1187792723 77.3446609613 23187.4701134462
-78.1322194830 164.1726373728 224.0511290327 77.3864767414 23200.0059467257
-79.1127426321 143.4416825817 202.3790244607 77.4873673870 23230.2519831457
-79.1786811835 142.4360572389 200.7378779100 77.4937917543 23232.1779137155
-80.8751553139 132.2751241162 158.3310994675 77.6414994654 23276.4596210983
-80.8996388116 132.3227493157 157.7158955312 77.6435593733 23277.0771506098
-81.7719044241 138.1974932425 134.4544967057 77.7240307728 23301.2016072850
-83.5920336107 178.9121577911 96.1399586641 77.9159380275 23358.7344727401
-84.3439780908 202.4225756343 91.6527930933 77.9962377446 23382.8074564053
-84.5931245007 213.9664289160 93.5935682424 78.0355496446 23394.5917643542
-87.3944203499 188.2333189156 150.1748521736 78.3882466523 23500.3477414124
-89.5248603971 221.8142755068 93.5199608157 78.7237013519 23600.9320924238
-90.1240904623 228.7579508721 98.7075596476 78.7527757257 23609.6474356836
-90.2839770766 230.4983146530 100.5525287494 78.7612561283 23612.1894743593
-92.3523733655 236.6119295537 129.9631515904 78.8665386177 23643.7512487873
-93.5948304520 229.0635092537 142.9717400106 78.9172868872 23658.9638724891
-93.6475628013 228.6261221699 143.3996590766 78.9193358620 23659.5780578583
-94.2068039785 223.5006715112 147.3886108010 78.9411139889 23666.1062272380
-102.8790349213 215.7880400300 89.0179826357 79.3558273644 23790.4662659866
-103.4300393729 224.3568278241 92.6377289582 79.3870057598 23799.8123183331
-105.8928352617 238.8304391178 123.7516935480 79.5092286572 23836.4530966128
-118.1811550844 189.3051399858 93.6508669356 79.9221779524 23960.2840908372
-119.0293618246 197.0716757467 89.6814615109 79.9515310476 23969.0829702952
-124.4456655565 237.2407353975 126.8162530374 80.1751885193 24036.1389742172
-128.9529875161 194.3911715941 146.8382800534 80.3539680319 24089.7375634606
-133.5601314415 181.7242814865 100.8298595746 80.5369524959 24144.5970334374
-133.6289056576 182.1471786214 100.2357465282 80.5393961591 24145.3295261937
-136.5576906279 207.1147779016 87.7089755953 80.6368971611 24174.5583123415
-137.0201139439 211.7467495088 88.0492002806 80.6524798730 24179.2293188327
-137.4051265716 215.6694153997 88.8920976305 80.6659337098 24183.2621744974
-139.2313605555 231.6616119688 99.7963346439 80.7319996130 24203.0667660064
-142.5146611171 232.7670878787 135.6047715815 80.8604584404 24241.5772140519
-150.1473139823 178.0304500465 125.7012711888 81.1001339861 24313.4368410916
-150.9652818274 177.3750418730 118.2191427763 81.1254096422 24321.0134286166
-152.4711473837 181.0884358832 104.7566648578 81.1727314356 24335.1988308408
-157.0400434427 219.5078247094 90.2936228593 81.3223846792 24380.0640337578
-158.3375521393 230.7913898296 97.8408220781 81.3682950838 24393.8263297937
-161.2457420344 237.9086860291 126.4873759076 81.4719829292 24424.9099767025
-161.3850340556 237.4758790559 127.9265099264 81.4770184501 24426.4193850209
-161.4568145127 237.2320651243 128.6345326678 81.4795281648 24427.1716755886
-166.7823140352 187.4747008669 142.0309717175 81.6803063620 24487.3668530061
-168.9640372137 177.0597609274 121.2794654653 81.7600821461 24511.2815476838
-175.4330426723 220.8620727025 90.2005045550 81.9761737005 24576.0688120572
-175.7922693631 229.7904756835 95.6711548488 82.0112621101 24586.5869364371
-179.5043420568 176.3329211520 118.1594755131 82.4238341598 24710.3057275774
-181.5712203631 196.2530970138 88.2719287486 82.5510854313 24748.4541046609
-183.7672099732 233.8743616127 100.4498819702 82.6932513484 24791.0743373187
-184.0215783224 236.2147002464 104.9396997874 82.7101774313 24796.1480165793
-196.7759442463 236.6247472221 98.9888675952 83.3380939097 24984.4829764349
-198.3031749480 240.9909880394 115.0200004711 83.3943521215 25001.3473089042
-206.7550723224 192.3740172974 88.8881414372 83.8116622530 25126.4878812269
-208.6127473597 237.2893396489 99.9725015267 83.9866458652 25178.9483182848
-208.7707384974 239.6523212616 106.2733582681 84.0091364304 25185.6900085191
-208.8474448141 240.5107269297 110.9910665139 84.0251468050 25190.4891892000
-209.7559384859 229.1027075142 138.1698435112 84.1277576009 25221.2498888591
-210.4524848804 210.4247027177 144.8523388571 84.1950829642 25241.4319971453
-211.3195530930 181.9056497040 126.0797141891 84.3166680553 25277.8815069327
-211.3789614640 180.8642657346 123.1766751931 84.3269620805 25280.9671678128
-211.5329147155 179.6465387227 115.3115072592 84.3536129112 25288.9559538127
-211.9857079857 207.0796666812 83.8590119178 84.5059082471 25334.6133687716
-212.0612643524 210.0996959504 83.6913122916 84.5160067149 25337.6404009321
-213.3835264924 239.2981369204 124.0231318828 84.7076797759 25395.1053959184
-217.2165456558 190.4005043974 90.4336656349 85.0748932808 25505.2186116323
-218.8214032228 237.3254745701 98.6958627736 85.2578335074 25560.0649630061
-218.4008420381 238.7883325009 123.6538720227 85.3435291142 25585.7543343634
-218.0498213549 230.7951667363 136.9194502617 85.3958813463 25601.4476654320
-217.7236196604 221.6339540022 142.9992177548 85.4328272437 25612.5225494769
-215.9119080439 194.4811415727 87.8470408984 85.7370752563 25703.7490267283
-215.6117212016 205.6247619052 84.0659835477 85.7765556762 25715.5836847724
-214.9291375776 225.9045660348 88.5230662582 85.8471166930 25736.7357499201
-213.2487007270 235.7030964902 129.3854528143 86.0009071507 25782.8414782231
-210.2816158743 182.7031249366 106.3019163977 86.2901442263 25869.5657615841
-207.0521262762 237.0743524116 126.3326777918 86.6092035293 25965.2349006977
-207.0237035500 236.8789757579 126.8098272545 86.6109262562 25965.7512848006
-206.5871736230 232.4934660022 134.0296191902 86.6392595415 25974.2443695251
-206.0388237905 223.8602397983 141.0851839255 86.6767635699 25985.4865509635
-201.7798220665 216.5036815793 147.8643791634 87.3305614906 26181.5951037309
-201.5151622239 207.3267037499 148.4502247348 87.3614003974 26190.8392828069
-200.8212498566 180.8879297158 123.5697244094 87.4921486616 26230.0361126520
-200.2514116790 189.7024678735 96.7984286550 87.5895858647 26259.2456439137
-200.0428819840 197.2852427008 91.6368995864 87.6203392874 26268.4641957245
-199.7354929324 238.5611663487 111.5023320132 87.7957079098 26321.0401685377
-199.9786087771 235.8234253114 132.5669707507 87.8684243634 26342.8383902477
-200.7492667469 211.6459155336 149.0457193103 87.9699157040 26373.2633872626
-199.8060232565 215.5512200829 150.2574879342 88.5798045508 26556.1937773402
-200.0816809772 194.1681667752 147.2890278257 88.6537544295 26578.3617625591
-200.2213805315 183.6483633938 137.4666438537 88.7021673171 26592.8741190285
-200.9487772880 197.6057752972 93.2515646516 88.8773247642 26645.3867843265
-201.1251749804 215.7020119580 92.3146546833 88.9389135900 26663.8490428974
-205.4126099194 238.3490129291 129.9449647188 89.7151832555 26896.7261534893
-207.7728287668 186.0509130759 139.4171205808 89.9333688626 26962.1418110188
-211.5947704457 210.9431584644 92.3458596494 90.1552941580 27028.6789682628
-214.6273153796 238.9787578109 116.4286762955 90.2901677674 27069.1126934689
-218.8014541930 209.7247282743 150.4806657619 90.4633377015 27121.0294080972
-222.5243545893 181.2114811549 123.4348534917 90.6067508250 27164.0235874320
-230.9737157347 238.4125881757 115.1952651002 90.9006781895 27252.1551527937
-231.8679450940 238.8106927514 123.5813581167 90.9289596441 27260.6326627528
-232.6471306241 237.3290174622 130.2293375322 90.9518906071 27267.5062954589
-240.8586432905 188.3026284128 140.5737045445 91.1514608320 27327.3395971300
-253.3461373112 230.5238199122 103.4652859586 91.4648494938 27421.3085250934
-254.3726050843 234.5621405737 110.2902605491 91.4916171147 27429.3322373133
-258.8506501169 230.3520130037 139.8922485378 91.5973858852 27461.0396203135
-267.2958252388 182.6082370851 132.8187309152 91.7945400474 27520.1484233993
-268.6339845832 180.1888445225 123.5022848695 91.8270757867 27529.9012120103
-271.5959307038 185.8597601104 103.5576940934 91.8986397902 27551.3538779548
-271.9407858405 187.2632970738 101.8419478811 91.9061265625 27553.5980222774
-272.9534526284 192.2498988218 97.3954328210 91.9287257008 27560.3721785765
-276.7517993241 217.1913536034 93.6692387531 92.0170590979 27586.8522708792
-280.8634415255 237.0615377249 114.8837535886 92.1190597739 27617.4299196390
-285.6455230235 225.1059499221 144.6223603251 92.2344266860 27652.0149894740
-288.6318327611 206.8911298035 149.8875114832 92.2995332023 27671.5317549741
-307.8032357815 238.3676765759 129.5939044208 92.7773143858 27814.8196430692
-316.5053281453 181.1482352071 123.7523300571 93.0491878540 27896.3368270482
-317.6225932390 182.2425678639 113.4219203969 93.0842136078 27906.8360255515
-323.4326073808 224.3716877378 97.6081352181 93.2607729015 27959.7691165606
-327.0448146020 237.6040911936 123.7128653748 93.3638513887 27990.6698897753
-333.3001533906 203.8360494098 150.1173712948 93.5269913922 28039.5791068175
-339.5838946669 182.2054120353 111.1880884609 93.7001852039 28091.5030283722
-346.3493563566 236.3252293421 111.4245980070 93.9270399811 28159.5187075929
-355.1506661028 187.4095404806 104.1780248501 94.3315830496 28280.8330574807
-355.4453455360 190.6486901289 100.7760969058 94.3473078930 28285.5465727041
-361.7597532867 235.4138604746 135.7870260401 94.6158487941 28366.0644062951
-374.2698780169 185.6501842212 134.8400439013 94.8202691108 28427.3522801724
-379.0616756653 183.7137245840 113.3551366377 94.8959444448 28450.0374438124
-379.7802793149 184.8638521376 110.3867766848 94.9068363470 28453.3022663144
-388.3197917588 214.0650636620 94.3707944975 95.0295174323 28490.0802715074
-389.1410546802 217.0593031798 94.9792474426 95.0400790926 28493.2461027710
-390.1822477374 220.7830815417 96.2539995335 95.0536685877 28497.3195330164
-402.6242323050 235.3117519404 133.4672427267 95.2079467749 28543.5715389085
-408.0922099726 220.6694675039 147.2912707934 95.2790095564 28564.8738793527
-419.1545027170 185.1362614002 132.4388928151 95.4270585953 28609.2580980165
-423.8760996046 183.6429884162 114.9141925299 95.4886435117 28627.7190764837
-426.0061888949 186.8001922765 106.9837362885 95.5180799286 28636.5427487389
-435.5807171527 221.3489875294 95.1637023395 95.6541123858 28677.3239105496
-456.8794905936 200.7923910153 148.0919316025 95.9522657947 28766.7238509859
-463.0606519841 184.8815590650 131.7459049851 96.0337402858 28791.1475574805
-466.1386793197 183.9908381470 119.2773355551 96.0769992477 28804.1147805083
-474.5967491129 205.4886156148 96.7789691619 96.1915124945 28838.4438505381
-481.5295399357 230.7686020993 104.5319816191 96.2866737944 28866.9709111741
-514.5785177781 197.5101580566 102.6658806631 96.7510382621 29006.2351687279
-528.5034238970 237.4374021356 116.3091665796 96.9184422764 29056.4230156312
-534.9858488901 236.2416187927 138.4174777629 96.9975606466 29080.1403433575
-537.5832083472 230.4892788680 145.9667892515 97.0305629223 29090.0329132187
-558.4978321240 190.7673644250 110.3554441927 97.3093222809 29173.6159530176
-564.9319814660 212.0676328150 99.5305473217 97.3943598493 29199.1078465285
-585.8535313135 216.3289374582 152.5045717121 97.6785524591 29284.3205694222
-587.2794686595 210.9110895811 152.5152669149 97.6972773989 29289.9333495413
-588.5117524174 206.3475882121 151.6205469533 97.7133511766 29294.7514304711
-589.2531297104 203.6663800600 150.6915265528 97.7231414202 29297.6860136422
-626.0758437268 237.5690800666 136.0940103775 98.1734734120 29432.7405342019
-630.1620394091 227.2393069429 146.9444657300 98.2260133700 29448.4899383104
-654.7639349919 200.6866020781 98.5290305200 98.5268115683 29538.6836038957
-685.2881529524 214.4759712437 148.5544923744 98.8595336971 29638.4533747369
-687.0223203599 209.1307491061 148.2381297966 98.8783385487 29644.0900996573
-689.0105976943 203.1447402797 146.5535166272 98.9001589519 29650.6307545000
-732.3675017192 239.6995402101 131.2294981683 99.3399592929 29782.5256199042
-788.7631104077 242.1203230330 129.1966891235 99.9132169757 29954.4713605028
-789.9098301160 241.3162883737 132.3093994560 99.9246092691 29957.8861480381
-819.9762272265 190.0279855599 118.5521089851 100.2099558343 30043.4453137461
-821.1160043069 190.8422751315 115.7749028041 100.2203378064 30046.5572566387
-824.8942157556 195.8133509341 107.3286565978 100.2555474691 30057.1114838872
-857.5279596548 233.0579925987 141.3686687351 100.5523678731 30146.1122800193
-868.7690611647 207.0047687440 147.9140463061 100.6533990612 30176.3991258211
-873.6304966729 196.4963780135 141.7501486048 100.6974422231 30189.6013590567
-882.4083960765 188.5481674918 120.9519577091 100.7793238081 30214.1470253895
-890.1704749200 197.4536456097 103.6470485479 100.8509747258 30235.6255744239
-951.1530434084 191.0781020116 118.3562049929 101.3782353130 30393.7672847692
-951.2409128471 191.1283127485 118.1576626929 101.3789787796 30393.9901320235
-970.8875028977 226.7253145646 102.1739778256 101.5434434824 30443.2966514663
-989.2395727351 237.7643909558 137.0167548303 101.6917710085 30487.7643787849
-998.7642066257 221.7629489803 149.1564471383 101.7679410360 30510.5977142175
-1005.9465857324 205.3644709228 147.8142752378 101.8286706105 30528.8021505849
-1032.7204819787 210.6038318838 100.5009197733 102.0618517358 30598.7156995187
-1067.8623333884 221.3868867304 149.7894614840 102.3520044222 30685.7167930596
-1069.5135485172 217.6494014274 150.2326618434 102.3657244378 30689.8292985490
-1070.4132948820 215.5787865738 150.2436017935 102.3732591565 30692.0877753435
-1086.8407850778 193.7512531629 125.9800970903 102.5065877471 30732.0580213198
-1092.1531882378 198.6479339933 114.5618163800 102.5521848718 30745.7256755981
-1105.5828460219 226.1722542420 108.5919886034 102.6640128232 30779.2492178171
-1129.9993498918 218.8963550213 151.6679023390 102.8749571816 30842.4950526548
-1135.1149666130 207.1407956126 150.3732873738 102.9183108814 30855.4901933348
-1153.3724815337 196.6490143963 116.3022268138 103.0677787850 30900.2998844699
-1228.7652795615 211.1275530193 108.9388740069 103.6577913364 31077.2998601035
-1258.5444906567 225.2482736831 150.1387305782 103.8745821200 31142.2992059617
-1270.6786677904 202.2816537816 151.1544790600 103.9651147945 31169.4380048590
-1299.1990700401 210.2673594186 108.9964146745 104.1741965173 31232.1252692425
-1336.1202411760 211.8720114915 151.5468129654 104.4462801134 31313.7096936650
-1348.5234768314 193.3979708113 138.5308105255 104.5353346186 31340.4053124598
-1348.5919045133 193.3464735943 138.4107758045 104.5358265783 31340.5527659676
-1363.8027173082 199.8195591537 112.4550715380 104.6436673599 31372.8808161794
-1371.8997878901 213.7857495475 107.7014144699 104.7007779777 31389.9998673529
-1377.2397330617 223.4175612148 110.0134873349 104.7386353791 31401.3473821153
-1391.5518558471 234.3810148284 132.5071396235 104.8402917423 31431.8211987476
-1396.6893190982 230.9205279222 141.1961229971 104.8761187236 31442.5600725013
-1401.0454286461 225.4012406004 146.5790901498 104.9057582665 31451.4442224726
-1416.4194225509 200.4680426834 145.1277528969 105.0093340747 31482.4935238167
-1423.9260764653 193.7407021899 134.1592345810 105.0597421454 31497.6033045947
-1425.5454057595 193.2331883333 131.3853753272 105.0705957774 31500.8564749132
-1433.2609869043 195.5800146333 118.7833758661 105.1211313700 31516.0044813202
-1448.2032953881 217.1801651730 108.2490246528 105.2205818817 31545.8169331602
-1473.6378601804 232.5020301318 141.3291936965 105.3879674458 31595.9996294883
-1482.8432943539 220.2587556420 149.8328600796 105.4474255595 31613.8223892284
-1489.9844973584 208.2893463934 149.2781547197 105.4943793237 31627.8966578412
-1548.5318218392 204.8954882780 132.6711005146 105.9058236428 31751.3612366185
-1569.6494917598 230.7242699939 138.7689020634 106.0550801817 31796.1072393196
-1577.6789329506 221.8104114861 150.8446486259 106.1141888380 31813.8217705676
-1627.2102841731 209.2302594714 154.0948479333 106.4832347962 31924.5475367009
-1629.6485478458 204.5877823967 151.3038230793 106.5031391480 31930.5118943252
-1649.1887868178 223.3503147427 128.2877175931 106.6628700181 31978.3998411954
-1649.6813241285 224.1356417268 128.9126160883 106.6666022026 31979.5181254304
-1654.3404135769 228.9402421867 137.3472451977 106.7031125450 31990.4591267508
-1662.7883868675 220.4715472640 152.5150834683 106.7723431912 32011.2078563612
-1680.5904689355 208.7812735293 127.2443401244 106.9284027943 32057.9945103780
-1684.9835498849 218.3516645623 125.6585028109 106.9645434623 32068.8246945283
-1692.4249723526 229.4118631122 136.5276952592 107.0252199043 32087.0090813656
-1692.5186924663 229.4546261252 136.7289156766 107.0259743596 32087.2351372458
-1697.1615256737 227.9947846282 146.3433116293 107.0625291474 32098.1894197529
-1735.1734026704 226.6271544653 136.6560137242 107.3509235430 32184.6923679242
-1755.5000538749 201.0244340136 143.9054806551 107.5036424280 32230.4768968672
-1764.3000588676 205.2988834011 127.8127560711 107.5694106121 32250.1875538722
-1767.5656039746 211.6905674879 124.9983162929 107.5953223298 32257.9521118963
-1776.2322111788 226.6618676754 133.6184185619 107.6646421638 32278.7274583091
-1782.3011526983 225.5520419638 145.9498576491 107.7120982213 32292.9490019907
-1795.1336556919 202.9548665853 147.5026049482 107.8107242985 32322.5107277677
-1814.0104684376 223.4117997495 128.4503526839 107.9624912099 32368.0096832385
-1824.1179649582 225.4954693351 148.1912691496 108.0422533638 32391.9155054416
-1852.0489014994 220.3324151692 128.4156386265 108.2715234102 32460.6695681278
-1868.1004223109 215.1681472097 154.9786756757 108.4054332484 32500.8123340659
-1876.2636149082 200.6124814134 144.8167261167 108.4753426457 32521.7643024133
-1886.6442691590 212.8512298742 126.6145614943 108.5643442984 32548.4401673365
-1904.3145938226 217.9107915464 153.0904296611 108.7157820201 32593.8403464646
-1908.5945459385 208.1830015602 152.0533078675 108.7519307907 32604.6727771991
-1910.1716975052 205.2408383977 150.0413719293 108.7649763187 32608.5816874290
-1922.0748730081 209.4201824677 126.3010344154 108.8680993130 32639.4916745588
-1965.4614326814 217.1114594888 127.9022155057 109.2232518046 32746.0474438467
-1974.8318077545 226.6900396630 144.3011551456 109.3000305924 32769.0586871698
-1986.3817761127 207.2217262761 154.2626959950 109.3912053553 32796.3860243391
-2004.5530507228 215.9297662226 128.8982238328 109.5413602553 32841.4013769891
-2028.0654001451 196.9692431939 147.0221442930 109.7499852123 32903.9597540625
-2028.0972564243 196.9444213205 146.9503915808 109.7502600191 32904.0420913233
-2040.8101959309 212.5568881352 128.2576429252 109.8550814569 32935.4612570549
-2158.0802772041 184.3430903266 142.1514513329 110.7259458329 33197.2757290180
-2161.2362000037 186.3672192972 135.1983781146 110.7526311424 33205.2718952748
-2194.4198460911 184.7977939667 139.9632878683 111.0442234291 33292.7377943147
-2197.8182139947 188.2017570688 132.6527286937 111.0737727511 33301.5922275638
-2209.7736595583 212.2170373204 139.8633311336 111.1852785482 33335.0156929131
-2209.9464011171 212.2870243698 140.2898284603 111.1868320230 33335.4811382447
-2212.7923264543 211.5420756833 147.3194169963 111.2124669069 33343.1624768511
-2217.1476796338 204.4212758137 155.0386835452 111.2510901414 33354.7362857981
-2219.6659862183 198.4253778289 156.2804999092 111.2733734903 33361.4132593554
-2232.6333028967 188.1806228353 134.9246938995 111.3815555262 33393.8399649682
-2242.2173888346 206.6722513122 131.3558166862 111.4571759231 33416.5036244494
-2263.0521273563 189.9801626091 150.6497304439 111.6259386288 33467.1011264633
-2274.3396466323 194.8971858835 130.3023361154 111.7159444180 33494.0776390687
-2307.0389138505 190.9349368980 134.6563027694 112.0006418882 33579.4738516075
-2312.0720625110 202.6699263141 128.7317226262 112.0491404623 33594.0073567841
-2319.1989213665 215.5738482521 140.5572865401 112.1175965597 33614.5231485828
-2326.7567489515 202.9002879564 156.3723843877 112.1967478621 33638.2452292730
-2345.7952524704 213.1704253834 136.5902145827 112.4081820895 33701.6472843156
-2361.4598396001 186.8132566493 146.6452079558 112.5754050518 33751.7828475907
-2373.7467597531 212.5706909426 138.7646525665 112.7186603281 33794.7283865366
-2384.7017931049 193.1517665452 157.6563549639 112.8386809249 33830.7051186289
-2389.4455048071 184.6419958112 144.7923051290 112.8949041053 33847.5538436830
-2390.9248377064 185.4086548926 140.0495773434 112.9117816060 33852.6107970673
-2397.6690866534 203.6548383115 131.8458705022 112.9906967065 33876.2619272685
-2397.9846921408 204.5690169910 132.2399491113 112.9941826128 33877.3063398399
-2426.3877241289 212.4855838525 135.1042359214 113.3241482944 33976.3008330749
-2434.5420653327 208.2606001844 156.2127366641 113.4106483847 34002.2259619265
-2451.1138319155 208.2151590333 130.7160680836 113.6083721122 34061.5135693879
-2490.9160240618 186.6385555021 155.4497576338 114.0847942002 34204.5354774701
-2498.3591495575 191.4338918842 133.2083855718 114.1746732315 34231.4736040906
-2499.0615149838 193.8262498358 132.3870811550 114.1834458073 34234.1019828078
-2511.0645070945 196.3504055097 159.1384966560 114.3490830376 34283.7617973356
-2514.6051619225 183.8725294185 150.7488074917 114.4028074029 34299.8613418292
-2520.3247565208 194.2815005147 130.6321774825 114.4906624061 34326.1925709633
-2524.5547218514 210.2597251834 139.8326693755 114.5586157108 34346.5572784767
-2527.6056299673 208.3548732936 153.4978531615 114.6074157040 34361.1807969098
-2542.1972160270 211.1402513319 149.1162850225 114.8894128491 34445.7685389799
-2547.2055769071 183.5665784381 147.8247241501 115.0226827309 34485.7187319007
-2553.5472331960 210.7465574200 147.3105061903 115.1840901187 34534.1095075555
-2553.9622412460 210.0742052455 150.1429746351 115.1939208283 34537.0548829623
-2567.3506018338 209.7236076457 138.1991145672 115.4544014660 34615.1816746461
-2568.2666834977 211.3421885394 143.3972554134 115.4729232491 34620.7311703648
-2568.8046588996 211.2953302519 146.6844710030 115.4840757625 34624.0725787012
-2571.7713962565 201.2517077659 158.5813053679 115.5396288824 34640.7200618114
-2578.0470968576 188.4044739584 135.4400190456 115.6670307827 34678.9101785177
-2582.9413604467 210.4737631891 142.2357049436 115.7617789932 34707.3079571479
-2583.4507851727 210.9390427066 145.1811089795 115.7719006718 34710.3404924651
-2594.3820332895 194.2183154546 130.0695739489 115.9895992968 34775.6236396472
-2618.7578563952 207.9778925031 143.2887994934 116.3722743210 34890.4625151501
-2620.5804864415 204.2118967411 152.2814231874 116.4062291098 34900.6366110151
-2626.7073603889 181.1175163402 140.7451432557 116.5238746857 34935.9005254823
-2627.6340210653 182.8563403818 135.7751328885 116.5418552314 34941.2877448889
-2641.4919460022 182.2419400842 131.2803574397 116.8456164627 35032.4145694201
-2645.4923467509 205.7295575884 135.8994322889 116.9464945677 35062.6501278719
-2650.4024923972 179.2950028441 143.0084815604 117.0964027107 35107.5909907722
-2652.1736655048 193.1243267981 125.7524073856 117.1813449094 35133.0483228705
-2657.3615810979 177.1328473640 139.1055755952 117.4012668386 35198.9993212242
-2660.7121159077 202.3841683749 131.6729325563 117.5189621612 35234.2779630033
-2668.9681568304 197.4659719852 130.5730817500 117.7944347634 35316.9086132684
-2670.7023769780 202.0870859317 147.0559544775 117.8558176032 35335.3031036072
-2676.1197599633 181.6414301524 131.9740896706 118.0248341112 35385.9767822532
-2685.1929977538 179.3383143196 139.1758576469 118.2877443207 35464.8351565664
-2690.0650184916 194.2640074871 157.5995089648 118.4772815537 35521.6666177452
-2693.9323255256 182.4546752339 133.0887455087 118.5976785573 35557.7553352586
-2695.2524776663 192.2053200234 129.7849665381 118.6331392692 35568.3804220581
-2698.8706800208 194.5749440504 156.3744704020 118.7630079421 35607.3099342985
-2709.3597279043 181.9945830354 144.0560149188 119.1295023424 35717.2911845378
-2714.1154022071 204.7472853726 135.1630568629 119.2339247124 35748.5891308581
-2725.0551942429 204.0243725083 139.4272444314 119.5305451936 35837.5735051894
-2733.2159420177 178.0601289196 158.1404062701 119.9541356228 35964.7249134235
-2737.2164671908 202.3250254711 146.3306886081 120.1179564241 36013.8396049896
-2737.3943394209 202.6840721154 148.4477983191 120.1251529815 36015.9955783702
-2746.5791856025 200.7632573698 147.5979334848 120.4054624950 36100.0811105558
-2767.1634931719 173.2000661208 159.7131769113 120.8062113732 36220.3649084961
-2788.7945282536 173.8849130156 147.7415667351 121.1325162337 36318.2701680421
-2790.1525796119 186.7369362499 138.9171617296 121.1876499529 36334.7909519491
-2790.7157450595 196.5126754280 143.2686352747 121.2243594663 36345.7899417549
-2792.0884490722 192.6675716542 163.6991629494 121.3048069170 36369.8989034112
-2792.1975039955 190.6747807244 164.5681781047 121.3120783792 36372.0772814681
-2792.2628620933 189.5334093250 164.8999491958 121.3160537463 36373.2681989786
-2795.2466080831 189.1551536027 137.6623083563 121.4755212556 36421.0766806147
-2796.3512345795 199.1558501763 155.4430630472 121.5537393191 36444.5171836546
-2798.0873255655 174.5268608885 149.6205163886 121.6800919022 36482.3916137792
-2797.2836814453 179.3615445813 162.9685017262 121.9124025733 36552.0634225106
-2798.4863523911 195.0270071735 163.7608566234 122.1372357725 36619.4903082883
-2799.4386620259 174.0160022781 151.9978662444 122.2382142025 36649.7548955058
-2800.5668275114 196.9983234692 143.5304426294 122.3383192298 36679.7575591163
-2802.0069684817 192.1503200920 165.4030760405 122.4284751250 36706.7769921532
-2803.0452830546 175.7767717202 157.5401659181 122.4964898721 36727.1585328604
-2805.2254866581 186.6623918834 164.6166148157 122.7236687249 36795.2898455468
-2814.0340621456 176.3219453217 152.0643605032 123.0601864742 36896.2675039822
-2814.7159073358 180.4062308104 141.5802900612 123.0988351950 36907.8473164924
-2815.9986777488 192.3384479330 138.4686963367 123.1418957524 36920.7492643069
-2818.3689689936 202.3531945548 153.9214468278 123.2097518885 36941.0830867634
-2825.3984620444 204.8264878785 153.2863030510 123.4793710667 37021.9600908136
-2826.6323308288 198.5952520327 163.5742768476 123.5215059120 37034.5845627544
-2826.8159505966 196.8043744855 164.3954530090 123.5281204795 37036.5660641102
-2828.4024814091 179.6064516136 153.9579153953 123.6055670591 37059.7748172586
-2831.4022054362 203.6954541501 147.8891762091 123.7315640540 37097.5422190664
-2833.9862066226 185.8391685875 164.8269566681 123.8342040072 37128.3046890307
-2851.5581234759 192.0185593506 143.3078250860 124.9104598097 37452.4928864591
-2849.9454705112 208.9364657087 135.0673990131 125.1163317760 37514.2280770244
-2845.2381799709 196.1765243408 140.5111823812 125.4429722410 37612.2403103604
-2841.3015954034 200.8598176002 116.3603632468 125.8540163508 37735.6341631113
-2835.7541985449 188.9912794937 137.6169951582 126.0053279350 37780.9952469488
-2833.7889459490 186.0940745794 123.4759385528 126.0573228874 37796.5743800576
-2819.3164320842 193.4317850934 119.7397256231 126.3553251704 37885.9809796834
-2815.6371426357 210.3017263943 129.6328916538 126.4332234093 37909.3245921938
-2814.4076652395 209.0209045188 136.5083581013 126.4572413018 37916.5199080112
-2808.0211512428 188.0140392616 125.2303590394 126.5924617258 37957.0535374747
-2801.3314814275 207.3395812622 138.9252275423 126.7314651704 37998.7219837596
-2800.8677408590 205.2688468635 140.8234870970 126.7409909948 38001.5755085053
-2787.4972306425 197.9525453250 146.7833874729 127.0319456900 38088.8650974827
-2776.1968056188 209.1783806005 141.9243146706 127.2552229449 38155.8263641098
-2770.9952493164 187.3147159701 140.9234511991 127.3479433538 38183.6137042351
-2762.5680941689 210.1759234734 133.7659396032 127.4893062297 38225.9898632155
-2761.9102131026 210.2901310844 137.0247718257 127.5004335397 38229.3231119390
-2760.4703692093 207.2320435741 143.8164044402 127.5262338887 38237.0523684893
-2759.0616771420 201.3622197642 147.4666856389 127.5501013551 38244.2024938290
-2737.3625931648 187.5636063513 142.3515663146 127.8680951467 38339.6191437682
-2734.3564757700 188.5323348750 129.4588977266 127.9151458530 38353.7161390613
-2728.4683714211 209.7041990094 138.1814882924 128.0209118061 38385.4151832880
-2726.1222843491 202.9809190688 147.6874364935 128.0625007292 38397.8753532717
-2722.1544807359 185.4929521031 137.8676222470 128.1429247689 38421.9757466802
-2720.2164264443 190.1613589960 127.2205692586 128.1840859256 38434.3076748816
-2718.3488669575 201.8258564921 125.5423830623 128.2259294246 38446.8440737385
-2717.6372463480 206.0153859252 128.1975459469 128.2427380067 38451.8792548653
-2717.5085389227 206.6491479966 128.8571523245 128.2458224674 38452.8031656638
-2714.4218481444 204.1942172307 147.8867716800 128.3183399331 38474.5332179259
-2712.9896786040 195.2670091572 149.4294753335 128.3497192223 38483.9339470072
-2707.1043346781 195.3042071114 125.2071322342 128.4628000624 38517.8265389292
-2704.3607005897 208.7659134980 131.1981021987 128.5157287761 38533.6849948300
-2703.9594271692 209.6416281396 133.1505087153 128.5230057803 38535.8647672743
-2684.0008407761 187.8548969889 150.8379255196 128.8865659661 38644.9838354054
-2673.0894664617 208.6790644350 144.3094582219 129.0618875362 38697.5494499916
-2662.3909551555 199.8948425220 128.1574493482 129.2551922459 38755.5127282313
-2654.8220970910 191.8124883258 149.0321848672 129.4001698007 38798.9730056777
-2651.2135733133 190.5861263466 130.6054700289 129.4721816360 38820.5512218209
-2651.0271439979 191.3764671900 129.9151180419 129.4757415713 38821.6175348319
-2650.3814678940 194.7451607705 127.9869879809 129.4889301324 38825.5681405834
-2645.1990694523 206.0392644103 148.1577962231 129.6043237302 38860.1541165202
-2640.3696609605 187.0939416220 138.0130704565 129.6985616100 38888.3958409435
-2639.7015284869 187.9154062567 134.5376895906 129.7107495513 38892.0466751269
-2639.0674269513 189.5143011767 131.6343728857 129.7220399563 38895.4286384713
-2624.8404874562 187.3367668964 144.6175902540 129.9340738862 38959.0148466343
-2624.7654703546 187.2225291091 144.3760052594 129.9350005899 38959.2924171092
-2621.4954662451 187.7095020002 133.8442151608 129.9732116509 38970.7400073495
-2621.2621165042 188.1101801123 133.1613453913 129.9759676901 38971.5655163681
-2614.4504363832 208.8347388302 134.6004431362 130.0630389756 38997.6583533056
-2608.6764231470 195.7672838033 151.2975457441 130.1532904986 39024.7046398275
-2602.1413882952 194.4514031078 129.2279981002 130.2589437314 39056.3692560822
-2598.1752957823 209.9111957290 138.9167061728 130.3297159285 39077.5756109181
-2597.0271018114 209.3456871247 144.7679021207 130.3498881299 39083.6182844497
-2593.8964795262 196.0302145563 152.8029773231 130.4065916963 39100.6076798130
-2589.9249059264 186.6801435332 137.3701527207 130.4765373416 39121.5662185460
-2588.2291811407 191.8809671369 130.8194120698 130.5055398987 39130.2544811218
-2573.9742490146 201.9237142778 133.2257278399 130.7978793556 39217.9646536984
-2565.0073666295 187.2458706321 139.4756213201 130.9858961333 39274.3407696083
-2547.2374666970 204.3822969811 145.9120850732 131.3537091560 39384.7448313906
-2546.3950290474 201.5467546931 151.0425301498 131.3737155032 39390.7377106775
-2539.4653923134 190.5894076527 130.0442779464 131.5243854016 39435.9055571971
-2531.0012650279 180.7514958667 147.4436395264 131.7027470832 39489.3836145340
-2524.9928316518 200.6659399822 136.9752025741 131.8265128481 39526.4801621392
-2508.2063197276 199.7011443172 136.3427313768 132.3176453025 39674.0114546541
-2507.4617777664 184.5199462882 154.1431183731 132.4216399791 39705.1781503966
-2507.0808549508 180.0793831802 136.1715873791 132.4908854470 39725.9263069516
-2507.0681026347 180.7275048738 135.3701299441 132.4943279312 39726.9573748996
-2507.0668236317 181.2083922239 134.8654972614 132.4966554589 39727.6544931479
-2503.5946268550 186.5126254883 132.9063175491 132.7639736705 39807.8475558697
-2501.9539100246 175.9124366462 145.2897372326 132.9556362553 39865.3182764024
-2496.5724846997 181.8000170114 154.6193252395 133.1654705014 39928.2448533321
-2487.3602791874 188.4962722426 136.7603900204 133.5234985938 40035.7106330377
-2480.0743709050 176.8125101108 137.0712024869 133.7321677754 40098.2874872446
-2475.4297415172 174.1433668898 154.1649805510 133.9161915815 40153.4651686425
-2474.7774872977 171.4280296211 148.6839152236 133.9369125390 40159.6718464177
-2469.9734083619 195.1310989475 148.8702310892 134.0735922898 40200.6418343161
-2467.7299971195 177.1492304167 155.6632330081 134.1524019254 40224.2566285521
-2465.5407419506 189.2580929563 136.2845542135 134.2633755002 40257.5157787105
-2464.7046780836 196.0739908842 146.7817315741 134.3080241946 40270.8915853310
-2464.3367394993 194.1925364143 153.2975593490 134.3309558601 40277.7604877252
-2458.8576937334 178.2638138239 136.3787709142 134.4676218236 40318.7262579851
-2450.8775233207 180.5392265358 155.1385176954 134.6272488811 40366.5815130245
-2450.1255485125 177.8273654654 153.4285231306 134.6382929224 40369.8893377891
-2441.7185723326 189.5252612964 134.6771993029 134.7484140180 40402.8926164314
-2438.1888200269 195.9922071892 144.6239741697 134.7914878198 40415.7963307636
-2436.2403662425 193.8802399057 151.4262979311 134.8164534420 40423.2744725411
-2436.0244080193 193.3609070170 152.0865879461 134.8193506172 40424.1421633672
-2415.7490554480 172.4725422521 148.9573461585 135.1387495086 40519.9933690945
-2410.4468128310 186.4586922146 132.8718145697 135.2292437315 40547.1109430251
-2406.1284467384 193.2589500454 148.5585390415 135.2944152294 40566.6371004789
-2402.7434586583 182.6322846567 155.2265156177 135.3406237485 40580.4800278245
