X Y Z LocalTime TrackLength
100.0000000000 100.0000000000 100.0000000000 0.0000000000 0.0000000000
100.0004269721 100.0123418339 96.5075976606 0.0116494131 3.4924044053
100.0264058349 104.9806525969 28.3310888942 0.2390233251 71.6573801174
100.0230556706 106.4044594322 18.8061880059 0.2711049979 81.2752190638
99.9969148025 112.8717929905 -14.6401641123 0.3843362681 115.2210882968
99.9311627133 138.5550890771 -95.2091857403 0.6658535376 199.6178415107
99.9177191755 148.9093627863 -118.6333892794 0.7511176038 225.1793555000
99.9530516716 290.7336629560 -297.4731807790 1.5167100097 454.6984257127
99.9174661722 314.0411752777 -314.9976269693 1.6139954312 483.8638505563
99.8581668496 362.2368088074 -345.2411475821 1.8036359374 540.7166328968
99.5157488008 410.0846406475 -368.4277767893 1.9809847566 593.8844596296
99.4560055949 416.7525570736 -371.1819222681 2.0051058887 601.1157895599
99.2688042265 438.5297495980 -379.3994420242 2.0829351438 624.4484037948
98.9305874511 481.6113631203 -392.4142927622 2.2332615314 669.5151087973
98.8513098900 490.0478543326 -394.4742056205 2.2622882404 678.2170930092
98.2035796498 558.2116566240 -405.7004345072 2.4930740035 747.4049162782
97.4084497883 652.3815129891 -405.8978155316 2.8086085861 841.9998099482
97.1827075264 681.7562962567 -402.3872751125 2.9069920737 871.4944266644
96.5511925204 761.3570235002 -383.7521004244 3.1792445776 953.1136715187
96.3461453285 789.8853031411 -373.6383555413 3.2799938772 983.3175406834
95.9003071369 845.0760286815 -348.3283458945 3.4821933550 1043.9354087525
95.4088709736 903.7823161625 -311.6077876273 3.7127378176 1113.0508919129
94.8491698817 966.1539981761 -258.1659489039 3.9861618252 1195.0213449226
94.8202573545 969.3661442520 -254.9289803812 4.0013734777 1199.5816813226
94.6288031047 989.0848345902 -233.5318282571 4.0984115755 1228.6729603548
94.5539470531 996.2293518345 -225.1604071696 4.1351470892 1239.6859850983
93.9390495211 1044.4019239638 -156.2368219260 4.4152132265 1323.6476995997
93.5192864602 1070.5941380380 -104.4563015877 4.6086879165 1381.6499415112
93.1499546060 1088.3122343663 -57.5527323103 4.7760283321 1431.8173239893
93.1288758117 1089.2417569121 -54.6378052430 4.7862405937 1434.8788814239
92.5440101587 1108.9125653926 36.9133257478 5.0985145325 1528.4962580018
92.4418074869 1110.6895593317 54.3890775247 5.1572201412 1546.0957490330
92.2843193541 1112.2201525135 80.4402796774 5.2444278137 1572.2399413366
92.0882891537 1112.1577110965 115.4518504091 5.3612800746 1607.2713560921
91.7346269957 1105.0941053520 183.3319959108 5.5883594183 1675.3480223709
91.7112024355 1104.3180367276 187.6938713985 5.6031271662 1679.7752795787
91.6809813026 1103.2823895171 193.1964921821 5.6217864425 1685.3691870802
91.3385331816 1086.2027932617 257.9360722973 5.8447268031 1752.2050170537
91.0031429276 1059.4310995801 322.5625415072 6.0776280057 1822.0270333360
90.9680647313 1056.0840893367 329.1964043188 6.1023489354 1829.4381779637
90.8534151174 1044.2515019544 350.8621319677 6.1845737010 1854.0885327184
90.7541666505 1032.7337988590 369.8091497016 6.2584382775 1876.2325665092
90.7307538609 1030.0217023598 374.0292889531 6.2751495732 1881.2424843834
90.6678071858 1022.2785364738 385.5640158576 6.3214185205 1895.1135594688
90.6446696210 1019.3635457135 389.7517210884 6.3384170459 1900.2095865940
90.5537499053 1007.2806337648 406.1306025059 6.4062473643 1920.5445958538
90.2699373520 960.5897347548 458.6524064845 6.6401701251 1990.6728677046
90.2085456315 949.0275161166 469.6384292545 6.6933722928 2006.6224691588
90.1225073651 931.5604323751 484.9771397582 6.7709156067 2029.8693603670
90.0127444694 911.4909950840 500.9670490260 6.8565255917 2055.5345781311
89.6301433878 842.2158660920 544.9472224949 7.1297956144 2137.4588676038
89.2293079308 760.7704908023 579.0814883755 7.4240441205 2225.6723518328
89.1663449835 747.5512455636 583.1253233186 7.4703345744 2239.5498744064
89.0570995228 723.0782796184 589.5823470888 7.5550601530 2264.9499538316
88.9109816779 689.1366481967 596.4252063312 7.6709579711 2299.6952337631
88.6257353122 634.9641443406 602.4348770276 7.8535647392 2354.4393539850
88.5459160556 617.5347655189 603.1048581011 7.9117941997 2371.8960993256
88.2099151056 522.2231957440 596.1003598429 8.2302900917 2467.3787719620
88.1664829142 503.6065389115 592.5789106455 8.2932839709 2486.2638535874
88.1343435953 490.9633959447 589.7668662730 8.3363739883 2499.1819097736
88.0817449647 466.2051898098 583.2609774297 8.4214702137 2524.6931062027
88.0047463357 415.1326659771 565.4019842852 8.6016471955 2578.7087947041
87.9188040563 368.9601986928 543.5950137495 8.7717311696 2629.6986752606
87.7735450223 327.2527838335 518.5139664022 8.9338698323 2678.3066112071
87.6921173851 301.3208951583 500.0318630807 9.0399887992 2710.1202657111
87.6293092577 280.4835850004 483.3264929879 9.1290123694 2736.8088502219
87.5757402031 266.7020440855 471.2434676271 9.1901175372 2755.1277105954
87.5710868745 265.5770264894 470.2172251067 9.1951969880 2756.6504908505
87.3367071635 199.8640454969 396.9575408802 9.5231266299 2854.9613327023
87.3164131236 192.2400948580 386.3242554148 9.5668232093 2868.0612315119
87.1669614803 150.5910431411 314.4845722555 9.8433905955 2950.9740462015
86.6860872089 108.2247169901 176.8499918709 10.3242086915 3095.1197452977
86.6653032832 107.2554957373 170.3361258459 10.3461970509 3101.7116862920
86.4099016862 102.3624106248 88.2179060484 10.6222643462 3184.4745774415
86.2655446410 104.6768443528 49.9775438184 10.7498524934 3222.7245294804
86.2196628763 107.7784964008 24.8808939070 10.8339677810 3247.9416482313
86.1942662061 111.7809679137 1.6702733753 10.9122463876 3271.4089744679
86.1929381372 112.0772760312 0.1792166086 10.9173164380 3272.9289365335
86.1879675142 115.1728108563 -14.1864203395 10.9661927699 3287.5816854608
86.2919919219 149.3794004176 -113.2790612921 11.3154259570 3392.2791748174
86.2954883534 150.6526845747 -115.9922213654 11.3254187292 3395.2749309962
86.3431571093 166.2588204334 -146.1888014489 11.4386507182 3429.2210155264
86.3670173936 178.7680165351 -167.2589788151 11.5202826158 3453.6936328573
86.7051328057 257.0980333940 -263.0477266129 11.9329552914 3577.4098218675
86.8252512991 282.0008250926 -285.3210292670 12.0443644104 3610.8094238016
86.9271380037 304.7919507667 -303.2797633367 12.1411616089 3639.8284829326
87.0102883941 326.8331448498 -318.7565536065 12.2310342550 3666.7716139145
87.0292681561 331.4975828713 -321.8274629684 12.2496934734 3672.3655040037
87.1835087286 370.8421358647 -344.8156268410 12.4016816740 3717.9304077901
87.2861245340 404.0064056056 -360.6878986092 12.5244172541 3754.7255969269
87.5776429840 549.5619953879 -399.2846050229 13.0271828918 3905.4510137451
87.6329660310 608.6884151600 -402.2370000073 13.2255672759 3964.9251450787
87.6907086527 697.6369740602 -393.4938339512 13.5232861954 4054.1790337380
87.7281960146 733.1389838798 -385.4407066845 13.6443730205 4090.4799386033
87.7294996509 738.8045361435 -383.9011926865 13.6639293419 4096.3427732906
87.7381074141 804.3174379117 -360.5594246301 13.8955018594 4165.7664595486
87.7264161505 820.6539094851 -353.0924562052 13.9552690185 4183.6841951323
87.6645789618 867.8611695860 -327.1680169771 14.1346660259 4237.4660531189
87.6455299825 887.2396780388 -314.4993624196 14.2118075416 4260.5924881565
87.6388895072 896.7245589248 -307.8341758858 14.2504134185 4272.1662333292
87.6270355889 911.0701563357 -297.0955832732 14.3101301612 4290.0688544886
87.6185032691 917.4900158497 -292.0378930645 14.3373503003 4298.2292428222
87.6110183296 921.6713389797 -288.6563937894 14.3552674803 4303.6006755353
87.5045277391 958.1221670807 -255.4899528456 14.5194742694 4352.8286201339
87.4716277961 968.4755433394 -244.8015172255 14.5691093045 4367.7088224654
87.4256538954 984.4600682871 -226.9504230058 14.6490345441 4391.6697967209
87.4174276964 986.7370241092 -224.2747198091 14.6607539924 4395.1831971005
87.2497463064 1026.5632684759 -169.8223868684 14.8854106017 4462.5335455087
86.9818307316 1070.4502610854 -82.4181878912 15.2114209991 4560.2690119432
86.8737054970 1081.0496672449 -51.9294008133 15.3192876715 4592.6066152382
86.8364867814 1084.3403246747 -40.9210289922 15.3577340796 4604.1325528878
86.6017742674 1098.0258209544 21.9213426610 15.5724818485 4668.5123047570
86.3083795157 1103.5316273456 83.9217898205 15.7811580690 4731.0718517290
86.0526088352 1101.8246763875 139.8609973243 15.9678010006 4787.0259834365
85.9999788038 1100.8806274424 149.6666476089 16.0006316721 4796.8683663532
85.9569800531 1099.9877683316 157.4772578274 16.0268328833 4804.7232879469
85.8990943274 1098.5321141479 168.4206085432 16.0636070787 4815.7479090345
85.8662720629 1097.5357585317 175.0232518219 16.0858595930 4822.4190416433
85.6974925579 1091.6660204660 205.9072836847 16.1903237773 4853.7366048160
85.3294805016 1075.1781268949 263.2643610584 16.3890526256 4913.3140038913
85.0559010755 1060.9512584079 299.0984626369 16.5174560039 4951.8083559923
84.6929598104 1037.3702132094 345.6281995873 16.6912200145 5003.9014837648
83.9116765462 965.8026258211 441.3343546637 17.0897446622 5123.3761960123
83.8714113199 961.9917252266 445.3208188619 17.1081333456 5128.8889817939
83.4458645588 916.0359426601 486.9639350436 17.3146620291 5190.8047131809
83.0649410677 866.5284429164 521.8930175597 17.5165273440 5251.3224015194
83.0220351101 860.7599088052 525.4247766859 17.5391436117 5258.1025845526
83.0144993703 859.7400181941 526.0358037459 17.5431095039 5259.2915285007
82.6236652034 810.2358266100 551.9604724310 17.7294328620 5315.1498544647
82.5099391616 796.2987445358 558.0552748727 17.7803269979 5330.4075255456
81.7855354301 733.7515445424 579.5251440066 18.0008696544 5396.5245415174
81.7386528149 730.5995304120 580.3682894879 18.0117618139 5399.7899270741
79.7939818402 592.3430452510 596.7078133262 18.4770103989 5539.2679978327
79.5801361999 577.6568604845 596.1597836148 18.5260165807 5553.9596747206
79.5404875077 574.9421019540 596.0119697663 18.5350851270 5556.6783550654
79.1287422816 546.6111571691 593.5573383412 18.6297630315 5585.0620659087
79.1112982711 545.4330577253 593.4192057154 18.6337196875 5586.2482409029
79.0862806753 543.7594827481 593.2181084611 18.6393419340 5587.9337471072
78.8961759156 531.3278268123 591.5424523371 18.6811232224 5600.4594562822
76.8229071052 409.1426480231 557.5131530175 19.1039963337 5727.2336628618
75.8747827949 357.9870963829 532.4987450054 19.2936734707 5784.0974265884
75.6194863190 344.4529802737 524.6311111529 19.3458002601 5799.7246377362
74.7103287522 298.3066142115 493.1186806596 19.5319485380 5855.5304759522
74.2654843677 276.2378769524 475.1503537483 19.6268232970 5883.9732022603
73.2153519704 230.7097109319 430.4210807322 19.8393735293 5947.6941490424
73.1281154855 227.2849674817 426.5873921751 19.8565340148 5952.8387305288
71.4927589990 170.8780998656 347.7389873486 20.1797321945 6049.7311146626
71.1511736582 161.7630449060 331.2466221257 20.2426961702 6068.6072313890
70.9298597258 156.0156630590 320.0520404217 20.2847955792 6081.2283107014
70.8884081666 154.9343966757 317.8702648870 20.2929190866 6083.6636756265
70.5847804096 147.3669384437 301.7726601423 20.3523946819 6101.4940025952
70.3281705199 141.5742280116 288.3350054302 20.4013690713 6116.1761483445
69.9343139140 133.2969379159 266.9592081299 20.4780176832 6139.1548145247
68.9390405010 116.8086765010 211.3485033602 20.6716408039 6197.2015546376
68.5505610466 111.9673868929 188.2674834437 20.7507102883 6220.9059799365
68.4865558163 111.2758470246 184.4368759503 20.7637045723 6224.8015662546
67.0960251683 103.6911509071 99.4477175316 21.0490563650 6310.3478812891
66.8242382571 103.9468120834 82.2313799731 21.1064914456 6327.5664775176
66.2786719764 106.0656763347 49.6700251283 21.2151795125 6360.1503285854
65.8294059796 109.3736961126 23.1630916044 21.3040358023 6386.7887636078
65.3195551717 114.7234375527 -6.0816527485 21.4028072249 6416.3996800077
64.4071926405 128.3746032027 -56.6618273304 21.5772641244 6468.7005306522
64.0481774399 135.1776600138 -76.1843694480 21.6460245091 6489.3143664935
63.6463381149 143.5622055686 -97.2436330387 21.7214647602 6511.9307753474
63.6354230264 143.8008177751 -97.8033639716 21.7234947221 6512.5393422750
63.6090506127 144.3808357404 -99.1599248347 21.7284167718 6514.0149348615
63.4034541129 149.1184493292 -109.8526552142 21.7672834648 6525.6668706737
63.3365485070 150.7129890356 -113.2986682849 21.7799394138 6529.4610267738
62.9749655902 159.9327721648 -131.9651575091 21.8492618807 6550.2433705475
62.9654868799 160.1835087708 -132.4457948574 21.8510704358 6550.7855614298
62.8862500714 162.3010165258 -136.4704738180 21.8662233166 6555.3282784549
62.8538539061 163.1814013397 -138.1173733137 21.8724533891 6557.1960061944
61.7591380877 196.6166070277 -191.7289162455 22.0828672153 6620.2764743072
59.2899357467 293.7745286962 -293.3944521454 22.5520993953 6760.9487988497
59.2249902921 296.8112707545 -295.7824336430 22.5649874396 6764.8125353038
58.6817440960 323.0474142120 -314.8031946059 22.6731064209 6797.2257787805
58.5961224780 327.3057107525 -317.6662149445 22.6902482634 6802.3647712077
57.9969690107 360.6084877172 -337.9035526752 22.8202681541 6841.3437414030
57.7506256431 375.3762083410 -345.8099218422 22.8762556569 6858.1283648475
57.5187275538 390.0591038047 -353.0621900975 22.9310101747 6874.5433488360
57.0437492837 422.5239649306 -367.0171133795 23.0490177044 6909.9211041150
56.1667487766 485.4862592574 -386.7774884438 23.2691435897 6975.9131751217
55.1157791656 557.9211759463 -398.7904058092 23.5143732474 7049.4311705377
54.7071657212 586.1803305804 -400.5006388787 23.6090191065 7077.8052743096
54.1316790434 624.7984091450 -400.2365217755 23.7379162480 7116.4476527752
54.0059701407 633.0177571160 -399.7882530245 23.7653656461 7124.6767711635
53.7753510400 648.5318338192 -398.5756784868 23.8172215189 7140.2227635506
53.7109898921 652.9431566113 -398.1456046953 23.8320012942 7144.6536264039
53.5484487620 663.8754667073 -396.9063628066 23.8686622540 7155.6443003147
51.9050475995 770.3980229274 -371.6807823170 24.2332717370 7264.9514916555
51.5676473467 792.4354623351 -363.2607339132 24.3117822148 7288.4883309973
51.3856443681 804.9002711156 -357.9626423427 24.3568042412 7301.9855885647
50.6568610737 852.2214646496 -333.9171443355 24.5336161458 7354.9924519550
49.9479962266 893.2110315333 -307.5093042858 24.6960771503 7403.6970233524
49.6408284335 910.1632406159 -294.8398595453 24.7666170220 7424.8443357836
49.1779589190 934.5805546026 -274.4435288622 24.8726807686 7456.6414354621
48.0806503750 988.5809410704 -218.1469153539 25.1323762551 7534.4961791982
47.8882160431 997.5071673945 -206.9672446391 25.1801326208 7548.8131707454
46.7290881168 1046.1608021564 -130.6876742795 25.4815987431 7639.1904433106
45.4983126795 1081.2506969770 -43.4306252088 25.7951466003 7733.1897314371
45.3946375408 1083.3925156616 -35.9891866815 25.8210308341 7740.9496256080
44.9239096441 1091.5710230617 -2.1555491361 25.9374644463 7775.8555323288
44.5654095947 1096.3227754382 24.7706471973 26.0291382343 7803.3386317762
43.3747646800 1101.3792480391 117.0920044651 26.3388560757 7896.1897092308
41.9164374519 1082.1336663579 236.0149790884 26.7402890613 8016.5363205321
41.1349681385 1060.6122019467 296.0205550268 26.9525815220 8080.1799892204
41.0804080307 1058.8574994939 300.0444171821 26.9672076089 8084.5647774768
40.8834205696 1051.9602558348 315.0031026447 27.0220127098 8100.9949258500
40.4760460674 1036.4129475383 344.6441835355 27.1335232502 8134.4249329733
40.1276277281 1021.8056224142 368.7458248164 27.2274301754 8162.5775099608
40.0280149195 1017.5264260343 375.3005756772 27.2534701331 8170.3840889440
39.9512299504 1014.2623210250 380.1560572888 27.2729517040 8176.2245139484
39.5720484072 997.7688285289 402.8688769808 27.3665107321 8204.2727940537
39.2806597568 983.9298324495 420.0496497394 27.4400543655 8226.3206112753
38.9494875090 967.0567161128 439.0655953862 27.5248189471 8251.7323832349
38.8316172106 960.8262954727 445.6417146595 27.5550275056 8260.7886767310
38.2809156738 930.2188184778 474.6706042804 27.6956461446 8302.9450715254
37.1204132138 854.6221673538 529.0374840594 28.0059332120 8395.9667987515
36.9422588424 841.6722458685 536.3988417428 28.0557194290 8410.8923241626
36.6450673441 820.5380944485 547.3497005313 28.1352276006 8434.7282644621
35.4381415679 734.0856248390 579.8860031100 28.4431724354 8527.0478075182
34.3714023618 658.5133165418 594.4746827369 28.7000360064 8604.0535639459
34.2305409687 648.2197628597 595.5237532157 28.7345907512 8614.4128107243
32.7126779889 534.4018583797 592.3674881936 29.1160805672 8728.7806037346
31.8772887037 472.0418380398 579.1796593640 29.3283078790 8792.4047412481
31.5443093810 448.3519728787 571.9201355975 29.4107178148 8817.1106083310
31.3270560371 433.0655745533 566.5337349238 29.4645808389 8833.2583292656
30.8853672680 402.3235744788 553.9226570602 29.5752396925 8866.4330071167
30.7186892932 390.4343710167 548.4218264697 29.6187988986 8879.4917223373
30.6247402073 383.7612035030 545.1699600895 29.6434977131 8886.8962368687
29.8415205402 330.7421634276 514.5036723104 29.8474775185 8948.0478334979
28.6680196707 266.4780515507 463.7766890063 30.1200634885 9029.7670489654
28.2433062315 245.3090949936 442.7929656656 30.2194556614 9059.5640614958
27.5038359579 210.5875302970 401.8488787508 30.3983606477 9113.1984150403
26.8117411738 180.7694952043 357.7650127955 30.5757700297 9166.3843976187
26.7767360773 179.4178366069 355.5130443000 30.5845317689 9169.0110995662
25.8905912639 147.4038868647 291.5592576697 30.8227956925 9240.4408195189
25.5807512926 138.3881922744 268.0371689588 30.9070053165 9265.6862194120
25.4001336892 133.4856651943 253.5049950678 30.9583870792 9281.0900771614
23.7635357135 110.4792348556 122.4217326228 31.4029496846 9414.3666393558
23.2546563444 110.5609599698 81.7872958775 31.5386062181 9455.0354323591
23.0988454063 111.2087900494 69.9933283630 31.5779865163 9466.8413430064
22.7184743949 113.9186449763 41.7573893699 31.6723973131 9495.1449768436
21.5194176631 134.4245954460 -50.2800338250 31.9863822073 9589.2752854712
20.8616708947 152.3602146389 -97.3464878095 32.1541415696 9639.5682646183
20.5538736734 162.0988598111 -118.2162915094 32.2308213342 9662.5562700472
19.1071915106 215.7133828887 -203.4355283582 32.5663391410 9763.1419885384
18.4266744820 244.0511965428 -236.5459110525 32.7115936077 9806.6881694229
18.4184946664 244.3994777744 -236.9182544100 32.7132944790 9807.1980775533
16.1158047554 353.5833418979 -324.6282175747 33.1805638809 9947.2819756561
14.2079306204 455.4917013011 -370.4379812746 33.5533170775 10059.0305934743
13.9082125268 470.0250629584 -374.8583034322 33.6042176634 10074.2901980723
13.5953909220 485.5596252385 -379.0448636615 33.6581184757 10090.4492475894
13.3221461092 499.4088147018 -382.3254453761 33.7057584801 10104.7313548057
12.5567282771 539.9990108826 -389.5239402847 33.8437424375 10146.0978918398
11.8701828274 577.7175891471 -393.1246090884 33.9706958486 10184.1575545014
11.6776731932 588.5700593531 -393.6193242741 34.0069594577 10195.0291056372
10.5500527266 651.0908532561 -391.8196631651 34.2156611882 10257.5963001006
10.4466934853 656.5528622192 -391.2856567997 34.2339611621 10263.0824913811
10.2027980118 669.2747326217 -389.8021696880 34.2766323205 10275.8749766709
9.5609755524 702.7937193165 -384.2971077197 34.3895077168 10309.7141571265
9.2522066609 718.7118348784 -380.8620162732 34.4436601417 10325.9486381558
6.8352827989 833.8149683231 -338.2933261647 34.8529848004 10448.6611165959
6.7919328178 835.7779391097 -337.2742858472 34.8603637191 10450.8732595668
5.4174432927 896.9038974715 -299.3410223825 35.0998603223 10522.6725276666
4.6177984230 929.4078445689 -273.5800445162 35.2381037305 10564.1168460744
4.1857572110 944.8218219138 -259.7112936813 35.3072517496 10584.8468916370
3.7572658124 958.7989117033 -246.0906750267 35.3723483645 10604.3623571380
3.4799558270 967.4668655228 -237.1042960533 35.4140069675 10616.8512860658
2.3815158169 998.4341361855 -200.8087960665 35.5730585265 10664.5337312101
2.1978353434 1003.1957792861 -194.5910526685 35.5992325982 10672.3805164982
1.6040188330 1017.7184706562 -174.2070701097 35.6827774347 10697.4266180509
1.4076045826 1022.2994671205 -167.3224128370 35.7104375678 10705.7189131421
-0.1463693348 1053.5822905230 -111.6595802053 35.9232628558 10769.5223193468
-0.2999567918 1056.1619959058 -106.2159790767 35.9434033171 10775.5602746102
-1.5993445602 1074.9493631436 -59.8774050999 36.1103032846 10825.5956135927
-1.9417606518 1079.0247907100 -47.6332426459 36.1535328272 10838.5554981455
-3.1136271103 1090.2351199124 -6.0440941212 36.2975144425 10881.7200877240
-3.7298089940 1094.5508937787 15.5892792144 36.3714579217 10903.8877755926
-4.0338725683 1096.3174318395 26.3181654202 36.4078071349 10914.7849901729
-4.3884299033 1098.0630421555 38.7939210331 36.4499207967 10927.4103422512
-5.2981578203 1101.0630527591 70.9545773436 36.5580912146 10959.8390058537
-5.8109483157 1101.8244568812 89.2234484142 36.6191633611 10978.1479664694
-6.2339363036 1101.9499230711 104.1130799882 36.6688632861 10993.0476221236
-6.3574954549 1101.9043783233 108.4025072134 36.6831774923 10997.3389109139
-8.0713105730 1097.3052669400 168.8161628367 36.8847997316 11057.7837267271
-8.2419478267 1096.4518960383 174.7239716520 36.9047023148 11063.7503679781
-10.2901930786 1080.7431767763 244.4493186888 37.1427796496 11135.1241499441
-10.3981395175 1079.6424056361 248.0462942606 37.1553211358 11138.8839909017
-14.5227686303 1016.9778001432 378.5541645756 37.6385937346 11283.7655343085
-15.0606049302 1005.9179960563 394.2707398289 37.7026554932 11302.9707577780
-18.0932595703 932.6328659807 473.9221445055 38.0636228555 11411.1860680418
-19.6900931688 887.1662225800 509.1063009799 38.2552399395 11468.6314131141
-23.2899087152 762.1997409900 570.6002100233 38.7202434992 11608.0360282229
-23.9088968297 739.2444422514 577.5034123446 38.8004752235 11632.0888839981
-24.8130705950 705.3208482655 585.5370910560 38.9171222308 11667.0587648021
-28.2661697448 573.7071421450 593.7552188751 39.3581167874 11799.2656518491
-28.3454288085 570.7440599557 593.5303235377 39.3680303498 11802.2376614977
-28.6853295659 558.1000296454 592.3670443287 39.4103537803 11814.9259005917
-29.7685898519 517.9431478796 586.4828256406 39.5452901781 11855.3788022380
-30.8945066050 477.1819334651 577.0107871108 39.6845897106 11897.1397387030
-32.3780003873 425.0541945723 559.3145277263 39.8679812453 11952.1191256724
-33.1370284640 399.5337275965 548.1806415705 39.9607269867 11979.9235884686
-35.2319728779 333.1247087401 510.3809459015 40.2151604287 12056.2008101080
-41.6193540116 177.9219611959 340.8581726896 40.9867010536 12287.5031280110
-41.8342375429 174.0973377288 333.8689148634 41.0133670256 12295.4973812173
-42.0733276018 169.9955690289 326.0537013338 41.0429185671 12304.3567059842
-42.6668648617 160.3890968427 306.2087547151 41.1166107436 12326.4490551844
-43.3454086811 150.2720412675 282.4158913481 41.2030291398 12352.3566280239
-43.3612531034 150.0498667869 281.8523434112 41.2050504370 12352.9625973498
-44.1272261936 140.0673425640 254.1128832902 41.3036075535 12382.5092661800
-44.7759277758 132.8538413024 229.9523974928 41.3879899759 12407.8064695899
-46.9830166600 117.5282038456 142.3538283003 41.6846785330 12496.7514632387
-47.5879681545 116.8474801090 116.4213607441 41.7715048512 12522.7812872008
-48.7270444924 125.2263970377 62.4039157724 41.9537150822 12577.4064818829
-49.4238814398 137.7798271528 28.7607049493 42.0732824477 12613.2518163175
-50.6455146556 180.6589389391 -33.0569692844 42.3247069969 12688.6269720729
-50.8789716868 192.1908926052 -44.0187699128 42.3777597979 12704.5317655909
-51.3461800678 216.1239402823 -62.4996963064 42.4784583649 12734.7203806621
-52.8822267953 320.6318333048 -99.3913490612 42.8508658755 12846.3654449196
-54.0203849590 396.1987872185 -93.4878637509 43.1048576623 12922.5102408600
-56.2330318285 510.9287589130 -22.6753544649 43.5603352304 13059.0592283067
-57.2939542530 550.8715923107 43.7533983595 43.8193559624 13136.7116675920
-57.4039340823 553.8086117659 51.6718459063 43.8476159933 13145.1837907635
-57.5142075011 556.2983966368 59.2285799336 43.8742597159 13153.1713579736
-58.1976243392 565.5631692455 107.4446462070 44.0381330974 13202.2993002634
-58.8170577173 564.1044526815 156.0477655098 44.2007921272 13251.0631889770
-59.2403653429 560.6692807618 175.5455108484 44.2666511974 13270.8071986934
-59.4778838269 558.0633860689 186.0488479339 44.3026200916 13281.5903758334
-60.3470652966 545.2193204727 220.9216609861 44.4263686216 13318.6891909720
-61.1094051534 529.0834183870 249.7141603120 44.5362692698 13351.6365181107
-61.4203270786 521.2181477134 260.8345319960 44.5816746857 13365.2486874671
-61.8183633299 509.5899922457 275.0115785663 44.6427936456 13383.5716502081
-61.8369699821 509.0248879381 275.6462048615 44.6456288290 13384.4216145300
-62.0243981370 503.1926132256 281.9213737389 44.6742013536 13392.9874207104
-62.4589676378 488.5481854227 295.7384736738 44.7413214691 13413.1094813030
-62.7049362344 479.7223160723 302.9544710507 44.7793620495 13424.5137327679
-62.8999289248 472.1110000608 308.6038787440 44.8110034562 13433.9995643552
-64.4464055559 407.5165757643 340.1425348571 45.0512076903 13506.0109467923
-64.7111767018 395.4478048562 343.4269475026 45.0930634929 13518.5589706945
-65.3514996641 367.1974994774 348.3878261857 45.1889156459 13547.2946681114
-66.2076746871 330.6218775765 349.2880611775 45.3116775712 13584.0977060547
-66.2593319426 328.4073158347 349.1467893684 45.3190793339 13586.3166927016
-66.9156150569 300.3212422688 345.4293452240 45.4133764209 13614.5861934802
-67.7052560029 267.1343507957 336.1838654128 45.5280993996 13648.9792172337
-70.3002154925 175.9435650491 273.8738518806 45.8995054034 13760.3240374471
-72.4270197911 133.5867121172 202.1676258668 46.1782900347 13843.9015600044
-73.8763164027 121.7102641948 150.3610252699 46.3557598283 13897.1056052281
-74.1237658833 120.9822788679 141.5391958953 46.3853531288 13905.9774313344
-75.6303448789 124.8017046641 84.3678231917 46.5768639200 13963.3908650350
-76.2508878347 130.8065778943 60.9012751963 46.6575398005 13987.5768352196
-79.7656477216 218.5757084616 -56.5110822629 47.1543256697 14136.5098384503
-80.2196253953 238.1151137397 -68.3284968891 47.2304759924 14159.3390823676
-80.4578051720 248.3247126137 -73.4662782888 47.2686576238 14170.7856194131
-81.1582318970 278.0340267223 -84.9523846302 47.3748400712 14202.6182575855
-83.6041578015 378.3696499363 -91.6203846520 47.7124778984 14303.8395872186
-84.6390770400 419.4997628472 -80.6618217402 47.8542111005 14346.3300684066
-85.1149635255 437.1985120821 -73.1597140341 47.9182573734 14365.5306150868
-85.8860188175 465.5149163515 -57.0129377104 48.0267910619 14398.0681369654
-85.9630126783 468.1431872130 -55.2290767985 48.0373623829 14401.2373308409
-87.8296664790 520.9422577537 -3.8610277390 48.2834792572 14475.0212814097
-88.7368324611 539.8845993835 27.1100614065 48.4044229958 14511.2792401947
-96.1046017985 511.1059646924 269.2388635487 49.2641560079 14769.0224185970
-96.1452198410 510.2635691028 270.2293815575 49.2684954389 14770.3233437279
-97.1487988149 487.6419425014 293.0419738764 49.3754660724 14802.3922737671
-99.8841097453 414.6489890752 335.2502137458 49.6578634823 14887.0528831993
-99.9483922845 412.7872908217 335.8838108751 49.6644343615 14889.0227778661
-105.9911608885 242.5828658642 323.6189334807 50.2470832722 15063.6971084986
-106.9142956390 221.1737465255 311.2339401793 50.3295212289 15088.4113348484
-107.4219399618 210.3116765671 303.6395981527 50.3737232875 15101.6627466454
-109.5907177552 168.4960759250 262.6852092707 50.5691055809 15160.2368280277
-109.8308390286 164.4022779945 257.2716437249 50.5917775682 15167.0337012217
-110.2834443525 157.1741568872 246.7579827031 50.6343783607 15179.8050664921
-110.6052276350 152.3941286188 239.0134656537 50.6647872619 15188.9214026889
-110.9520896087 147.6054249883 230.4534240648 50.6975655386 15198.7480581408
-111.7084640098 138.6493788257 211.3755194661 50.7679283422 15219.8422498527
-111.7595434351 138.1670749429 210.1893955008 50.7722050025 15221.1243568388
-113.9796767266 124.0214110879 155.4825789651 50.9610035183 15277.7246693701
-114.2593589847 123.2830847403 148.7313437505 50.9837171631 15284.5340310978
-118.7282744867 140.7436819141 39.8113849034 51.3555599912 15396.0098103243
-118.7958647753 141.4290118507 38.2549477871 51.3612317611 15397.7101594865
-119.2637983080 146.5415318468 27.5720891566 51.4007024400 15409.5431421842
-124.4855002759 239.2930916512 -66.6202461594 51.8474195735 15543.4658073357
-125.8145616741 270.5048316120 -80.1575669326 51.9608379529 15577.4677211351
-127.5707833099 313.4160441287 -90.2972931149 52.1080197374 15621.5916456503
-128.0372626282 327.6389745575 -91.6436155262 52.1558884987 15635.9423048916
-128.2693157351 341.3437274167 -91.8898173128 52.2016654361 15649.6658523401
-128.8007555175 367.0318567118 -89.9935255134 52.2873818177 15675.3629242601
-129.3219078389 392.7375303126 -85.0075781977 52.3745611894 15701.4985889983
-130.4837981553 441.9407559817 -65.7895458900 52.5507458714 15754.3173661391
-131.1865421536 468.2454615568 -49.1945034797 52.6543013406 15785.3624561490
-131.2374558765 470.1831395101 -47.7645555873 52.6623245653 15787.7677517955
-131.5667502801 482.1846823100 -38.0690160617 52.7137615379 15803.1881317399
-131.6031761808 483.5195749618 -36.9075067395 52.7196651384 15804.9579817740
-132.0135853574 498.5059094519 -22.3145187658 52.7893860834 15825.8597491891
-132.0357734475 499.3349806533 -21.4240520497 52.7934451498 15827.0766233147
-132.0544273788 500.0374727425 -20.6611004764 52.7969051352 15828.1138980097
-134.3926057513 554.5447731641 91.9460374932 53.2188283901 15954.6034970330
-135.8519518459 553.9226684827 166.1008071887 53.4672326769 16029.0731978227
-137.6249021230 515.5276673289 256.2630110151 53.7958429741 16127.5881313441
-138.0929227613 498.6212223091 276.8655783572 53.8846180112 16154.2021638257
-138.6732155688 474.0879466680 299.5171742620 53.9957794517 16187.5274647034
-139.2149662760 446.7251961583 318.0253738554 54.1057677373 16220.5010628027
-139.3381760925 439.9375299326 321.7663236130 54.1316671702 16228.2654974000
-139.3758672560 438.0006175230 322.7779887671 54.1389680587 16230.4542426697
-139.4730528691 433.1023326474 325.2284522671 54.1572948547 16235.9484633746
-140.5872310184 370.3454952482 344.6520199273 54.3766763105 16301.7173216548
-143.1089114045 231.8164472937 319.9358342630 54.8538054274 16444.7573373615
-143.3511572482 219.6605002392 312.7875003213 54.9007975703 16458.8451933865
-144.5867614278 169.1322752542 268.9188272189 55.1241353009 16525.8001148765
-145.6239953589 139.4935293287 223.6902238917 55.3045426462 16579.8848152096
-146.7401516564 121.2398671560 169.9316021441 55.4940993265 16636.7124194328
-147.0493001784 118.7343517001 154.6446094716 55.5460113543 16652.2752169084
-147.6009421761 121.5603454691 122.3783761975 55.6552141050 16685.0132115280
-148.3372048542 167.1715977638 73.0420042780 55.8862349641 16754.2725031889
-148.3703176564 173.8580815539 70.7275328749 55.9098587644 16761.3546084576
-148.5226675443 216.9620750504 70.8170632448 56.0553920683 16804.9844238412
-148.3495348139 255.3277574663 96.4922141066 56.2114571614 16851.7716702815
-148.0058178964 270.9269756291 157.6390359441 56.4277271332 16916.6085453017
-147.9860830308 269.4412187891 164.4312411968 56.4508623198 16923.5441697754
-148.0072912115 261.9161525312 182.7189517294 56.5168256283 16943.3192357209
-148.2710209935 229.2369935694 213.6628701216 56.6687786458 16988.8736805444
-148.2763930093 228.2520662212 214.1458770526 56.6724470570 16989.9734185149
-148.3875977555 188.3008080571 221.2894039360 56.8092093561 17030.9736941362
-148.4838886605 172.3073535575 218.1403332625 56.8635101087 17047.2524251426
-148.5307265555 164.2941923560 215.1793470752 56.8919575851 17055.7806110385
-149.1933016402 118.0346952029 143.3781243375 57.1930826287 17146.0579181848
-149.1015836775 138.7002192279 91.8022738677 57.3820228467 17202.7011985859
-148.3603040052 208.5353749948 68.9236899375 57.6372150410 17279.2072786102
-148.1197958695 237.7365848763 80.8142991162 57.7427386768 17310.8422880379
-148.1004778504 239.1382476356 81.7775349833 57.7484019830 17312.5400678075
-148.0743932782 240.9404914132 83.0819783881 57.7558145134 17314.7622410932
-147.3694957621 255.1768132391 191.4354056949 58.1619377276 17436.5200521430
-147.2310012645 245.9300978373 201.1244109859 58.2065368574 17449.8903284586
-147.1694880757 236.5772590504 208.1104932906 58.2454025442 17461.5417776577
-147.0710657314 212.7078741087 218.0154646062 58.3318351573 17487.4533959108
-146.9339039411 178.2061902902 217.6278891168 58.4477778705 17522.2120054545
-146.5827324762 120.3961640528 144.9781492854 58.7808426648 17622.0653788752
-146.4024381779 128.4243990790 109.3002279528 58.9035948238 17658.8654404619
-146.4014275317 129.5753742886 107.0651184355 58.9119622553 17661.3738798692
-146.6122202570 172.7091769435 70.9082250078 59.1038284306 17718.8943770418
-146.6153739329 187.5251124054 67.5722751774 59.1544691752 17734.0758695035
-147.3829139927 271.1828861950 122.9032714696 59.5168112503 17842.7071384567
-147.4780402510 274.0088495041 141.9692991710 59.5811962682 17862.0090425720
-147.4938418053 273.9707450470 146.9072835166 59.5976720280 17866.9482520148
-147.8894582731 256.0825590794 193.2292893812 59.7657167347 17917.3270032494
-148.2277637249 198.0917589545 220.6891859573 59.9852598328 17983.1451948056
-148.2375057150 192.4183050897 220.5399367427 60.0041851256 17988.8187430864
-147.0063290885 131.0228152012 105.5288680911 60.5219963824 18144.0640532526
-146.8880620029 142.4796309282 90.1812613321 60.5858694847 18163.2124882900
-146.5297495721 173.4306012882 70.5665885980 60.7087890069 18200.0627241521
-146.4930915490 176.6296678921 69.5641991890 60.7200088840 18203.4262880598
-145.8892397983 258.2244239329 97.1381878043 61.0253961689 18294.9815153014
-144.4878898347 231.5300341514 211.7712563331 61.4696031169 18428.1579220655
-144.0121576137 211.1555555485 218.8048189723 61.5415814743 18449.7362483434
-143.1512205007 167.7722956450 214.2191854593 61.6890729088 18493.9531115779
-143.0054925648 161.6710380230 211.3792348191 61.7114951898 18500.6750127981
-140.5380684014 125.2113209486 169.2212215023 61.9012118002 18557.5510667952
-140.2566775129 123.3631811371 163.1943870790 61.9222931159 18563.8709629710
-139.1099602210 121.0387374854 138.3978678122 62.0055968056 18588.8445456855
-133.1304820463 187.3172030635 67.9734336183 62.3537626239 18693.2255317022
-129.1718404873 261.3730931832 102.2007735962 62.6401842189 18779.0945865731
-126.1370509274 265.9906841808 175.9108742962 62.8975626094 18856.2561407333
-125.3638062280 254.8166598287 192.8866129835 62.9654182902 18876.5985187779
-124.1186944292 232.8160116972 210.3818488720 63.0594975076 18904.8025415337
-115.2551381533 130.2743756495 102.7452620110 63.7173541441 19102.0395711593
-113.8920168337 149.3410728198 81.1112374475 63.8140099306 19131.0160355616
-111.6219231508 196.7953888378 65.3630749841 63.9837308425 19181.8973198719
-111.0561723974 209.1712343888 66.5522864909 64.0251654565 19194.3189020277
-108.6521618187 251.5480336439 89.5860659604 64.1883009648 19243.2258704962
-107.8799180273 261.7341573155 103.3714998524 64.2455037423 19260.3745959453
-103.2288434718 257.2673711767 186.5810539197 64.5383199566 19348.1608598412
-102.2507871898 246.1422962489 198.7496773182 64.5933977490 19364.6725334311
-102.2288262804 245.8633115969 198.9921680404 64.5946329378 19365.0428252319
-100.6256005962 221.7362305445 212.9132052836 64.6880285866 19393.0419163907
-96.9483205533 155.7164626302 204.7434857568 64.9180173646 19461.9918184497
-94.6050845642 127.8725561177 171.6808988577 65.0641392628 19505.7980953927
-92.1985847776 121.8535910423 130.6164182144 65.2043260025 19547.8250142216
-90.2281731212 132.9066425952 100.6845013435 65.3115140061 19579.9589886433
-88.4383255099 153.4719588824 79.0766454435 65.4114817432 19609.9283552346
-88.2219180681 156.5761009510 77.0016157788 65.4239648693 19613.6706218414
-84.0321013483 220.1380597675 68.8611058621 65.6440873692 19679.6625534062
-82.7306171476 239.9131689810 78.6363657305 65.7177974044 19701.7600155952
-80.9498997995 259.5659715909 98.9341366825 65.8125664718 19730.1708453003
-79.2592776709 270.0092344242 123.7719986863 65.9028546883 19757.2383398153
-77.4854210125 270.9436693056 152.7722159948 66.0001947289 19786.4199341572
-75.4493645929 259.8666623837 181.3837950401 66.1031219960 19817.2765533702
-72.5881377019 227.7579309286 208.9251535011 66.2461839305 19860.1654542323
-71.7110738147 214.2288321340 213.5086204804 66.2938870306 19874.4662587274
-71.5047454745 211.0598267812 214.1804638256 66.3047647177 19877.7272357538
-68.6567379836 163.6434135657 207.4905945261 66.4671778891 19926.4176515007
-67.6431173498 150.2007180755 198.8574283609 66.5205165913 19942.4079553004
-64.4278114555 122.7749792372 150.1618506436 66.7108971408 19999.4830784043
-57.1945178740 218.7973105985 69.6096521674 67.2066794834 20148.1237593607
-57.1378658124 219.9756116773 69.9561233509 67.2107720425 20149.3506492715
-55.8018651829 248.2459533175 85.9750517674 67.3198014690 20182.0366704072
-55.4660272772 253.6274700980 91.3564798117 67.3451829484 20189.6456974014
-54.8868007339 260.3545539644 99.9444120755 67.3815522722 20200.5487527650
-54.7354819550 261.8478460305 102.2476251191 67.3907323940 20203.3008225244
-53.8664960542 268.6456116764 116.1629003146 67.4424414865 20218.8025833244
-43.3117254905 177.6512588720 213.6101780668 67.9900596878 20382.9856708983
-42.0900821408 159.6837379652 205.8583399468 68.0554582803 20402.5914231695
-37.0607421639 123.0969673369 134.5770178256 68.3359518762 20486.6832699106
-30.9054722175 209.2372085296 67.7001001532 68.7415236265 20608.2760725394
-30.1939846287 226.9667327918 72.8898362066 68.8031537380 20626.7520645189
-28.3927006233 262.7825310909 106.2186103224 68.9692938996 20676.5598414212
-27.3973493121 270.9924636287 132.9282014207 69.0628021533 20704.5926821195
-26.0994282355 266.8391225557 169.3525405462 69.1868056838 20741.7678951843
-22.3215894550 187.1090300497 215.4047367867 69.5190539715 20841.3766637047
-22.2849317367 186.1559184800 215.2526285351 69.5222726909 20842.3415887506
-22.2705548654 185.7684717557 215.1872770689 69.5235837292 20842.7346187554
-21.6029193108 167.4287137489 209.5913711808 69.5875430329 20861.9088823197
-19.3322384796 124.2304763520 148.7969857264 69.8474617606 20939.8321320500
-19.1556260486 123.9216012464 142.9871921404 69.8669349697 20945.6699313888
-19.0159018647 124.0103831368 138.3189292227 69.8825163102 20950.3409990936
-18.5924537101 126.6113170362 122.1354871703 69.9371382966 20966.7160152156
-18.2724612288 130.0809022747 112.3521769852 69.9717137106 20977.0812738262
-18.2318991465 130.6481769105 111.0799149273 69.9763471953 20978.4703250092
-16.5541821262 182.5136818964 69.7318077945 70.2054513585 21047.1550575122
-16.0992504629 220.6324258617 71.6502715521 70.3338870172 21085.6590135524
-14.9010737152 267.4140933910 115.9226895619 70.5550899313 21151.9748874834
-14.8743567717 268.0515855779 117.6392286377 70.5612230623 21153.8135111605
-14.5832454090 272.0932359362 135.7077367959 70.6230191036 21172.3392448160
-14.2573769479 271.6318690525 153.0305934531 70.6810541512 21189.7374648588
-13.8719213835 260.9361729330 182.0454532446 70.7846433896 21220.7925351608
-13.6936703212 255.6263188720 189.3880208150 70.8148278097 21229.8414233535
-13.6611553624 254.6264444194 190.5848409691 70.8200262257 21231.3998327080
-13.5678139467 251.5349744920 193.9866192981 70.8353534693 21235.9947249508
-12.8927321170 210.8678132865 215.4475140443 70.9908441748 21282.6097788051
-14.4288939572 134.8129038541 181.9532881016 71.2843643416 21370.6072188085
-15.0285924241 125.8727601633 159.8359586077 71.3641230796 21394.5180324500
-15.5977415538 124.6094886319 133.4006071076 71.4526600662 21421.0605109338
-16.6289012874 142.2731306511 95.0624982385 71.5952275442 21463.8011741234
-17.8271477334 182.7913587076 71.8362974077 71.7535639353 21511.2693689601
-18.0542576844 191.6491236425 70.6005672227 71.7834879349 21520.2401850226
-20.2419659623 263.0074090864 109.3934625310 72.0685499766 21605.7017630187
-21.3387357599 271.8507335733 148.4430440326 72.2032681622 21646.0892120981
-23.1919301194 216.5738279929 215.7494292699 72.5141725295 21739.2987394379
-23.6926211027 191.5561023695 217.5461383478 72.5981220939 21764.4659342852
-25.2834604622 127.0477171345 129.9574067424 73.0067188034 21886.9658402177
-25.5625685912 132.3898501489 113.6498045088 73.0639266243 21904.1160616362
-25.8669250036 144.9725359803 94.9474449178 73.1392020000 21926.6827912047
-27.3774548694 245.6630112964 88.6757742440 73.5116840934 22038.3546158909
-27.5784920957 256.5588993777 99.9935987225 73.5640607897 22054.0565101402
-27.9536972449 271.9269015652 137.5922062165 73.7007072635 22095.0220582416
-28.1867304631 260.3336913956 185.4664616772 73.8682752100 22145.2578946488
-27.6154142539 168.5370974152 211.6255844735 74.2150271582 22249.2152507035
-27.4665752810 141.7250819920 190.1854873789 74.3303694020 22283.7938274464
-27.4197949323 131.3480898916 172.1603965184 74.3997464170 22304.5922705281
-27.3946965025 127.5033020539 132.1625105366 74.5353225759 22345.2369388039
-26.8770011617 202.5112069926 70.9980930000 74.8842726366 22449.8533465710
-26.6818640146 238.6585457959 81.7717417092 75.0111766559 22487.8981173748
-26.5306490574 256.2466010085 96.7953168860 75.0883908880 22511.0461003727
-26.4074433146 264.1551288306 108.0234536940 75.1341509183 22524.7643814101
-26.3592648413 261.3676312380 186.0715591953 75.4072966993 22606.6533251505
-26.4025664745 249.9387578221 199.2456764379 75.4654442690 22624.0852718588
-26.2396241819 187.1758613203 216.9826646133 75.6899186340 22691.3819799708
-26.3438945098 164.9153421753 208.7575250579 75.7691919804 22715.1472704959
-26.8631125032 127.8231032864 151.0468691833 76.0057316097 22786.0612593939
-26.7668934232 135.2620570940 112.9512267911 76.1366991010 22825.3242529515
-26.7454153788 137.6939040786 108.4818102629 76.1536511848 22830.4062478633
-26.7198683506 145.3337442755 97.8200082787 76.1973237558 22843.4987287307
-26.4619485820 185.2326691124 74.2897366128 76.3541667756 22890.5192115801
-26.3998517002 208.8262979426 73.2160316602 76.4331930469 22914.2104297533
-26.3926294415 215.2753910254 74.2168365855 76.4548927984 22920.7157135050
-26.4766988830 238.8110826436 83.4610430958 76.5394151585 22946.0546238699
-27.7249322832 273.5777064289 151.2457424024 76.8062704628 23026.0576120472
-28.0474313481 266.8009282363 177.2854335611 76.8961574040 23053.0047924662
-30.9132170808 152.5665211901 201.2771216138 77.3446609613 23187.4701134462
-31.1550316812 143.9918989515 192.1051082170 77.3864767414 23200.0059467257
-31.7284026834 130.9242390125 164.9997131928 77.4873673870 23230.2519831457
-31.7686591013 130.4762075314 163.1330909132 77.4937917543 23232.1779137155
-32.9075206666 134.0579283484 119.5681876106 77.6414994654 23276.4596210983
-32.9232378651 134.2954014519 118.9975926575 77.6435593733 23277.0771506098
-33.4650392227 147.2054129878 98.6735841855 77.7240307728 23301.2016072850
-34.4847073602 198.0897907853 75.0433267266 77.9159380275 23358.7344727401
-34.9008474974 221.8823331964 78.2363660832 77.9962377446 23382.8074564053
-34.9855134997 232.2474863526 83.7579088302 78.0355496446 23394.5917643542
-36.3165022519 189.5800587551 129.0021306276 78.3882466523 23500.3477414124
-37.0528679509 240.1687450399 86.7428818218 78.7237013519 23600.9320924238
-37.5317193594 244.9693992366 93.9983136354 78.7527757257 23609.6474356836
-37.6572405949 245.9851556675 96.3231406128 78.7612561283 23612.1894743593
-39.2530845955 241.7476100006 126.1888599059 78.8665386177 23643.7512487873
-40.2855448625 230.1417095692 135.8514319004 78.9172868872 23658.9638724891
-40.3291990429 229.5854285057 136.1029103619 78.9193358620 23659.5780578583
-40.7918346221 223.3808303249 138.0887266837 78.9411139889 23666.1062272380
-47.6769885380 236.6638902595 80.7199337189 79.3558273644 23790.4662659866
-48.0921545280 243.4095210711 87.1788859454 79.3870057598 23799.8123183331
-49.9091057176 245.7297443244 121.5258324283 79.5092286572 23836.4530966128
-60.5983510524 211.0814568105 75.2730788890 79.9221779524 23960.2840908372
-61.3282108186 219.7951922658 74.5387773639 79.9515310476 23969.0829702952
-65.8755478957 243.0134012426 124.5247655988 80.1751885193 24036.1389742172
-69.2643582389 195.5294729864 126.4240934975 80.3539680319 24089.7375634606
-72.7115181697 201.9205723142 78.8724453206 80.5369524959 24144.5970334374
-72.7650167650 202.5427663673 78.4925894164 80.5393961591 24145.3295261937
-75.0782799481 230.5636510657 76.8761428599 80.6368971611 24174.5583123415
-75.4431788785 234.6983751407 79.0410550091 80.6524798730 24179.2293188327
-75.7441793937 237.9754227305 81.3859026183 80.6659337098 24183.2621744974
-77.1430224045 248.3611232385 97.8401275184 80.7319996130 24203.0667660064
-79.5822952432 234.9763979397 131.2670579175 80.8604584404 24241.5772140519
-84.1981219102 187.3591146005 99.4443992909 81.1001339861 24313.4368410916
-84.5325372092 189.4946255987 92.1757736298 81.1254096422 24321.0134286166
-85.0905407835 197.9547448525 80.9180951542 81.1727314356 24335.1988308408
-86.6908732670 239.3116560609 81.7129047692 81.3223846792 24380.0640337578
-87.0782198470 247.0173909693 93.0084088452 81.3682950838 24393.8263297937
-87.8354709157 242.8135345742 122.4295663999 81.4719829292 24424.9099767025
-87.8663425958 241.8665627079 123.6058874230 81.4770184501 24426.4193850209
-87.8834854771 241.3720585035 124.1732060810 81.4795281648 24427.1716755886
-88.8275728520 189.9415065402 117.5976355255 81.6803063620 24487.3668530061
-89.6110999296 188.0958390624 94.2239210409 81.7600821461 24511.2815476838
-93.4221474839 240.9229978304 83.0555793146 81.9761737005 24576.0688120572
-93.3519532895 246.9412170490 91.6684486658 82.0112621101 24586.5869364371
-94.5024260344 189.6421469703 90.7492414102 82.4238341598 24710.3057275774
-96.2754606854 220.8687202522 72.7489926382 82.5510854313 24748.4541046609
-98.3592494321 249.1703871625 100.5706978506 82.6932513484 24791.0743373187
-98.6120256691 249.2157451207 105.6152027041 82.7101774313 24796.1480165793
-112.9531862408 249.7274768083 101.2658774564 83.3380939097 24984.4829764349
-114.3212389323 245.6199131735 117.3882353644 83.3943521215 25001.3473089042
-122.0422986915 216.4729577570 70.5098032977 83.8116622530 25126.4878812269
-124.8426401719 250.1887138540 102.7177177677 83.9866458652 25178.9483182848
-125.2429521929 249.1709161347 109.3742279965 84.0091364304 25185.6900085191
-125.5766097862 247.5336648380 113.8816451132 84.0251468050 25190.4891892000
-127.9785297836 223.7939343484 131.3802333182 84.1277576009 25221.2498888591
-129.6584257822 204.3999717610 127.5137849769 84.1950829642 25241.4319971453
-132.6815847030 188.9479454460 96.6254686201 84.3166680553 25277.8815069327
-132.9552203725 189.5162820760 93.5975152118 84.3269620805 25280.9671678128
-133.6223826134 192.3254307802 86.1442585345 84.3536129112 25288.9559538127
-137.0368436628 231.8094262544 72.5764252436 84.5059082471 25334.6133687716
-137.3082797696 234.5014105071 73.9427246093 84.5160067149 25337.6404009321
-142.3310069486 239.3619683065 123.4441474765 84.7076797759 25395.1053959184
-153.2422466032 214.5706636764 69.7828297276 85.0748932808 25505.2186116323
-159.6143196127 250.7355860621 101.0815649645 85.2578335074 25560.0649630061
-162.7541662350 240.1993296415 123.6307243530 85.3435291142 25585.7543343634
-164.3760994156 226.8572722708 131.4362070085 85.3958813463 25601.4476654320
-165.4371222619 215.9242899380 132.3695309302 85.4328272437 25612.5225494769
-175.0208790391 218.8616744753 71.1873318307 85.7370752563 25703.7490267283
-176.2016228363 230.4081029832 73.3428345873 85.7765556762 25715.5836847724
-178.2017166337 245.8830581933 87.1692452300 85.8471166930 25736.7357499201
-182.2624717646 234.1819384710 127.4776399626 86.0009071507 25782.8414782231
-190.3636940576 199.8971896522 81.0715607714 86.2901442263 25869.5657615841
-199.9850238919 236.4996066815 125.8971500791 86.6092035293 25965.2349006977
-200.0242706732 236.0880618859 126.2051546149 86.6109262562 25965.7512848006
-200.7064907517 228.5996750323 130.1319228260 86.6392595415 25974.2443695251
-201.6436038207 217.5627559789 131.7163639269 86.6767635699 25985.4865509635
-223.3829443681 207.5642181125 133.6246450563 87.3305614906 26181.5951037309
-224.3381992023 199.5123317946 129.2127446058 87.3614003974 26190.8392828069
-227.9270240481 190.3301607337 93.9236448936 87.4921486616 26230.0361126520
-230.5431044564 212.3016657130 76.3001969257 87.5895858647 26259.2456439137
-231.3415536034 221.4493343954 76.1238312848 87.6203392874 26268.4641957245
-235.3441174628 245.2866570813 115.5113647637 87.7957079098 26321.0401685377
-236.7722119473 231.1258933125 131.3776487950 87.8684243634 26342.8383902477
-239.1979022257 201.8600277002 131.2675480743 87.9699157040 26373.2633872626
-248.3966292248 203.4822995029 134.3542006145 88.5798045508 26556.1937773402
-249.8813614773 187.8591788561 119.4294874713 88.6537544295 26578.3617625591
-250.8798368511 185.2730766668 105.3100345747 88.7021673171 26592.8741190285
-254.9414039830 222.7816868488 78.0653938310 88.8773247642 26645.3867843265
-256.2732356179 237.8613713940 88.1386373807 88.9389135900 26663.8490428974
-274.8326403227 233.5238209943 132.4832819019 89.7151832555 26896.7261534893
-282.7748334587 186.3120546311 107.8436534867 89.9333688626 26962.1418110188
-291.7095809855 234.7309854583 86.5296324227 90.1552941580 27028.6789682628
-297.1959308217 241.8489395548 123.0160931111 90.2901677674 27069.1126934689
-305.1588490258 197.9722254760 130.9141488197 90.4633377015 27121.0294080972
-311.4922294653 193.8642183308 92.5687837515 90.6067508250 27164.0235874320
-322.6972491913 242.6802099561 123.1144132107 90.9006781895 27252.1551527937
-323.5941783390 237.6384448994 129.8664920589 90.9289596441 27260.6326627528
-324.3546132005 232.2392416068 134.0479786373 90.9518906071 27267.5062954589
-332.4927561874 188.7891896336 110.3213941519 91.1514608320 27327.3395971300
-343.1412964818 247.4361918331 110.4945769946 91.4648494938 27421.3085250934
-344.0574762182 246.1638845633 118.3640738346 91.4916171147 27429.3322373133
-348.0042686910 223.7057645207 138.3115927169 91.5973858852 27461.0396203135
-355.0798737908 190.3263101875 101.1924573428 91.7945400474 27520.1484233993
-356.3947133274 194.5000910823 92.4964539193 91.8270757867 27529.9012120103
-359.6384227851 211.8009623868 81.0351062077 91.8986397902 27551.3538779548
-360.0116732766 213.9725816810 80.6547397961 91.9061265625 27553.5980222774
-361.1084175303 220.5959965678 80.5406640009 91.9287257008 27560.3721785765
-365.1901936262 241.9854961953 94.0026207487 92.0170590979 27586.8522708792
-370.1556397862 242.8930055177 122.8557303115 92.1190597739 27617.4299196390
-375.5170397192 214.3412855804 137.4520400457 92.2344266860 27652.0149894740
-378.8784337045 197.1865945557 129.3882605315 92.2995332023 27671.5317549741
-401.9332606996 234.2499818374 135.8395102192 92.7773143858 27814.8196430692
-414.5123783480 195.1422580224 93.3729683701 93.0491878540 27896.3368270482
-416.0430872410 202.8484484226 86.4356469961 93.0842136078 27906.8360255515
-423.6029952572 244.6301014942 103.0025736183 93.2607729015 27959.7691165606
-427.9942663559 236.6777237955 131.0092991562 93.3638513887 27990.6698897753
-435.5924635342 194.1072058502 127.2682564916 93.5269913922 28039.5791068175
-443.4124864228 205.1322985414 84.0662214274 93.7001852039 28091.5030283722
-452.1766647950 242.3333624251 120.5099862837 93.9270399811 28159.5187075929
-465.0109621202 212.7427494082 81.0773331795 94.3315830496 28280.8330574807
-465.4597602315 217.4015869884 80.9294686181 94.3473078930 28285.5465727041
-474.4295552365 224.4766401324 137.1177829043 94.6158487941 28366.0644062951
-487.7837335447 192.1115320754 101.1454861524 94.8202691108 28427.3522801724
-492.8770026571 206.6763701943 85.2723397637 94.8959444448 28450.0374438124
-493.6251973686 209.6448912915 84.1386116567 94.9068363470 28453.3022663144
-502.4258127874 241.0074528845 95.2415103094 95.0295174323 28490.0802715074
-503.2596159942 242.5200789986 97.8959163274 95.0400790926 28493.2461027710
-504.3156143940 244.0189532772 101.5383336621 95.0536685877 28497.3195330164
-516.9960916302 225.3845735866 136.7122471059 95.2079467749 28543.5715389085
-522.5341436724 205.2995062530 134.6369982268 95.2790095564 28564.8738793527
-534.0823105789 192.5749913576 97.5487501101 95.4270585953 28609.2580980165
-538.8610287753 204.7840085428 84.8382884391 95.4886435117 28627.7190764837
-541.0928339034 212.8113439202 81.9373077536 95.5180799286 28636.5427487389
-551.3390064575 244.6573230644 99.9570029603 95.6541123858 28677.3239105496
-574.6269165610 192.3252760566 119.4189093847 95.9522657947 28766.7238509859
-581.1036946073 194.2046504190 96.5352546672 96.0337402858 28791.1475574805
-584.2445825585 202.2205604127 86.9313412407 96.0769992477 28804.1147805083
-592.7611113842 233.4434528485 86.1349047628 96.1915124945 28838.4438505381
-599.3934975113 245.8371253121 109.6111470592 96.2866737944 28866.9709111741
-628.8028413759 224.2511400736 84.0767141402 96.7510382621 29006.2351687279
-640.1413922311 241.3786237053 122.8541284025 96.9184422764 29056.4230156312
-646.0439986962 224.0453801565 136.9297073645 96.9975606466 29080.1403433575
-648.3968579984 214.5042275216 137.7644176578 97.0305629223 29090.0329132187
-667.0406313723 214.4120516862 83.6188873871 97.3093222809 29173.6159530176
-672.6890804571 236.9074551438 92.2864761998 97.3943598493 29199.1078465285
-690.6114223423 199.8040861475 131.0537661946 97.6785524591 29284.3205694222
-691.8057588716 196.1658224017 126.9463983131 97.6972773989 29289.9333495413
-692.8244480612 193.7868755651 122.8770289984 97.7133511766 29294.7514304711
-693.4328574659 192.6948369756 120.2232952931 97.7231414202 29297.6860136422
-723.5918628106 225.4942397368 135.3510982609 98.1734734120 29432.7405342019
-726.8245340631 210.3010259604 134.5321385879 98.2260133700 29448.4899383104
-746.6047416305 230.3286658984 82.6362669370 98.5268115683 29538.6836038957
-771.1545252951 199.9676280361 125.1649220529 98.8595336971 29638.4533747369
-772.5463346455 196.8198974046 120.6970588583 98.8783385487 29644.0900996573
-774.1481316422 194.3485898317 114.8546956480 98.9001589519 29650.6307545000
-809.7766108355 228.6865828291 132.7658306186 99.3399592929 29782.5256199042
-858.7864864758 233.4627685395 135.8747082200 99.9132169757 29954.4713605028
-859.7777969724 230.4095246632 137.0398390356 99.9246092691 29957.8861480381
-885.8400591112 212.4824013751 87.5217385806 100.2099558343 30043.4453137461
-886.8079582935 215.3100103584 86.6604262946 100.2203378064 30046.5572566387
-889.9984707627 225.3253170903 86.1224558050 100.2555474691 30057.1114838872
-916.9427917393 216.8040190671 136.8740707623 100.5523678731 30146.1122800193
-926.2947704662 196.8664630288 117.9650676005 100.6533990612 30176.3991258211
-930.4172630196 196.5448575747 105.5160644839 100.6974422231 30189.6013590567
-938.1318716592 210.0971536451 87.2775752079 100.7793238081 30214.1470253895
-944.7662767705 229.9219049997 85.4914929269 100.8509747258 30235.6255744239
-995.1774747835 215.7520998162 89.3051081825 101.3782353130 30393.7672847692
-995.2539576368 215.9539051448 89.2502686950 101.3789787796 30393.9901320235
-1011.6375859387 248.2510574932 113.3258405794 101.5434434824 30443.2966514663
-1027.0743748547 222.2826596487 140.3149442317 101.6917710085 30487.7643787849
-1034.9668262433 203.3854123882 131.6289910401 101.7679410360 30510.5977142175
-1041.0723315937 196.4748431916 116.1572652497 101.8286706105 30528.8021505849
-1063.6605641886 242.0295113476 97.5613229859 102.0618517358 30598.7156995187
-1093.6658188862 203.0852822684 130.4796381747 102.3520044222 30685.7167930596
-1095.0716943407 200.9076126142 127.2779776724 102.3657244378 30689.8292985490
-1095.8400562349 199.9162610319 125.4008275918 102.3732591565 30692.0877753435
-1109.4766324751 212.1060223979 94.3651023191 102.5065877471 30732.0580213198
-1113.3992875610 224.9935341294 92.9145959315 102.5521848718 30745.7256755981
-1123.2236649161 244.7612057799 115.1334078469 102.6640128232 30779.2492178171
-1141.1634661990 201.4256959823 130.6439548974 102.8749571816 30842.4950526548
-1144.9822923741 196.7675981040 119.2536089863 102.9183108814 30855.4901933348
-1158.6185679884 222.8476169553 93.0900263657 103.0677787850 30900.2998844699
-1212.9665498684 235.9771164383 105.1134571398 103.6577913364 31077.2998601035
-1234.8812250046 203.2779841688 137.0046188806 103.8745821200 31142.2992059617
-1243.9896457950 191.7015778934 115.3854496273 103.9651147945 31169.4380048590
-1266.0645776225 234.8715579677 104.1556773089 104.1741965173 31232.1252692425
-1293.4264814067 194.9659997999 123.9855116238 104.4462801134 31313.7096936650
-1302.4237394354 199.9091836139 100.6762389660 104.5353346186 31340.4053124598
-1302.4728974513 200.0041271447 100.5746920643 104.5358265783 31340.5527659676
-1313.5284157111 228.0814428613 95.9252520672 104.6436673599 31372.8808161794
-1319.4307238432 238.5602351532 107.6769687970 104.7007779777 31389.9998673529
-1323.4262811810 240.3202201177 118.0947449936 104.7386353791 31401.3473821153
-1333.3368917605 222.9750747111 138.9680036301 104.8402917423 31431.8211987476
-1336.9307202543 212.9316735534 139.3080823314 104.8761187236 31442.5600725013
-1339.9032935722 205.1935264355 136.1334894427 104.9057582665 31451.4442224726
-1349.9648292284 195.5075205120 110.3083722887 105.0093340747 31482.4935238167
-1354.6069984501 203.2857935748 98.4025911724 105.0597421454 31497.6033045947
-1355.6192926972 205.8114099192 96.6124496385 105.0705957774 31500.8564749132
-1360.5345140079 219.5574456803 93.4403619471 105.1211313700 31516.0044813202
-1369.7711383319 239.9679323358 110.5455807516 105.2205818817 31545.8169331602
-1386.5551441697 213.5369183125 139.7593089939 105.3879674458 31595.9996294883
-1392.6261941410 199.7683852788 130.8626827634 105.4474255595 31613.8223892284
-1397.3875195848 195.2702280292 118.5189524550 105.4943793237 31627.8966578412
-1430.1275621103 210.5847931184 103.8028353782 105.9058236428 31751.3612366185
-1442.1866113309 216.7186271713 133.6971990696 106.0550801817 31796.1072393196
-1446.8743049781 200.6516998694 130.7342035450 106.1141888380 31813.8217705676
-1479.9396488127 193.3425010567 121.0791335454 106.4832347962 31924.5475367009
-1481.7047621204 193.9065208699 115.4373728605 106.5031391480 31930.5118943252
-1497.1756592378 222.5107841934 122.6810620266 106.6628700181 31978.3998411954
-1497.5049267124 222.2005972518 123.7062150724 106.6666022026 31979.5181254304
-1500.8368786976 215.8337335927 131.7806991757 106.7031125450 31990.4591267508
-1507.0649521300 197.7090146147 129.7533292514 106.7723431912 32011.2078563612
-1519.2997435805 217.5595222858 107.7819754042 106.9284027943 32057.9945103780
-1522.3847125118 222.8868490866 116.4491274731 106.9645434623 32068.8246945283
-1527.5209668346 216.7256114984 131.8394619024 107.0252199043 32087.0090813656
-1527.5859296873 216.5467838892 131.9605171563 107.0259743596 32087.2351372458
-1530.8092019821 206.5513325449 134.2886442603 107.0625291474 32098.1894197529
-1554.0367472774 215.6425163892 132.2707242029 107.3509235430 32184.6923679242
-1565.0122755440 197.2222227102 108.4167533075 107.5036424280 32230.4768968672
-1570.2445531399 215.0029319533 106.0695163081 107.5694106121 32250.1875538722
-1572.0835863394 220.4765398304 111.2053035565 107.5953223298 32257.9521118963
-1576.7557086136 218.5963709694 130.0547116359 107.6646421638 32278.7274583091
-1580.0451623147 206.0036490334 134.3942857102 107.7120982213 32292.9490019907
-1586.2142826747 194.7493206206 112.6650058366 107.8107242985 32322.5107277677
-1596.3704982292 223.3130357385 124.1533898362 107.9624912099 32368.0096832385
-1601.7276909077 204.7768743707 134.7574378558 108.0422533638 32391.9155054416
-1615.6851992174 225.1211023556 121.1247515298 108.2715234102 32460.6695681278
-1623.2336028070 196.4106688814 127.9039859510 108.4054332484 32500.8123340659
-1626.3088055025 200.0125438118 109.1834365259 108.4753426457 32521.7643024133
-1630.0400358827 223.3265124905 113.1113263583 108.5643442984 32548.4401673365
-1635.9704737194 199.3619507596 129.6456584719 108.7157820201 32593.8403464646
-1637.5970773932 196.2632913272 119.5798454398 108.7519307907 32604.6727771991
-1638.1274485533 196.9887048887 115.7730399819 108.7649763187 32608.5816874290
-1641.8622666836 222.3135669526 109.2714867090 108.8680993130 32639.4916745588
-1655.4368615488 223.2125184682 119.0785965384 109.2232518046 32746.0474438467
-1658.7600690096 210.3741930264 135.5946387763 109.3000305924 32769.0586871698
-1663.0757944708 193.4848028439 119.7149120623 109.3912053553 32796.3860243391
-1670.1631842770 222.3427675543 119.1245187207 109.5413602553 32841.4013769891
-1680.3094940410 198.0905902546 109.4715482682 109.7499852123 32903.9597540625
-1680.3218769978 198.1547047334 109.4213938208 109.7502600191 32904.0420913233
-1685.4119286359 222.2766916747 119.0505283767 109.8550814569 32935.4612570549
-1744.7100131254 204.1122198093 111.6990503837 110.7259458329 33197.2757290180
-1746.9433257794 211.6445386775 112.5449461211 110.7526311424 33205.2718952748
-1771.9335794311 205.4876813455 108.5403605310 111.0442234291 33292.7377943147
-1774.0730406837 213.7698849570 110.3228691772 111.0737727511 33301.5922275638
-1782.1705958075 212.5510528665 137.0717518444 111.1852785482 33335.0156929131
-1782.2829451809 212.1336025469 137.2402681903 111.1868320230 33335.4811382447
-1784.1052910837 204.7614237925 138.0781221950 111.2124669069 33343.1624768511
-1786.9109187341 195.2620170530 132.5089876258 111.2510901414 33354.7362857981
-1788.5113552954 192.6189944994 126.6237449879 111.2733734903 33361.4132593554
-1796.2501408723 212.6291143658 111.5073971469 111.3815555262 33393.8399649682
-1802.0855148556 219.3287459952 129.9550052473 111.4571759231 33416.5036244494
-1814.0781265146 193.9421486718 114.5266798952 111.6259386288 33467.1011264633
-1820.2206403869 216.3900242226 114.1492365840 111.7159444180 33494.0776390687
-1836.3104385270 211.2088736444 109.3507064589 112.0006418882 33579.4738516075
-1838.7048261502 220.6495350230 119.5543542081 112.0491404623 33594.0073567841
-1841.6414109938 212.5015416383 136.5277538756 112.1175965597 33614.5231485828
-1844.6906053566 192.4370154114 129.2028842218 112.1967478621 33638.2452292730
-1853.7250116326 217.9117755990 134.5562161422 112.4081820895 33701.6472843156
-1860.3907553581 199.3640110207 113.9845739949 112.5754050518 33751.7828475907
-1864.8440136128 219.0985021505 136.5185411959 112.7186603281 33794.7283865366
-1869.3955049786 194.3347646650 125.7001657917 112.8386809249 33830.7051186289
-1872.1469900983 203.7780395854 112.9983751510 112.8949041053 33847.5538436830
-1872.9810520381 208.6826321494 112.1918672839 112.9117816060 33852.6107970673
-1876.7500852618 223.3033975845 127.5014196158 112.9906967065 33876.2619272685
-1876.9257134382 223.2004897908 128.5285733799 112.9941826128 33877.3063398399
-1896.4718301015 219.8868069262 133.9382038760 113.3241482944 33976.3008330749
-1901.9114721657 197.8185159671 134.3115299243 113.4106483847 34002.2259619265
-1915.6934416673 223.1564709703 128.0200591781 113.6083721122 34061.5135693879
-1947.3154399609 199.3784264464 119.5151652461 114.0847942002 34204.5354774701
-1952.6911833626 222.5461595483 117.9335482079 114.1746732315 34231.4736040906
-1953.1806477895 224.0302176125 120.0514040163 114.1834458073 34234.1019828078
-1960.9998732382 197.6736839924 130.1826056480 114.3490830376 34283.7617973356
-1963.3633735052 202.3832723262 115.9046135792 114.4028074029 34299.8613418292
-1967.0067847985 224.9661701174 120.6937087166 114.4906624061 34326.1925709633
-1970.1610526114 220.1039403481 138.5943829636 114.5586157108 34346.5572784767
-1972.6560268552 206.2389874588 139.9266770514 114.6074157040 34361.1807969098
-1984.9902460212 211.1431615640 143.4640718287 114.8894128491 34445.7685389799
-1987.9647105763 205.0075314059 116.2185492956 115.0226827309 34485.7187319007
-1991.8825584137 212.3997954618 142.2588444438 115.1840901187 34534.1095075555
-1992.1417495838 209.4867741650 142.3018572886 115.1939208283 34537.0548829623
-1996.4476068011 219.0102638730 137.8939630817 115.4544014660 34615.1816746461
-1996.8282853742 214.1650540289 140.5112766411 115.4729232491 34620.7311703648
-1997.0456808379 210.8883924514 141.1091833616 115.4840757625 34624.0725787012
-1998.4516456711 197.1683277269 133.3082998635 115.5396288824 34640.7200618114
-2000.9503916157 217.9493393679 116.2307730635 115.6670307827 34678.9101785177
-2002.3077156336 215.4177175981 140.3535228000 115.7617789932 34707.3079571479
-2002.4446305591 212.5900203411 141.4462225084 115.7719006718 34710.3404924651
-2005.3675566019 224.1902591579 121.8740767521 115.9895992968 34775.6236396472
-2009.3972840511 212.4049114472 137.3411308336 116.3722743210 34890.4625151501
-2009.8916271733 202.7696912636 135.0800592109 116.4062291098 34900.6366110151
-2011.1289317933 210.5259444537 109.2067426816 116.5238746857 34935.9005254823
-2011.3419284736 215.8108141705 110.0721787335 116.5418552314 34941.2877448889
-2014.1100318263 220.4380150826 108.5595443361 116.8456164627 35032.4145694201
-2014.8232904792 220.0594366368 133.8809041934 116.9464945677 35062.6501278719
-2016.8348823925 208.0341884216 107.6875245764 117.0964027107 35107.5909907722
-2018.1266848383 227.7281915391 118.2393811056 117.1813449094 35133.0483228705
-2022.3665552645 212.0740213144 106.7253830040 117.4012668386 35198.9993212242
-2023.6715693484 223.2456079511 130.8528806615 117.5189621612 35234.2779630033
-2025.9398351488 228.6863332678 128.7472059788 117.7944347634 35316.9086132684
-2026.1954201912 212.8609160793 135.6896469613 117.8558176032 35335.3031036072
-2027.3176357267 225.1918835998 113.4205632658 118.0248341112 35385.9767822532
-2028.7548753068 217.9767791598 112.0802076025 118.2877443207 35464.8351565664
-2028.3527302089 200.9142245147 128.9923032213 118.4772815537 35521.6666177452
-2028.9364368812 224.4202875985 115.0105685806 118.5976785573 35557.7553352586
-2029.2622934973 228.4460750619 124.5561078239 118.6331392692 35568.3804220581
-2029.3244971051 201.8103336749 128.9519135803 118.7630079421 35607.3099342985
-2028.8982598216 212.1720529112 106.9104049526 119.1295023424 35717.2911845378
-2025.1458937878 226.8195856968 126.9282134103 119.2339247124 35748.5891308581
-2016.7141897879 227.2063107815 132.0248874904 119.5305451936 35837.5735051894
-2012.6056822255 210.5826335022 117.2895166541 119.9541356228 35964.7249134235
-2010.4644262062 224.6506954635 138.8742048543 120.1179564241 36013.8396049896
-2010.3787802268 222.5561790805 139.3770622688 120.1251529815 36015.9955783702
-2003.7353872145 223.4295438939 139.6748754831 120.4054624950 36100.0811105558
-1986.1821360666 214.5657142476 120.3458778794 120.8062113732 36220.3649084961
-1960.9010724327 226.1193756210 119.3119726858 121.1325162337 36318.2701680421
-1954.2455397474 234.5342132366 130.8614368098 121.1876499529 36334.7909519491
-1949.9139405547 230.3839932600 139.7566575086 121.2243594663 36345.7899417549
-1941.2788018286 211.0080569476 136.4733276876 121.3048069170 36369.8989034112
-1940.4710991960 210.1580829183 134.6330972552 121.3120783792 36372.0772814681
-1940.0347713097 209.8213694914 133.5787218045 121.3160537463 36373.2681989786
-1921.0266067057 234.0848816330 132.1914209327 121.4755212556 36421.0766806147
-1911.3122149154 217.7768766383 141.3137628817 121.5537393191 36444.5171836546
-1895.1787287170 223.3256644556 118.8968488368 121.6800919022 36482.3916137792
-1865.2810338154 214.7783489980 125.1371808779 121.9124025733 36552.0634225106
-1837.1474339559 211.9696990663 139.3001565150 122.1372357725 36619.4903082883
-1825.0783876989 224.4621431957 121.1782889402 122.2382142025 36649.7548955058
-1813.6205160534 229.5930235958 142.0914303833 122.3383192298 36679.7575591163
-1803.6985096027 209.6960537151 134.2872672853 122.4284751250 36706.7769921532
-1795.6776600202 219.2018452837 119.9609826166 122.4964898721 36727.1585328604
-1770.6111440274 210.8716452162 127.9053541065 122.7236687249 36795.2898455468
-1732.2893674905 222.8210131702 122.3786761038 123.0601864742 36896.2675039822
-1728.3343234797 231.8847572853 127.9100768346 123.0988351950 36907.8473164924
-1724.0985521932 232.9708605946 139.6421325731 123.1418957524 36920.7492643069
-1717.5665450809 216.6995978221 146.1550552962 123.2097518885 36941.0830867634
-1690.6871792964 216.5777412738 149.4272487579 123.4793710667 37021.9600908136
-1686.9792090748 208.0306602023 141.5271425892 123.5215059120 37034.5845627544
-1686.4327724377 207.5871869725 139.6754002305 123.5281204795 37036.5660641102
-1680.3572132229 220.8748482181 124.9692040674 123.6055670591 37059.7748172586
-1669.9366083820 222.7254800003 150.6297546794 123.7315640540 37097.5422190664
-1661.1625284128 211.0215263504 131.4990251737 123.8342040072 37128.3046890307
-1589.1090657817 198.6901535525 121.5883419422 124.9104598097 37452.4928864591
-1578.6664277212 201.6846240847 139.8185905751 125.1163317760 37514.2280770244
-1564.9108858622 194.2692907410 123.0068458151 125.4429722410 37612.2403103604
-1544.6440698366 218.3111290105 135.5730692444 125.8540163508 37735.6341631113
-1541.5017655711 201.1000752835 117.3816438090 126.0053279350 37780.9952469488
-1541.0115888842 215.7228672271 118.1426328778 126.0573228874 37796.5743800576
-1536.2804795728 216.9722763702 126.8303168289 126.3553251704 37885.9809796834
-1535.5451502095 202.3473154724 140.9823307530 126.4332234093 37909.3245921938
-1535.3104814633 195.8953238083 137.9968696837 126.4572413018 37916.5199080112
-1534.7520323389 212.3538629546 120.1449395986 126.5924617258 37957.0535374747
-1534.2028121269 193.7601911471 135.5375843551 126.7314651704 37998.7219837596
-1534.1536957290 192.4548989417 133.0013123996 126.7409909948 38001.5755085053
-1533.2237329982 195.5221447579 125.9424746039 127.0319456900 38088.8650974827
-1535.9058244382 194.9915332934 138.6177249853 127.2552229449 38155.8263641098
-1537.8037073029 205.5930018967 118.8233504492 127.3479433538 38183.6137042351
-1541.3446671070 201.9993995984 143.0915564660 127.4893062297 38225.9898632155
-1541.5785639000 198.9541773065 141.7575356297 127.5004335397 38229.3231119390
-1542.2264376819 194.0324660016 135.9934067301 127.5262338887 38237.0523684893
-1542.8986961877 193.1832935559 128.9886787587 127.5501013551 38244.2024938290
-1554.8736947119 204.7336887503 120.1004830815 127.8680951467 38339.6191437682
-1556.3707033731 215.9797674131 127.0008084998 127.9151458530 38353.7161390613
-1560.7376289150 197.9101041132 142.8381603641 128.0209118061 38385.4151832880
-1562.3430652880 192.0261665880 132.5030748354 128.0625007292 38397.8753532717
-1565.7396351212 208.8393971225 120.3291645377 128.1429247689 38421.9757466802
-1567.1767001272 216.8090050822 128.9688348386 128.1840859256 38434.3076748816
-1568.5931982360 213.8844332080 140.6575535758 128.2259294246 38446.8440737385
-1569.1161807837 209.8160622021 143.5290226026 128.2427380067 38451.8792548653
-1569.2102496084 208.9616527037 143.8647894041 128.2458224674 38452.8031656638
-1571.4503382619 192.3165945924 134.0324004832 128.3183399331 38474.5332179259
-1572.4845765363 194.4002912136 125.1204978094 128.3497192223 38483.9339470072
-1576.9757325029 216.6422899328 134.7510401659 128.4628000624 38517.8265389292
-1579.0313653350 205.4547828524 144.0496994475 128.5157287761 38533.6849948300
-1579.3397837449 203.2984374237 143.9632021615 128.5230057803 38535.8647672743
-1594.6962978709 201.6738683183 125.3620106968 128.8865659661 38644.9838354054
-1602.0379930739 198.7110681948 146.4873557903 129.0618875362 38697.5494499916
-1611.4385883438 214.0190778936 143.2223874794 129.2551922459 38755.5127282313
-1618.0646808437 198.9907814511 123.2684029113 129.4001698007 38798.9730056777
-1621.9388624396 215.8732618546 130.6087273357 129.4721816360 38820.5512218209
-1622.1230163941 216.1161186390 131.6281453454 129.4757415713 38821.6175348319
-1622.8127835421 216.2050367213 135.5003599452 129.4889301324 38825.5681405834
-1628.9650867205 193.3148767953 135.6721096030 129.6043237302 38860.1541165202
-1634.4283957123 211.4651582311 124.1736672634 129.6985616100 38888.3958409435
-1635.0699555429 214.0484149471 126.6629657950 129.7107495513 38892.0466751269
-1635.6460672986 215.7397343978 129.5366235843 129.7220399563 38895.4286384713
-1647.4050435306 205.6522842076 123.9751335863 129.9340738862 38959.0148466343
-1647.4676126798 205.9184880532 124.0257281710 129.9350005899 38959.2924171092
-1649.9220744796 214.3198010080 130.7739235574 129.9732116509 38970.7400073495
-1650.1018951341 214.6421805830 131.5113837615 129.9759676901 38971.5655163681
-1655.2302919777 201.0319025501 147.5855119376 130.0630389756 38997.6583533056
-1659.1090478492 195.7774690823 126.7057784267 130.1532904986 39024.7046398275
-1663.1235111171 215.2806655876 140.3680688915 130.2589437314 39056.3692560822
-1665.6962240980 197.7034574419 147.0212003686 130.3297159285 39077.5756109181
-1666.4639311273 193.4182364069 142.8764356349 130.3498881299 39083.6182844497
-1668.5532176676 195.9130152601 127.7348372801 130.4065916963 39100.6076798130
-1670.4245004058 213.8672161532 130.9340537271 130.4765373416 39121.5662185460
-1671.3394880142 215.2949690764 139.2893860380 130.5055398987 39130.2544811218
-1678.4845374314 208.8774465346 151.2359487816 130.7978793556 39217.9646536984
-1685.9785209700 214.5611219587 135.6735529279 130.9858961333 39274.3407696083
-1703.0492795096 197.2452579520 144.5033704004 131.3537091560 39384.7448313906
-1704.0439545052 195.6037375207 138.8905233000 131.3737155032 39390.7377106775
-1712.2605544251 216.3398474221 144.6950909182 131.5243854016 39435.9055571971
-1721.5801564135 211.1011191913 128.5360614579 131.7027470832 39489.3836145340
-1728.6199414889 200.7702080968 150.7175827666 131.8265128481 39526.4801621392
-1751.8869162828 200.5635673045 153.6999820917 132.3176453025 39674.0114546541
-1754.3945174279 197.7278741042 131.5367455094 132.4216399791 39705.1781503966
-1756.2201498936 214.2126435829 139.8524220709 132.4908854470 39725.9263069516
-1756.3150949732 214.3929130101 140.8600379357 132.4943279312 39726.9573748996
-1756.3820741685 214.4547699360 141.5490105107 132.4966554589 39727.6544931479
-1766.8614158254 214.8448904138 147.9615489522 132.7639736705 39807.8475558697
-1772.9184560680 209.5895285812 134.8893816163 132.9556362553 39865.3182764024
-1782.4583649696 199.4994352215 133.3697482467 133.1654705014 39928.2448533321
-1798.5252758084 209.6667492126 158.7658684403 133.5234985938 40035.7106330377
-1811.1945066116 214.7710295862 149.7191099506 133.7321677754 40098.2874872446
-1821.1481042960 205.2798124485 138.3565876775 133.9161915815 40153.4651686425
-1822.3483924189 210.6819370524 141.0087311143 133.9369125390 40159.6718464177
-1829.4246023768 192.1402126402 155.0321284079 134.0735922898 40200.6418343161
-1834.3592736268 202.0358319029 137.8753583765 134.1524019254 40224.2566285521
-1840.4055652788 206.3534482006 160.0169723767 134.2633755002 40257.5157787105
-1842.8631692628 194.3697075504 156.8178060644 134.3080241946 40270.8915853310
-1844.1185163707 191.4137695208 150.8073284338 134.3309558601 40277.7604877252
-1850.0365262652 213.9477822998 151.3976013796 134.4676218236 40318.7262579851
-1858.4549051341 198.4658865290 136.7491619452 134.6272488811 40366.5815130245
-1859.2397000567 201.6171657251 136.1222760200 134.6382929224 40369.8893377891
-1867.9634851323 205.8952810055 157.8978920900 134.7484140180 40402.8926164314
-1871.2922110962 194.4173323485 155.1479596386 134.7914878198 40415.7963307636
-1873.3421149550 191.2224797690 148.8022274575 134.8164534420 40423.2744725411
-1873.5845171389 191.1467568551 147.9762169421 134.8193506172 40424.1421633672
-1896.0643419151 208.4380849254 136.9143907041 135.1387495086 40519.9933690945
-1901.4912491748 207.0227989098 157.2113269219 135.2292437315 40547.1109430251
-1905.7624259781 192.2844886358 148.3938100598 135.2944152294 40566.6371004789
-1909.1338893331 196.9217568012 136.5175514542 135.3406237485 40580.4800278245
-9354.7180486447 221.1060056425 134.9866127832 135.3444865560 40581.6369136899
