X Y Z LocalTime TrackLength
100.0000000000 100.0000000000 100.0000000000 0.0000000000 0.0000000000
100.0004269721 100.0123417889 96.5076253979 0.0116494131 3.4924044053
100.0264056865 104.9722775669 28.5686101098 0.2390233251 71.6573801174
100.0230555094 106.3920495536 19.0562950477 0.2711049979 81.2752190638
99.9969145827 112.8391576589 -14.2656280893 0.3843362681 115.2210882968
99.9311603498 138.3994349770 -94.5940193491 0.6658535376 199.6178415107
99.9177135912 148.7239029138 -117.9752356448 0.7511176038 225.1793555000
99.9530088381 289.8079403100 -296.4542687019 1.5167100097 454.6984257127
99.9174185301 313.0843249981 -314.0218906968 1.6139954312 483.8638505563
99.8581066037 361.1563703793 -344.3239765742 1.8036359374 540.7166328968
99.5156709429 408.9266532905 -367.5998606400 1.9809847566 593.8844596296
99.4559245236 415.6060600031 -370.3699058417 2.0051058887 601.1157895599
99.2687083377 437.4185901789 -378.6455158656 2.0829351438 624.4484037948
98.9304443980 480.5176067987 -391.7625548653 2.2332615314 669.5151087973
98.8511532933 488.9663692316 -393.8442127101 2.2622882404 678.2170930092
98.2033104292 557.1604784128 -405.2138268151 2.4930740035 747.4049162782
97.4079451858 651.6172725019 -405.6323924911 2.8086085861 841.9998099482
97.1821299931 680.9047824329 -402.1835352653 2.9069920737 871.4944266644
96.5503970782 760.3191855929 -383.7708354219 3.1792445776 953.1136715187
96.3452566135 788.8019762643 -373.7370926540 3.2799938772 983.3175406834
95.8992131592 843.9397726723 -348.6362795183 3.4821933550 1043.9354087525
95.4075313008 902.5979596501 -312.1986974650 3.7127378176 1113.0508919129
94.8475256484 964.9405135480 -259.1142098333 3.9861618252 1195.0213449226
94.8185929495 968.1508856694 -255.8755051686 4.0013734777 1199.5816813226
94.6270022641 987.9261866240 -234.5455560868 4.0984115755 1228.6729603548
94.5520908017 995.0891965758 -226.1808829685 4.1351470892 1239.6859850983
93.9367369604 1043.3770906503 -157.6196318973 4.4152132265 1323.6476995997
93.5166128907 1069.7300572284 -105.9865335668 4.6086879165 1381.6499415112
93.1469326155 1087.6254399769 -59.1431561244 4.7760283321 1431.8173239893
93.1258308496 1088.5656525117 -56.2296269784 4.7862405937 1434.8788814239
92.5401381208 1108.5732619574 35.0805826782 5.0985145325 1528.4962580018
92.4377837463 1110.4340298276 52.5802617777 5.1572201412 1546.0957490330
92.2803752940 1112.0879246550 78.6690047617 5.2444278137 1572.2399413366
92.0845743378 1112.1883770212 113.6925107471 5.3612800746 1607.2713560921
91.7313867424 1105.4524903221 181.3825806095 5.5883594183 1675.3480223709
91.7079908280 1104.6977789876 185.7449582476 5.6031271662 1679.7752795787
91.6778056015 1103.6892290154 191.2470822366 5.6217864425 1685.3691870802
91.3357867900 1086.9808663045 255.9105118095 5.8447268031 1752.2050170537
91.0008552272 1060.6340016416 320.5100237930 6.0776280057 1822.0270333360
90.9658252315 1057.3197993798 327.1386683383 6.1023489354 1829.4381779637
90.8513332682 1045.6119394878 348.8283634194 6.1845737010 1854.0885327184
90.7522214329 1034.2022580713 367.8043882957 6.2584382775 1876.2325665092
90.7288384955 1031.5066237109 372.0271920862 6.2751495732 1881.2424843834
90.6659724522 1023.8242189801 383.5758408056 6.3214185205 1895.1135594688
90.6428635176 1020.9244591979 387.7663249255 6.3384170459 1900.2095865940
90.5520547292 1008.9332010693 404.1874730034 6.4062473643 1920.5445958538
90.2686084812 962.6929811616 456.8349259895 6.6401701251 1990.6728677046
90.2072974956 951.1845502664 467.8765308006 6.6933722928 2006.6224691588
90.1213721366 933.7999873194 483.3069053449 6.7709156067 2029.8693603670
90.0117295137 913.8155465633 499.4059196068 6.8565255917 2055.5345781311
89.6294963297 844.9979485401 543.6839761917 7.1297956144 2137.4588676038
89.2290163907 763.9654221336 578.2673009917 7.4240441205 2225.6723518328
89.1661039605 750.7196615285 582.4050334079 7.4703345744 2239.5498744064
89.0569468638 726.2028900302 589.0338260791 7.5550601530 2264.9499538316
88.9109430283 692.1921612089 596.1085366539 7.6709579711 2299.6952337631
88.6258666458 637.8461124478 602.4722609103 7.8535647392 2354.4393539850
88.5460969147 620.4079291085 603.2530850350 7.9117941997 2371.8960993256
88.2103683217 525.2816153140 596.8659108027 8.2302900917 2467.3787719620
88.1669862164 506.7054639774 593.4706659031 8.2932839709 2486.2638535874
88.1348802848 494.0786301923 590.7451450139 8.3363739883 2499.1819097736
88.0823465842 469.3686630851 584.4130565703 8.4214702137 2524.6931062027
88.0054792820 418.2800486125 566.9494787850 8.6016471955 2578.7087947041
87.9196577982 372.0382979377 545.5152276260 8.7717311696 2629.6986752606
87.7745115751 330.2178291685 520.7816290969 8.9338698323 2678.3066112071
87.6931577902 304.1826953789 502.5032587115 9.0399887992 2710.1202657111
87.6304096451 283.2463879944 485.9569879964 9.1290123694 2736.8088502219
87.5768805551 269.3941954677 473.9711958900 9.1901175372 2755.1277105954
87.5722303389 268.2626840730 472.9521186650 9.1951969880 2756.6504908505
87.3380545152 202.1631226224 400.3851168259 9.5231266299 2854.9613327023
87.3177844028 194.4619982132 389.7883904112 9.5668232093 2868.0612315119
87.1684801335 152.3554322078 318.4711024924 9.8433905955 2950.9740462015
86.6878399122 108.9050764127 181.5505789461 10.3242086915 3095.1197452977
86.6670645052 107.8747774134 175.0397273577 10.3461970509 3101.7116862920
86.4135423965 102.2389564089 92.5614356415 10.6222643462 3184.4745774415
86.2712389101 104.2209403673 54.3722706563 10.7498524934 3222.7245294804
86.2267245175 107.1012386599 29.3224354022 10.8339677810 3247.9416482313
86.2026196236 110.8958593400 6.1662140751 10.9122463876 3271.4089744679
86.2013750853 111.1795194627 4.6729565376 10.9173164380 3272.9289365335
86.1972095427 114.1448387429 -9.6761028627 10.9661927699 3287.5816854608
86.3069992336 147.3549281970 -108.7589127211 11.3154259570 3392.2791748174
86.3106608823 148.6064098374 -111.4807336652 11.3254187292 3395.2749309962
86.3602017802 163.9081380838 -141.7753707407 11.4386507182 3429.2210155264
86.3854156854 176.2092549284 -162.9285069059 11.5202826158 3453.6936328573
86.7303898340 253.3521167048 -259.2362825916 11.9329552914 3577.4098218675
86.8523601890 278.0223573891 -281.7418469286 12.0443644104 3610.8094238016
86.9558628989 300.6356625564 -299.9209278138 12.1411616089 3639.8284829326
87.0405172642 322.5319648652 -315.6152434114 12.2310342550 3666.7716139145
87.0598101524 327.1804122426 -318.7269761005 12.2496934734 3672.3655040037
87.2166072226 366.2786551371 -342.0935630241 12.4016816740 3717.9304077901
87.3212977340 399.3017411796 -358.3006787904 12.5244172541 3754.7255969269
87.6213429886 544.0537944489 -398.3380054090 13.0271828918 3905.4510137451
87.6800503229 603.3845727412 -401.9609523939 13.2255672759 3964.9251450787
87.7428728412 692.1819714620 -394.2141675229 13.5232861954 4054.1790337380
87.7824275649 727.6614250165 -386.5736274084 13.6443730205 4090.4799386033
87.7840656064 733.3356805101 -385.0987522375 13.6639293419 4096.3427732906
87.7966316915 798.9465491060 -362.5896881554 13.8955018594 4165.7664595486
87.7859618592 815.3210158270 -355.3172559604 13.9552690185 4183.6841951323
87.7271874692 862.7454692510 -330.0103258276 14.1346660259 4237.4660531189
87.7094542337 882.2434660337 -317.5782753532 14.2118075416 4260.5924881565
87.7034715398 891.7808099445 -311.0219658646 14.2504134185 4272.1662333292
87.6926349451 906.2305063709 -300.4544142056 14.3101301612 4290.0688544886
87.6845658911 912.6879946906 -295.4653161285 14.3373503003 4298.2292428222
87.6773856204 916.8933659716 -292.1236322094 14.3552674803 4303.6006755353
87.5736841323 953.6923840232 -259.4549240727 14.5194742694 4352.8286201339
87.5416260219 964.1616818560 -248.8814710660 14.5691093045 4367.7088224654
87.4970055681 980.3494291111 -231.2186981634 14.6490345441 4391.6697967209
87.4889773732 982.6508693447 -228.5640342875 14.6607539924 4395.1831971005
87.3250870591 1023.0253516239 -174.7204184545 14.8854106017 4462.5335455087
87.0626420771 1067.9182749655 -88.0753797418 15.2114209991 4560.2690119432
86.9562978308 1078.9161937241 -57.6723001269 15.3192876715 4592.6066152382
86.9197064361 1082.3512760512 -46.6704493274 15.3577340796 4604.1325528878
86.6885019058 1096.8244025649 16.0156992766 15.5724818485 4668.5123047570
86.3991891015 1103.1344521786 78.2153239333 15.7811580690 4731.0718517290
86.1434813083 1102.1371314693 134.1326755059 15.9678010006 4787.0259834365
86.0908841515 1101.3181357776 143.9406209964 16.0006316721 4796.8683663532
86.0479046393 1100.5249025981 151.7551777281 16.0268328833 4804.7232879469
85.9900620134 1099.2089965552 162.7006427553 16.0636070787 4815.7479090345
85.9572702386 1098.2968700664 169.3089909351 16.0858595930 4822.4190416433
85.7886148883 1092.8255418947 200.1386379341 16.1903237773 4853.7366048160
85.4207910019 1077.1219116846 257.5712321943 16.3890526256 4913.3140038913
85.1473238242 1063.3848672968 293.5191113296 16.5174560039 4951.8083559923
84.7845207102 1040.4692944946 340.2712173246 16.6912200145 5003.9014837648
84.0034865300 970.4150947233 436.6885528267 17.0897446622 5123.3761960123
83.9632305354 966.6451415623 440.7105328731 17.1081333456 5128.8889817939
83.5377650935 921.3872586690 482.9037318258 17.3146620291 5190.8047131809
83.1569056343 872.4573621172 518.4519017875 17.5165273440 5251.3224015194
83.1140024700 866.7178322294 522.0610756532 17.5391436117 5258.1025845526
83.1064669259 865.7063655328 522.6859479477 17.5431095039 5259.2915285007
82.7156412677 816.6172749728 549.2767903220 17.7294328620 5315.1498544647
82.6019084006 802.7208697935 555.5739852799 17.7803269979 5330.4075255456
81.8774549490 740.5386774839 577.8962500126 18.0008696544 5396.5245415174
81.8305670329 737.3968332184 578.7846851294 18.0117618139 5399.7899270741
79.8856443902 599.6106384723 597.1313443758 18.4770103989 5539.2679978327
79.6717472321 584.9246741905 596.8089421371 18.5260165807 5553.9596747206
79.6320891692 582.2083584741 596.7028167655 18.5350851270 5556.6783550654
79.2202392584 553.9042062628 594.6841896414 18.6297630315 5585.0620659087
79.2027904654 552.7242659449 594.5639944011 18.6337196875 5586.2482409029
79.1777660836 551.0481077555 594.3885059396 18.6393419340 5587.9337471072
78.9876102043 538.6123128169 592.9052222355 18.6811232224 5600.4594562822
76.9138835172 416.2853520336 560.8826519182 19.1039963337 5727.2336628618
75.9654965501 364.8383558477 536.7506727691 19.2936734707 5784.0974265884
75.7101186571 351.2141516059 529.1017562319 19.3458002601 5799.7246377362
74.8006319311 304.6474000957 498.4131175221 19.5319485380 5855.5304759522
74.3556022992 282.3111000665 480.8158397783 19.6268232970 5883.9732022603
73.3049973034 236.1546761223 436.9616084198 19.8393735293 5947.6941490424
73.2177186748 232.6792511459 433.1694781510 19.8565340148 5952.8387305288
71.5812914763 175.0899728404 355.4748565185 20.1797321945 6049.7311146626
71.2394468480 165.6941467875 339.1081492314 20.2426961702 6068.6072313890
71.0179521524 159.7568505846 327.9733862024 20.2847955792 6081.2283107014
70.9764648959 158.6428242041 325.8081579785 20.2929190866 6083.6636756265
70.6725883289 150.8008809915 309.7987170169 20.3523946819 6101.4940025952
70.4157526506 144.7793235171 296.4113172251 20.4013690713 6116.1761483445
70.0215571626 136.1386341837 275.1245806315 20.4780176832 6139.1548145247
69.0254171139 118.7379227772 219.7900866812 20.6716408039 6197.2015546376
68.6365518135 113.5011706913 196.6767909231 20.7507102883 6220.9059799365
68.5724818489 112.7454680823 192.8557548172 20.7637045723 6224.8015662546
67.1404983184 103.7777423523 107.9030198986 21.0490563650 6310.3478812891
66.8533747923 103.7506169564 90.6876945340 21.1064914456 6327.5664775176
66.2799097701 105.3252137702 58.1531291682 21.2151795125 6360.1503285854
65.8079563780 108.1870638751 31.6764350915 21.3040358023 6386.7887636078
65.2724539595 113.0390315771 2.4749870755 21.4028072249 6416.3996800077
64.3147987778 125.7963640864 -48.2123216764 21.5772641244 6468.7005306522
63.9379969059 132.2587509875 -67.7818146691 21.6460245091 6489.3143664935
63.5166151340 140.2724109472 -88.9246512834 21.7214647602 6511.9307753474
63.5051728999 140.5014021203 -89.4883761678 21.7234947221 6512.5393422750
63.4775232162 141.0592883240 -90.8541618377 21.7284167718 6514.0149348615
63.2618169648 145.6112782672 -101.5776349639 21.7672834648 6525.6668706737
63.1916091985 147.1490255443 -105.0454782968 21.7799394138 6529.4610267738
62.8119292566 156.0377012977 -123.8255874876 21.8492618807 6550.2433705475
62.8019779041 156.2800509209 -124.3104983600 21.8510704358 6550.7855614298
62.7187808661 158.3313029037 -128.3628513831 21.8662233166 6555.3282784549
62.6847566416 159.1851361411 -130.0236382321 21.8724533891 6557.1960061944
61.5350669138 191.5780892488 -184.0927335438 22.0828672153 6620.2764743072
58.9431697932 286.5482098788 -287.1930951924 22.5520993953 6760.9487988497
58.8748489849 289.5481472519 -289.6270427600 22.5649874396 6764.8125353038
58.3032803036 315.4314738779 -309.1204089376 22.6731064209 6797.2257787805
58.2131634965 319.6491152177 -312.0550946642 22.6902482634 6802.3647712077
57.5799161131 352.5729042923 -332.8946400011 22.8202681541 6841.3437414030
57.3188842091 367.2264468274 -341.0741946431 22.8762556569 6858.1283648475
57.0726144363 381.8125564146 -348.5983835301 22.9310101747 6874.5433488360
56.5666305777 414.0464335370 -363.1500599045 23.0490177044 6909.9211041150
55.6317235995 476.5934347508 -384.0296810514 23.2691435897 6975.9131751217
54.5161480679 548.8132396074 -397.3625310495 23.5143732474 7049.4311705377
54.0825457137 577.0910141115 -399.6079308533 23.6090191065 7077.8052743096
53.4730239197 615.7159570043 -400.0713216896 23.7379162480 7116.4476527752
53.3400657018 623.9386647454 -399.7777881559 23.7653656461 7124.6767711635
53.0957524078 639.4548959320 -398.8573900593 23.8172215189 7140.2227635506
53.0274888256 643.8716094672 -398.5103943041 23.8320012942 7144.6536264039
52.8552671166 654.8120163111 -397.4773097692 23.8686622540 7155.6443003147
51.1155867731 761.4148419943 -374.3283487422 24.2332717370 7264.9514916555
50.7574095306 783.5497202331 -366.3419434692 24.3117822148 7288.4883309973
50.5634816150 796.0627335121 -361.2870650789 24.3568042412 7301.9855885647
49.7878282120 843.7563168517 -338.2233681738 24.5336161458 7354.9924519550
49.0358800262 885.1923090823 -312.6756118731 24.6960771503 7403.6970233524
48.7099964686 902.3674034445 -300.3446308294 24.7666170220 7424.8443357836
48.2189665960 927.1587181310 -280.4485462539 24.8726807686 7456.6414354621
47.0526575156 982.0983997129 -225.4093565328 25.1323762551 7534.4961791982
46.8475086377 991.2414488002 -214.3945166884 25.1801326208 7548.8131707454
45.6080381679 1041.3193044679 -139.3144030699 25.4815987431 7639.1904433106
44.2935227662 1078.1424495305 -52.9969153077 25.7951466003 7733.1897314371
44.1829243255 1080.4428657809 -45.5867534788 25.8210308341 7740.9496256080
43.6810385910 1089.3429804748 -11.8457496203 25.9374644463 7775.8555323288
43.2979929910 1094.6695743872 15.1100588695 26.0291382343 7803.3386317762
42.0333388293 1101.6219540466 107.5590760717 26.3388560757 7896.1897092308
40.4217355834 1084.8696378893 226.4359239777 26.7402890613 8016.5363205321
39.5600874459 1064.6819356863 286.7409203675 26.9525815220 8080.1799892204
39.5000068295 1063.0103424413 290.7941202842 26.9672076089 8084.5647774768
39.2823479103 1056.4344001358 305.8485782600 27.0220127098 8100.9949258500
38.8328949077 1041.5403629685 335.7671144161 27.1335232502 8134.4249329733
38.4490285463 1027.4628287822 360.1397295420 27.2274301754 8162.5775099608
38.3395890282 1023.3191111161 366.7547960596 27.2534701331 8170.3840889440
38.2554535777 1020.1528802552 371.6617400563 27.2729517040 8176.2245139484
37.8409766313 1004.1610499093 394.6962320965 27.3665107321 8204.2727940537
37.5218358431 990.6963414287 412.1498661523 27.4400543655 8226.3206112753
37.1586740696 974.2403330484 431.5065725219 27.5248189471 8251.7323832349
37.0294010594 968.1408656883 438.1994146599 27.5550275056 8260.7886767310
36.4256200143 938.2011423788 467.8533212137 27.6956461446 8302.9450715254
35.1480191839 863.9997986468 523.7209200970 28.0059332120 8395.9667987515
34.9510728441 851.1829632319 531.3659296645 28.0557194290 8410.8923241626
34.6238721662 830.2630856926 542.7813545916 28.1352276006 8434.7282644621
33.3006186993 744.7386168199 577.1508229622 28.4431724354 8527.0478075182
32.1367838284 669.5490558351 593.3961105806 28.7000360064 8604.0535639459
31.9828386489 659.2712184881 594.6814733206 28.7345907512 8614.4128107243
30.3204470228 545.2226251397 594.1113170708 29.1160805672 8728.7806037346
29.4046211014 482.7437360273 582.3619152855 29.3283078790 8792.4047412481
29.0403986407 458.9735565063 575.6464657047 29.4107178148 8817.1106083310
28.8027144987 443.6336426922 570.6109554567 29.4645808389 8833.2583292656
28.3190284284 412.6731405695 558.7206975176 29.5752396925 8866.4330071167
28.1358083001 400.7080249587 553.4935763187 29.6187988986 8879.4917223373
28.0324742365 393.9847164501 550.3931973844 29.6434977131 8886.8962368687
27.1717225810 340.3875732040 521.0432756457 29.8474775185 8948.0478334979
25.8945955963 275.1618878947 471.9836400572 30.1200634885 9029.7670489654
25.4320635543 253.5183318819 451.5151843281 30.2194556614 9059.5640614958
24.6245652089 217.9009650259 411.4640874777 30.3983606477 9113.1984150403
23.8649718856 187.0865340497 368.1515263194 30.5757700297 9166.3843976187
23.8266295390 185.6858818264 365.9297583611 30.5845317689 9169.0110995662
22.8497255077 152.2392177341 302.8927999498 30.8227956925 9240.4408195189
22.5077753003 142.6481382684 279.5457322440 30.9070053165 9265.6862194120
22.3075600114 137.3893579802 265.0694500786 30.9583870792 9281.0900771614
20.4935801372 111.2276927681 134.8171180805 31.4029496846 9414.3666393558
19.9290817834 110.2880205294 94.1746745760 31.5386062181 9455.0354323591
19.7570474110 110.6373709787 82.3754574759 31.5779865163 9466.8413430064
19.3371788125 112.6313030843 54.1495709669 31.6723973131 9495.1449768436
18.0050916423 130.7454444104 -38.0713428811 31.9863822073 9589.2752854712
17.2766729630 147.4230624141 -85.4909194202 32.1541415696 9639.5682646183
16.9366377583 156.6117956668 -106.5581208941 32.2308213342 9662.5562700472
15.3490511478 207.8316836642 -192.9091619664 32.5663391410 9763.1419885384
14.6073848419 235.2443331197 -226.7173283102 32.7115936077 9806.6881694229
14.5984889810 235.5825995954 -227.0987767782 32.7132944790 9807.1980775533
12.0991508299 341.9996181230 -317.4486122213 33.1805638809 9947.2819756561
10.0342097490 442.3854531363 -365.9630554985 33.5533170775 10059.0305934743
9.7130194564 456.8561467045 -370.7933944641 33.6042176634 10074.2901980723
9.3774418955 472.3352547039 -375.4169041764 33.6581184757 10090.4492475894
9.0840776700 486.1345007537 -379.0853959611 33.7057584801 10104.7313548057
8.2603366774 526.6322856935 -387.4128483625 33.8437424375 10146.0978918398
7.5200823020 564.3911905856 -392.0606654293 33.9706958486 10184.1575545014
7.3122252019 575.2315544938 -392.8536217094 34.0069594577 10195.0291056372
6.0962695594 637.7456302071 -392.7717248387 34.2156611882 10257.5963001006
5.9851641349 643.2172338474 -392.3881196376 34.2339611621 10263.0824913811
5.7232049295 655.9563752334 -391.2551454017 34.2766323205 10275.8749766709
5.0335953775 689.4710461834 -386.6766088154 34.3895077168 10309.7141571265
4.7018894067 705.4233499795 -383.6847264822 34.4436601417 10325.9486381558
2.1115337428 821.3336281862 -344.4752152881 34.8529848004 10448.6611165959
2.0650540746 823.3228215321 -343.5085106018 34.8603637191 10450.8732595668
0.5889664745 885.3231731417 -307.4505080187 35.0998603223 10522.6725276666
-0.2693514594 918.5118203856 -282.6651588982 35.2381037305 10564.1168460744
-0.7307530346 934.3006397166 -269.2426353879 35.3072517496 10584.8468916370
-1.1869035896 948.6490226887 -256.0240557760 35.3723483645 10604.3623571380
-1.4819276367 957.5584368219 -247.2775463498 35.4140069675 10616.8512860658
-2.6480542578 989.5079193378 -211.9241399060 35.5730585265 10664.5337312101
-2.8428871903 994.4388408284 -205.8234056071 35.5992325982 10672.3805164982
-3.4723282520 1009.5362868872 -185.8518812645 35.6827774347 10697.4266180509
-3.6805479789 1014.3084737295 -179.0737147904 35.7104375678 10705.7189131421
-5.3254434050 1047.1048999452 -124.4223390235 35.9232628558 10769.5223193468
-5.4876510062 1049.8393017237 -119.0415209041 35.9434033171 10775.5602746102
-6.8584346132 1069.9457352632 -73.2659876239 36.1103032846 10825.5956135927
-7.2194115473 1074.3786230799 -61.0936426324 36.1535328272 10838.5554981455
-8.4533882719 1086.7902952705 -19.7859483844 36.2975144425 10881.7200877240
-9.1016167503 1091.7375406318 1.8111013088 36.3714579217 10903.8877755926
-9.4214112412 1093.8148853627 12.5035050092 36.4078071349 10914.7849901729
-9.7943499266 1095.9218963174 24.9457945874 36.4499207967 10927.4103422512
-10.7530231361 1099.8528616606 57.1147626655 36.5580912146 10959.8390058537
-11.2925141252 1101.1390770432 75.3695325984 36.6191633611 10978.1479664694
-11.7331195624 1101.6938240344 90.2518297330 36.6688632861 10993.0476221236
-11.8599735462 1101.7727385975 94.5405054524 36.6831774923 10997.3389109139
-13.6225817340 1098.9341877528 154.8551638671 36.8847997316 11057.7837267271
-13.7980438351 1098.2550159064 160.7803908821 36.9047023148 11063.7503679781
-15.9041663252 1084.6481740801 230.7523094283 37.1427796496 11135.1241499441
-16.0151614835 1083.6532597694 234.3764177420 37.1553211358 11138.8839909017
-20.2570928539 1025.1206440279 366.2888058344 37.6385937346 11283.7655343085
-20.8105439970 1014.5434071434 382.3076437541 37.7026554932 11302.9707577780
-23.9315408042 943.9311382492 463.9619653717 38.0636228555 11411.1860680418
-25.5755355405 899.6448965650 500.4598625157 38.2552399395 11468.6314131141
-29.2905736629 777.0194671597 565.6871807527 38.7202434992 11608.0360282229
-29.9295316019 754.2234610765 573.3274352712 38.8004752235 11632.0888839981
-30.8627765892 720.4834441407 582.4448134370 38.9171222308 11667.0587648021
-34.4260534507 589.3142690332 594.8217128235 39.3581167874 11799.2656518491
-34.5078009245 586.3462012031 594.6924543589 39.3680303498 11802.2376614977
-34.8583274115 573.6856789303 593.9375574547 39.4103537803 11814.9259005917
-35.9754779922 533.5206101579 589.3544408790 39.5452901781 11855.3788022380
-37.1364144227 492.5872451500 581.2236053835 39.6845897106 11897.1397387030
-38.6661005830 440.0233222551 565.2781724270 39.8679812453 11952.1191256724
-39.4485254794 414.2061419470 554.9955053034 39.9607269867 11979.9235884686
-41.6077600163 346.8022089802 519.5190927613 40.2151604287 12056.2008101080
-48.1904431990 186.4359729023 355.8809259778 40.9867010536 12287.5031280110
-48.4121230988 182.3739769962 348.9992422555 41.0133670256 12295.4973812173
-48.6587627749 178.0057734778 341.2957841736 41.0429185671 12304.3567059842
-49.2711483511 167.7179342705 321.7568034328 41.1166107436 12326.4490551844
-49.9718469056 156.7835288201 298.2835591283 41.2030291398 12352.3566280239
-49.9882085825 156.5421886813 297.7279639430 41.2050504370 12352.9625973498
-50.7793978307 145.6066557833 270.2956472943 41.3036075535 12382.5092661800
-51.4497389630 137.5611326281 246.3243600512 41.3879899759 12407.8064695899
-53.7363152807 119.2910882559 159.4323232134 41.6846785330 12496.7514632387
-54.3560537540 117.7267316483 133.4716940926 41.7715048512 12522.7812872008
-55.5993285797 124.2829815741 79.3891564303 41.9537150822 12577.4064818829
-56.3649959034 135.6541702958 45.4465705628 42.0732824477 12613.2518163175
-57.7316674699 176.2446254646 -17.6193774538 42.3247069969 12688.6269720729
-57.9957947150 187.3780337438 -28.9692812872 42.3777597979 12704.5317655909
-58.5212291310 210.5939736140 -48.2236150085 42.4784583649 12734.7203806621
-60.2730985250 313.3985509124 -88.7569452122 42.8508658755 12846.3654449196
-61.5586898561 389.1359430189 -85.6665910812 43.1048576623 12922.5102408600
-64.0356619073 506.0632577668 -19.4555942893 43.5603352304 13059.0592283067
-65.2473675573 548.4667960872 45.1680591243 43.8193559624 13136.7116675920
-65.3738271709 551.7187230374 52.9895731395 43.8476159933 13145.1837907635
-65.4996407604 554.5090494791 60.4723768584 43.8742597159 13153.1713579736
-66.2794275171 565.6592272521 108.2087948515 44.0381330974 13202.2993002634
-66.9969591917 566.1488809066 156.8657204744 44.2007921272 13251.0631889770
-67.4508172021 563.5088366783 176.4215893054 44.2666511974 13270.8071986934
-67.7052495753 561.3331530042 186.9786390613 44.3026200916 13281.5903758334
-68.6337377942 549.9603033900 222.2310745021 44.4263686216 13318.6891909720
-69.4489855536 535.0789441230 251.5796485748 44.5362692698 13351.6365181107
-69.7818621734 527.6883063001 263.0033625910 44.5816746857 13365.2486874671
-70.2094633565 516.6742961425 277.6350337607 44.6427936456 13383.5716502081
-70.2294391229 516.1352422247 278.2918902541 44.6456288290 13384.4216145300
-70.4306541196 510.5674034087 284.7975204172 44.6742013536 13392.9874207104
-70.8976619200 496.5306748555 299.1972802349 44.7413214691 13413.1094813030
-71.1620552443 488.0101013771 306.7708732004 44.7793620495 13424.5137327679
-71.3723895346 480.6340570146 312.7304608986 44.8110034562 13433.9995643552
-73.0354328294 417.6127690255 346.8701906433 45.0512076903 13506.0109467923
-73.3205367081 405.6595450020 350.6715629093 45.0930634929 13518.5589706945
-74.0074189458 377.6196704167 356.8277800958 45.1889156459 13547.2946681114
-74.9233640422 340.9565324322 359.2922237393 45.3116775712 13584.0977060547
-74.9786278460 338.7387554085 359.2444409420 45.3190793339 13586.3166927016
-75.6808469786 310.6095461225 356.7192277458 45.4133764209 13614.5861934802
-76.5263915009 277.1552994619 348.9152130169 45.5280993996 13648.9792172337
-79.3023694238 183.6453304860 290.8042791351 45.8995054034 13760.3240374471
-81.5655824977 138.2557147842 221.2593754824 46.1782900347 13843.9015600044
-83.1004772999 124.0644365499 170.1343159057 46.3557598283 13897.1056052281
-83.3647060166 122.9301748643 161.3400426000 46.3853531288 13905.9774313344
-84.9853254265 124.1281950657 104.1139244028 46.5768639200 13963.3908650350
-85.6534548398 129.0388905571 80.4542604650 46.6575398005 13987.5768352196
-89.4606636636 210.9161807205 -40.5604795769 47.1543256697 14136.5098384503
-89.9593564433 229.8523777809 -53.2838944295 47.2304759924 14159.3390823676
-90.2199893169 239.8177219560 -58.9066817863 47.2686576238 14170.7856194131
-90.9828567378 268.8956220818 -71.7719585672 47.3748400712 14202.6182575855
-93.6277036877 368.5076035340 -83.2764221518 47.7124778984 14303.8395872186
-94.7464802252 409.9790515256 -74.4040550861 47.8542111005 14346.3300684066
-95.2603270134 427.9993421503 -67.8133626512 47.9182573734 14365.5306150868
-96.0957435229 457.0092570466 -53.1671426824 48.0267910619 14398.0681369654
-96.1790099064 459.7127503525 -51.5155281793 48.0373623829 14401.2373308409
-98.1916408540 514.9082935534 -3.0709033052 48.2834792572 14475.0212814097
-99.1707066611 535.3740036053 26.7943720744 48.4044229958 14511.2792401947
-107.0524270120 519.7785987344 269.3743623293 49.2641560079 14769.0224185970
-107.0956708378 518.9903512517 270.4083822233 49.2684954389 14770.3233437279
-108.1636793431 497.7521907175 294.3799102727 49.3754660724 14802.3922737671
-111.0692966004 427.4817768278 340.5406177839 49.6578634823 14887.0528831993
-111.1375543414 425.6570726021 341.2797105841 49.6644343615 14889.0227778661
-117.5324877627 255.5267069242 339.0003761371 50.2470832722 15063.6971084986
-118.5057622902 233.4597440852 327.9439503434 50.3295212289 15088.4113348484
-119.0403077152 222.1772435449 321.0183762473 50.3737232875 15101.6627466454
-121.3283489984 178.0960293086 282.7882809346 50.5691055809 15160.2368280277
-121.5823604494 173.6844535937 277.6241850869 50.5917775682 15167.0337012217
-122.0611007387 165.8361110999 267.5626738934 50.6343783607 15179.8050664921
-122.4015597554 160.5965579942 260.1110086126 50.6647872619 15188.9214026889
-122.7685684120 155.2984158548 251.8439374358 50.6975655386 15198.7480581408
-123.5683634075 145.2125318853 233.3445315610 50.7679283422 15219.8422498527
-123.6221149305 144.6603637500 232.1886704454 50.7722050025 15221.1243568388
-125.9631780429 127.2505114407 178.5505334647 50.9610035183 15277.7246693701
-126.2575086630 126.0970374040 171.8463218639 50.9837171631 15284.5340310978
-130.9643440784 136.8089751482 62.1663429821 51.3555599912 15396.0098103243
-131.0355958695 137.3985109950 60.5730622759 51.3612317611 15397.7101594865
-131.5290355660 141.8393929165 49.6176110004 51.4007024400 15409.5431421842
-137.0384180292 228.2301556164 -49.8683471749 51.8474195735 15543.4658073357
-138.4412894318 258.4485936709 -65.3202009592 51.9608379529 15577.4677211351
-140.2934172003 300.5463448516 -78.1606983500 52.1080197374 15621.5916456503
-140.7913556584 314.7022878454 -80.4257568662 52.1558884987 15635.9423048916
-141.0540069563 328.3744194571 -81.5543469756 52.2016654361 15649.6658523401
-141.6428095459 354.0488760498 -81.3121610084 52.2873818177 15675.3629242601
-142.2223228892 379.9523647305 -78.0053162160 52.3745611894 15701.4985889983
-143.5022295354 430.1532301852 -62.0742354131 52.5507458714 15754.3173661391
-144.2743763925 457.4112282345 -47.2880737613 52.6543013406 15785.3624561490
-144.3306692414 459.4316288348 -45.9841584639 52.6623245653 15787.7677517955
-144.6944650757 472.0301363688 -37.1055732346 52.7137615379 15803.1881317399
-144.7348534649 473.4346060000 -36.0293826640 52.7196651384 15804.9579817740
-145.1920857138 489.3269799883 -22.4742054468 52.7893860834 15825.8597491891
-145.2170015297 490.2109393107 -21.6382785097 52.7934451498 15827.0766233147
-145.2379809047 490.9607684335 -20.9218619680 52.7969051352 15828.1138980097
-147.8629574690 552.6691743691 87.4308033931 53.2188283901 15954.6034970330
-149.4974987109 557.0757836409 161.3907317926 53.4672326769 16029.0731978227
-151.5093056209 525.0678579841 253.6767305053 53.7958429741 16127.5881313441
-152.0417808645 509.6728730791 275.3577349809 53.8846180112 16154.2021638257
-152.7031506780 486.8499562005 299.5860792987 53.9957794517 16187.5274647034
-153.3252215342 460.9236100507 319.9053769905 54.1057677373 16220.5010628027
-153.4673343709 454.4017174842 324.1155626696 54.1316671702 16228.2654974000
-153.5103592694 452.5362657442 325.2595921401 54.1389680587 16230.4542426697
-153.6209342652 447.8045419783 328.0494923037 54.1572948547 16235.9484633746
-154.8954207944 386.7494242145 351.7974677618 54.3766763105 16301.7173216548
-157.7662010569 247.0748916451 337.1022791725 54.8538054274 16444.7573373615
-158.0428972568 234.4522295040 330.8579966324 54.9007975703 16458.8451933865
-159.4422352259 181.0405581815 290.9148956866 55.1241353009 16525.8001148765
-160.6118016810 148.2316394416 248.0979886157 55.3045426462 16579.8848152096
-161.8678865027 126.0862756644 195.9562150774 55.4940993265 16636.7124194328
-162.2155904703 122.4404062816 180.8339411885 55.5460113543 16652.2752169084
-162.8504280644 122.8754049566 148.3787826832 55.6552141050 16685.0132115280
-163.7600519996 164.5496990481 95.9524723874 55.8862349641 16754.2725031889
-163.8108969136 171.0460643087 93.1376381273 55.9098587644 16761.3546084576
-164.0725607548 213.9189778005 89.9397205727 56.0553920683 16804.9844238412
-164.0161765560 254.0416867140 112.4636787564 56.2114571614 16851.7716702815
-163.8367551959 274.4424673416 171.9638806280 56.4277271332 16916.6085453017
-163.8345584995 273.5204192196 178.8361942893 56.4508623198 16923.5441697754
-163.9059063053 267.5496426902 197.6285543356 56.5168256283 16943.3192357209
-164.2843254458 237.6725270346 231.0899638470 56.6687786458 16988.8736805444
-164.2924679956 236.7287834012 231.6544758367 56.6724470570 16989.9734185149
-164.5070074529 197.6415846598 242.1527721906 56.8092093561 17030.9736941362
-164.6443152736 181.4922591154 240.4022765620 56.8635101087 17047.2524251426
-164.7126497730 173.2691361313 238.1554488520 56.8919575851 17055.7806110385
-164.3319624546 120.7545190554 170.9753520126 57.1930826287 17146.0579181848
-163.9600837824 136.6926852239 117.9328170803 57.3820228467 17202.7011985859
-162.8394576160 203.9138467062 88.8353890855 57.6372150410 17279.2072786102
-162.4419242373 234.0091647399 97.8937081958 57.7427386768 17310.8422880379
-162.4141777722 235.4914272112 98.7210633843 57.7484019830 17312.5400678075
-162.3770554293 237.4051283885 99.8498831497 57.7558145134 17314.7622410932
-161.0594727388 262.0410927421 205.9884346911 58.1619377276 17436.5200521430
-160.8517936500 253.8329656952 216.5220315332 58.2065368574 17449.8903284586
-160.7296174258 245.2535075275 224.3866986753 58.2454025442 17461.5417776577
-160.4961455075 222.5707506788 236.6201569595 58.3318351573 17487.4533959108
-160.1775096348 188.2858618606 239.7525363863 58.4477778705 17522.2120054545
-159.1820442555 123.4386783817 173.7509356611 58.7808426648 17622.0653788752
-158.7618635200 127.5541037208 137.5244048966 58.9035948238 17658.8654404619
-158.7445830493 128.4561712485 135.1839991282 58.9119622553 17661.3738798692
-158.5809021885 167.2401925844 94.6431989181 59.1038284306 17718.8943770418
-158.4850962405 181.5698425603 89.6926771906 59.1544691752 17734.0758695035
-158.5351429143 270.7826034216 135.1639305718 59.5168112503 17842.7071384567
-158.5076445934 275.7632066076 153.7558651578 59.5811962682 17862.0090425720
-158.5035706152 276.2830034994 158.6666162169 59.5976720280 17866.9482520148
-158.7533639058 263.8630507270 206.5798492811 59.7657167347 17917.3270032494
-158.8999560300 209.6602900068 240.5333025687 59.9852598328 17983.1451948056
-158.8931947531 204.0123460466 241.0590718288 60.0041851256 17988.8187430864
-157.2109668621 129.2267476680 134.6543299154 60.5219963824 18144.0640532526
-157.0383560924 138.6382099236 118.0365046034 60.5858694847 18163.2124882900
-156.5754304406 166.7718087743 94.7342602506 60.7087890069 18200.0627241521
-156.5292304505 169.8281337651 93.3310061148 60.7200088840 18203.4262880598
-155.6649941165 254.0471309412 110.1170963151 61.0253961689 18294.9815153014
-153.8870168811 242.9316084211 226.9596613715 61.4696031169 18428.1579220655
-153.3505143914 223.7580535934 236.6855924911 61.5415814743 18449.7362483434
-152.3641411340 180.2527903485 238.1073936950 61.6890729088 18493.9531115779
-152.1993779817 173.8288931073 236.1417886336 61.7114951898 18500.6750127981
-149.5736915957 131.9756844564 199.6076391138 61.9012118002 18557.5510667952
-149.2743454363 129.2960873960 193.8940391723 61.9222931159 18563.8709629710
-148.0474297735 123.6583139201 169.7239164690 62.0055968056 18588.8445456855
-142.2756438511 179.1214002375 90.8368910423 62.3537626239 18693.2255317022
-138.4919183596 257.2484646346 113.9654538468 62.6401842189 18779.0945865731
-135.5947126816 272.5728793600 185.9778347061 62.8975626094 18856.2561407333
-134.8565777726 264.0747549464 204.3731110415 62.9654182902 18876.5985187779
-133.6607341694 244.9942995070 224.9049136137 63.0594975076 18904.8025415337
-125.2099417630 127.2493340525 134.5559905991 63.7173541441 19102.0395711593
-123.9077430449 142.5868851635 110.2354641113 63.8140099306 19131.0160355616
-121.7439550375 186.7671689128 87.1413162859 63.9837308425 19181.8973198719
-121.2041005805 199.1377084727 86.3139735278 64.0251654565 19194.3189020277
-118.9045107479 244.5583037889 102.0825516121 64.1883009648 19243.2258704962
-118.1688838180 256.8419697898 113.9808102224 64.2455037423 19260.3745959453
-113.7109080947 266.2580453748 196.5314193092 64.5383199566 19348.1608598412
-112.7695231132 257.3686027825 210.3688444664 64.5933977490 19364.6725334311
-112.7483467017 257.1340177809 210.6545670577 64.5946329378 19365.0428252319
-111.2035957668 235.7726726135 228.4167034382 64.6880285866 19393.0419163907
-107.6640318357 169.5198356904 231.6657854684 64.9180173646 19461.9918184497
-105.4009539008 136.4627669701 204.0247551093 65.0641392628 19505.7980953927
-103.1939286841 123.0468103699 164.7669408738 65.2043260025 19547.8250142216
-101.5019481852 128.0057204334 133.3330036040 65.3115140061 19579.9589886433
-99.9760498765 143.8599184342 108.1582391102 65.4114817432 19609.9283552346
-99.7927070541 146.4968385514 105.5095246785 65.4239648693 19613.6706218414
-96.1891203201 207.0077845509 84.9253433774 65.6440873692 19679.6625534062
-95.0842854011 228.2865154288 90.5128410349 65.7177974044 19701.7600155952
-93.5515714949 251.5787646116 106.3806727276 65.8125664718 19730.1708453003
-92.0998667920 266.8242537540 128.5299061366 65.9028546883 19757.2383398153
-90.5798799680 273.4682493084 156.6939946564 66.0001947289 19786.4199341572
-88.8021522567 268.4542151945 186.8819046551 66.1031219960 19817.2765533702
-86.3057798153 242.7320506167 220.3214751021 66.2461839305 19860.1654542323
-85.5502162634 230.4533324130 227.5771486803 66.2938870306 19874.4662587274
-85.3715366897 227.4747462892 228.8917744764 66.3047647177 19877.7272357538
-82.9361099127 179.7941494013 232.1272397947 66.4671778891 19926.4176515007
-82.0584493992 164.8855776584 226.4844735625 66.5205165913 19942.4079553004
-79.3950164612 128.0543972689 184.6797626130 66.7108971408 19999.4830784043
-73.2946722692 204.7015114053 85.7569705539 67.2066794834 20148.1237593607
-73.2476299575 205.9243935029 85.8439160335 67.2107720425 20149.3506492715
-72.1667180346 236.8808089398 95.4003218285 67.3198014690 20182.0366704072
-71.8902886758 243.2867025147 99.4919847429 67.3451829484 20189.6456974014
-71.3967844742 251.6838062035 106.4125197610 67.3815522722 20200.5487527650
-71.2672684465 253.6402357645 108.3435483145 67.3907323940 20203.3008225244
-70.5240135161 263.2691871529 120.4390731597 67.4424414865 20218.8025833244
-61.3012081790 196.0525791788 235.3239876134 67.9900596878 20382.9856708983
-60.2395465971 176.8523823304 231.8016275786 68.0554582803 20402.5914231695
-56.0768898150 126.2835642987 170.6484590226 68.3359518762 20486.6832699106
-50.4124351864 195.0385594476 86.3771020297 68.7415236265 20608.2760725394
-49.7738682882 213.4300517356 87.4030809495 68.8031537380 20626.7520645189
-48.1614233847 255.7831828665 111.5929153236 68.9692938996 20676.5598414212
-47.2964736970 269.8741770848 135.6437247184 69.0628021533 20704.5926821195
-46.4179436879 274.1597716649 172.1419201456 69.1868056838 20741.7678951843
-43.7122127009 207.3329232686 235.1266094844 69.5190539715 20841.3766637047
-43.6858990098 206.3711534028 235.1999284848 69.5222726909 20842.3415887506
-43.6757362506 205.9791409521 235.2262962957 69.5235837292 20842.7346187554
-43.2143641298 186.8919832910 234.0514624093 69.5875430329 20861.9088823197
-41.7426509401 130.9512848300 185.1696066402 69.8474617606 20939.8321320500
-41.6188939322 129.2864297864 179.5776317256 69.8669349697 20945.6699313888
-41.5094046546 128.2701620754 175.0205427937 69.8825163102 20950.3409990936
-41.1627996829 127.0209184167 158.7308049315 69.9371382966 20966.7160152156
-40.8873321548 128.0778021367 148.4306786445 69.9717137106 20977.0812738262
-40.8526217195 128.3300032788 147.0651806470 69.9763471953 20978.4703250092
-39.4653170237 168.7619826917 94.7397954298 70.2054513585 21047.1550575122
-39.1727628984 206.1471045443 87.4869248416 70.3338870172 21085.6590135524
-38.2579357717 262.0630335764 119.0536780722 70.5550899313 21151.9748874834
-38.2391527363 263.1003976082 120.5715359497 70.5612230623 21153.8135111605
-38.0366211266 271.3961696203 137.0892187775 70.6230191036 21172.3392448160
-37.8966015490 275.1886091399 154.0293554674 70.6810541512 21189.7374648588
-37.7273208935 271.8675690686 184.6781419382 70.7846433896 21220.7925351608
-37.6120211395 268.5138460888 193.0748732724 70.8148278097 21229.8414233535
-37.5903498960 267.8334707987 194.4767241740 70.8200262257 21231.3998327080
-37.5289992634 265.6640501705 198.5261153426 70.8353534693 21235.9947249508
-37.1784084675 231.5844696052 229.1900972453 70.9908441748 21282.6097788051
-39.3289395680 149.8337326774 215.5654724113 71.2843643416 21370.6072188085
-40.0992980153 135.7164814927 196.4250872321 71.3641230796 21394.5180324500
-40.8251093910 128.1206613772 171.1706754636 71.4526600662 21421.0605109338
-41.7963919081 135.4459456523 129.7351516217 71.5952275442 21463.8011741234
-42.9306883967 168.5727761799 97.0173493190 71.7535639353 21511.2693689601
-43.1456902856 176.8339638350 93.5443027526 71.7834879349 21520.2401850226
-45.2083220692 255.5983777814 112.5586216150 72.0685499766 21605.7017630187
-46.0861719847 273.9001587928 147.9380165237 72.2032681622 21646.0892120981
-47.5604410863 237.1701999384 226.6154926194 72.5141725295 21739.2987394379
-47.9597315604 213.4501941175 234.6055040953 72.5981220939 21764.4659342852
-51.0583375037 128.4498983001 166.5038194237 73.0067188034 21886.9658402177
-51.5399748903 129.3681558846 149.4235570842 73.0639266243 21904.1160616362
-52.1191599066 136.6208908703 128.1657987644 73.1392020000 21926.6827912047
-54.9638352672 231.8028512258 95.6940911159 73.5116840934 22038.3546158909
-55.3526275393 245.2792675478 103.6830531099 73.5640607897 22054.0565101402
-56.2101166568 270.0502183895 135.7035939207 73.7007072635 22095.0220582416
-57.0442674093 271.7150431198 184.8725657296 73.8682752100 22145.2578946488
-57.7100469611 190.6551050679 234.7251653035 74.2150271582 22249.2152507035
-57.9709523340 159.1057577464 221.4697761809 74.3303694020 22283.7938274464
-58.1722831266 144.2250693730 207.0254807762 74.3997464170 22304.5922705281
-58.5236418650 129.1587363188 169.7782576869 74.5353225759 22345.2369388039
-60.2537430167 184.0514470800 90.4331383490 74.8842726366 22449.8533465710
-60.8750344988 221.6455098739 90.6244562244 75.0111766559 22487.8981173748
-61.2212789931 242.6880399915 100.0489755563 75.0883908880 22511.0461003727
-61.3935772450 253.4209901598 108.5619737013 75.1341509183 22524.7643814101
-63.0937049218 272.9259491907 183.9389335460 75.4072966993 22606.6533251505
-63.5077089389 265.7814404748 199.7923436672 75.4654442690 22624.0852718588
-64.7801574371 210.9890591167 234.7783963147 75.6899186340 22691.3819799708
-65.3912690794 187.3873133410 233.3768620261 75.7691919804 22715.1472704959
-67.4126829122 135.2190211117 189.2087028949 76.0057316097 22786.0612593939
-68.1738262159 131.1301739009 150.6896845110 76.1366991010 22825.3242529515
-68.2642024738 132.1371539112 145.7104115687 76.1536511848 22830.4062478633
-68.5265137645 136.2813820147 133.3092130798 76.1973237558 22843.4987287307
-69.3055035569 167.3209701211 99.1298025420 76.3541667756 22890.5192115801
-69.7656577717 189.4837951537 91.1036123669 76.4331930469 22914.2104297533
-69.9016973322 195.9143367487 90.1427973972 76.4548927984 22920.7157135050
-70.5434706027 221.0448507364 91.9376979104 76.5394151585 22946.0546238699
-72.5533753535 274.9020127600 145.8307430682 76.8062704628 23026.0576120472
-73.2398188175 276.2894244662 172.5988639258 76.8961574040 23053.0047924662
-77.9099320467 175.1559383581 230.1711640386 77.3446609613 23187.4701134462
-78.3199240996 164.2062794430 224.1084305253 77.3864767414 23200.0059467257
-79.3015223276 143.4657192321 202.4457028454 77.4873673870 23230.2519831457
-79.3675294772 142.4593628029 200.8050145949 77.4937917543 23232.1779137155
-81.0652242456 132.2788587631 158.4029494081 77.6414994654 23276.4596210983
-81.0897317793 132.3261965279 157.7877260953 77.6435593733 23277.0771506098
-81.9628439501 138.1900524139 134.5236960884 77.7240307728 23301.2016072850
-83.7850286387 178.8865889240 96.1902579203 77.9159380275 23358.7344727401
-84.5378349779 202.3947900882 91.6920552992 77.9962377446 23382.8074564053
-84.7874035517 213.9395104333 93.6273803917 78.0355496446 23394.5917643542
-87.5924758283 188.2334466457 150.2209420839 78.3882466523 23500.3477414124
-89.7265003542 221.7866726586 93.5496817902 78.7237013519 23600.9320924238
-90.3260403295 228.7328746832 98.7338131197 78.7527757257 23609.6474356836
-90.4860168265 230.4741422940 100.5779098329 78.7612561283 23612.1894743593
-92.5556872532 236.6022985357 129.9853039723 78.8665386177 23643.7512487873
-93.7986925126 229.0605157663 142.9976336926 78.9172868872 23658.9638724891
-93.8514483853 228.6233488067 143.4257720373 78.9193358620 23659.5780578583
-94.4109399770 223.4999590801 147.4173009693 78.9411139889 23666.1062272380
-103.0878662143 215.7572941395 89.0507221837 79.3558273644 23790.4662659866
-103.6392244884 224.3279236660 92.6659734500 79.3870057598 23799.8123183331
-106.1039401673 238.8181403734 123.7721855957 79.5092286572 23836.4530966128
-118.3954953906 189.2756577297 93.6990940752 79.9221779524 23960.2840908372
-119.2439394295 197.0398731657 89.7252655096 79.9515310476 23969.0829702952
-124.6620326777 237.2292695084 126.8365220565 80.1751885193 24036.1389742172
-129.1722319687 194.3917089281 146.8833692546 80.3539680319 24089.7375634606
-133.7823626035 181.6979490279 100.8828557271 80.5369524959 24144.5970334374
-133.8511759214 182.1204908833 100.2884973198 80.5393961591 24145.3295261937
-136.7815309573 207.0804360483 87.7470001589 80.6368971611 24174.5583123415
-137.2442035164 211.7125695443 88.0844629072 80.6524798730 24179.2293188327
-137.6294311286 215.6357038101 88.9250154531 80.6659337098 24183.2621744974
-139.4567286460 231.6342705475 99.8196151399 80.7319996130 24203.0667660064
-142.7421542837 232.7611400953 135.6270516208 80.8604584404 24241.5772140519
-150.3794979308 178.0186293210 125.7570587045 81.1001339861 24313.4368410916
-151.1981594127 177.3587476920 118.2754439859 81.1254096422 24321.0134286166
-152.7054002424 181.0638441073 104.8108854013 81.1727314356 24335.1988308408
-157.2785377028 219.4738015117 90.3243138669 81.3223846792 24380.0640337578
-158.5773514631 230.7619101681 97.8644140730 81.3682950838 24393.8263297937
-161.4888500150 237.8970865939 126.5061776038 81.4719829292 24424.9099767025
-161.6283178592 237.4651886029 127.9455624232 81.4770184501 24426.4193850209
-161.7001877892 237.2218244504 128.6537283469 81.4795281648 24427.1716755886
-167.0327814972 187.4736002492 142.0815153012 81.6803063620 24487.3668530061
-169.2173460188 177.0462998390 121.3368994911 81.7600821461 24511.2815476838
-175.6910874728 220.8295977054 90.2319466602 81.9761737005 24576.0688120572
-176.0510720176 229.7612357896 95.6971981078 82.0112621101 24586.5869364371
-179.7377190371 176.3272280460 118.2170138829 82.4238341598 24710.3057275774
-181.7840337248 196.2244388687 88.3130896179 82.5510854313 24748.4541046609
-183.9565974336 233.8561435503 100.4616668983 82.6932513484 24791.0743373187
-184.2081826613 236.2000693511 104.9497495619 82.7101774313 24796.1480165793
-196.8565901982 236.6094030077 98.9976739900 83.3380939097 24984.4829764349
-198.3739217618 240.9899178693 115.0259078791 83.3943521215 25001.3473089042
-206.7520504333 192.3463965705 88.9343451008 83.8116622530 25126.4878812269
-208.5784911562 237.2715333080 99.9797719571 83.9866458652 25178.9483182848
-208.7324542311 239.6398336964 106.2787025208 84.0091364304 25185.6900085191
-208.8060694752 240.5021106629 110.9957369112 84.0251468050 25190.4891892000
-209.6939250523 229.1166722562 138.1844064179 84.1277576009 25221.2498888591
-210.3769214097 210.4439321537 144.8827499357 84.1950829642 25241.4319971453
-211.2200320147 181.9090319167 126.1339168482 84.3166680553 25277.8815069327
-211.2773851079 180.8652436314 123.2317117009 84.3269620805 25280.9671678128
-211.4273471214 179.6408884939 115.3675051282 84.3536129112 25288.9559538127
-211.8533616200 207.0465246639 83.8908053370 84.5059082471 25334.6133687716
-211.9271429527 210.0664398366 83.7204607432 84.5160067149 25337.6404009321
-213.2168804289 239.3010879247 124.0270910620 84.7076797759 25395.1053959184
-216.9851140721 190.3740041681 90.4813430255 85.0748932808 25505.2186116323
-218.5577637229 237.3063844447 98.7015833489 85.2578335074 25560.0649630061
-218.1226904970 238.7902198374 123.6581183081 85.3435291142 25585.7543343634
-217.7650553446 230.8085498726 136.9303742554 85.3958813463 25601.4476654320
-217.4342196149 221.6527308888 143.0179512596 85.4328272437 25612.5225494769
-215.5848352134 194.4526098923 87.8899712146 85.7370752563 25703.7490267283
-215.2797490142 205.5927635253 84.0992205099 85.7765556762 25715.5836847724
-214.5883692663 225.8761263897 88.5384414515 85.8471166930 25736.7357499201
-212.8892368255 235.7107485825 129.3915891515 86.0009071507 25782.8414782231
-209.8845104984 182.6909378071 106.3557320574 86.2901442263 25869.5657615841
-206.6078091386 237.0786653555 126.3364823838 86.6092035293 25965.2349006977
-206.5791473610 236.8837423633 126.8138012976 86.6109262562 25965.7512848006
-206.1386389805 232.5051145762 134.0374939741 86.6392595415 25974.2443695251
-205.5849769740 223.8787256250 141.1009470955 86.6767635699 25985.4865509635
-201.2334946014 216.5277237499 147.8866763864 87.3305614906 26181.5951037309
-200.9644755885 207.3514666218 148.4813040861 87.3614003974 26190.8392828069
-200.2523886196 180.8884488577 123.6265360492 87.4921486616 26230.0361126520
-199.6688133941 189.6765034974 96.8468846308 87.5895858647 26259.2456439137
-199.4559135690 197.2540615024 91.6779325978 87.6203392874 26268.4641957245
-199.1238989504 238.5503466806 111.5022484553 87.7957079098 26321.0401685377
-199.3563312796 235.8344574372 132.5697457711 87.8684243634 26342.8383902477
-200.1127913401 211.6736850436 149.0734744969 87.9699157040 26373.2633872626
-199.0843804264 215.5831014455 150.2809903700 88.5798045508 26556.1937773402
-199.3497836239 194.1968660856 147.3350882884 88.6537544295 26578.3617625591
-199.4826915560 183.6666675345 137.5238238484 88.7021673171 26592.8741190285
-200.1856979602 197.5774435824 93.2939636766 88.8773247642 26645.3867843265
-200.3535058636 215.6726935389 92.3378342845 88.9389135900 26663.8490428974
-204.5366685481 238.3482915708 129.9428072327 89.7151832555 26896.7261534893
-206.8666464093 186.0593224900 139.4669679021 89.9333688626 26962.1418110188
-210.6579426819 210.9057042007 92.3701341817 90.1552941580 27028.6789682628
-213.6734440677 238.9673933808 116.4253784101 90.2901677674 27069.1126934689
-217.8239595456 209.7468772097 150.5081475754 90.4633377015 27121.0294080972
-221.5244947036 181.2003575360 123.4905813561 90.6067508250 27164.0235874320
-229.9370678172 238.3999718045 115.1893621464 90.9006781895 27252.1551527937
-230.8281612238 238.8078207839 123.5752695708 90.9289596441 27260.6326627528
-231.6048603974 237.3339270850 130.2252454482 90.9518906071 27267.5062954589
-239.7944395488 188.3171966406 140.6282476520 91.1514608320 27327.3395971300
-252.2492779468 230.4955015641 103.4671278209 91.4648494938 27421.3085250934
-253.2729504136 234.5422144124 110.2875275982 91.4916171147 27429.3322373133
-257.7398671784 230.3676667494 139.8959697284 91.5973858852 27461.0396203135
-266.1657200856 182.6132511665 132.8803253588 91.7945400474 27520.1484233993
-267.5001128854 180.1824765317 123.5663322301 91.8270757867 27529.9012120103
-270.4525181188 185.8306780730 103.6140302091 91.8986397902 27551.3538779548
-270.7963768770 187.2323250863 101.8965494555 91.9061265625 27553.5980222774
-271.8060334245 192.2141028633 97.4439827883 91.9287257008 27560.3721785765
-275.5926698599 217.1527485489 93.6886694891 92.0170590979 27586.8522708792
-279.6896496534 237.0480341818 114.8816474999 92.1190597739 27617.4299196390
-284.4561591234 225.1259208900 144.6357873282 92.2344266860 27652.0149894740
-287.4337069656 206.9159512224 149.9222647166 92.2995332023 27671.5317549741
-306.5388976432 238.3697890675 129.5890851562 92.7773143858 27814.8196430692
-315.1985883148 181.1519822731 123.8124434456 93.0491878540 27896.3368270482
-316.3105952731 182.2353325336 113.4803467501 93.0842136078 27906.8360255515
-322.0944371249 224.3497312225 97.6205427810 93.2607729015 27959.7691165606
-325.6914330619 237.6126881121 123.7126002486 93.3638513887 27990.6698897753
-331.9220749285 203.8721468408 150.1566912242 93.5269913922 28039.5791068175
-338.1792332474 182.1956761280 111.2496312413 93.7001852039 28091.5030283722
-344.9074643202 236.3187882768 111.4241333693 93.9270399811 28159.5187075929
-353.6448303498 187.3904100620 104.2342004704 94.3315830496 28280.8330574807
-353.9370119405 190.6256521075 100.8283628160 94.3473078930 28285.5465727041
-360.2090177068 235.4324023554 135.7876620175 94.6158487941 28366.0644062951
-372.6849103414 185.6608793832 134.8958039454 94.8202691108 28427.3522801724
-377.4641109899 183.6997569451 113.4105033759 94.8959444448 28450.0374438124
-378.1809202008 184.8466257654 110.4404607199 94.9068363470 28453.3022663144
-386.7003288498 214.0333184387 94.3888333949 95.0295174323 28490.0802715074
-387.5198791220 217.0287057549 94.9938844634 95.0400790926 28493.2461027710
-388.5588699566 220.7545038761 96.2644819021 95.0536685877 28497.3195330164
-400.9758084569 235.3287910504 133.4666054992 95.2079467749 28543.5715389085
-406.4322601411 220.7006609374 147.3098575175 95.2790095564 28564.8738793527
-417.4713667560 185.1458317033 132.4972432174 95.4270585953 28609.2580980165
-422.1831644010 183.6317519279 114.9718446516 95.4886435117 28627.7190764837
-424.3084583333 186.7802056956 107.0366643369 95.5180799286 28636.5427487389
-433.8606399214 221.3197498952 95.1750869532 95.6541123858 28677.3239105496
-455.1098797142 200.8206860031 148.1340636960 95.9522657947 28766.7238509859
-461.2782301022 184.8884093813 131.8045417877 96.0337402858 28791.1475574805
-464.3509166828 183.9834491285 119.3356994315 96.0769992477 28804.1147805083
-472.7945045311 205.4568437776 96.8094319481 96.1915124945 28838.4438505381
-479.7154068400 230.7487982485 104.5331726834 96.2866737944 28866.9709111741
-512.7074226460 197.4832924194 102.7076520687 96.7510382621 29006.2351687279
-526.6122424258 237.4335694109 116.3029268626 96.9184422764 29056.4230156312
-533.0846116245 236.2650449384 138.4154529115 96.9975606466 29080.1403433575
-535.6777692345 230.5214012078 145.9727690537 97.0305629223 29090.0329132187
-556.5570457980 190.7502689656 110.4072140650 97.3093222809 29173.6159530176
-562.9805062812 212.0393628324 99.5545385379 97.3943598493 29199.1078465285
-583.8667167242 216.3677735829 152.5291284931 97.6785524591 29284.3205694222
-585.2903710772 210.9493626149 152.5467002574 97.6972773989 29289.9333495413
-586.5207157561 206.3842396103 151.6576889093 97.7133511766 29294.7514304711
-587.2609148774 203.7015713424 150.7319794293 97.7231414202 29297.6860136422
-624.0303325464 237.5910570197 136.0912764614 98.1734734120 29432.7405342019
-628.1104185613 227.2742708959 146.9562507285 98.2260133700 29448.4899383104
-652.6773704024 200.6561787522 98.5697501221 98.5268115683 29538.6836038957
-683.1639818516 214.5128411123 148.5838294682 98.8595336971 29638.4533747369
-684.8960275249 209.1665328939 148.2745912223 98.8783385487 29644.0900996573
-686.8818325991 203.1775394506 146.5977845326 98.9001589519 29650.6307545000
-730.1878213424 239.7194563234 131.2252308805 99.3399592929 29782.5256199042
-786.5113591563 242.1262593696 129.1852540581 99.9132169757 29954.4713605028
-787.6566469626 241.3264404501 132.2995669237 99.9246092691 29957.8861480381
-817.6863214396 190.0075680248 118.6098839538 100.2099558343 30043.4453137461
-818.8247975676 190.8178524136 115.8309849489 100.2203378064 30046.5572566387
-822.5986343054 195.7772080414 107.3759661661 100.2555474691 30057.1114838872
-855.1966212933 233.0794808051 141.3666360892 100.5523678731 30146.1122800193
-866.4254547355 207.0316180948 147.9524117933 100.6533990612 30176.3991258211
-871.2814350040 196.5121269886 141.8033222879 100.6974422231 30189.6013590567
-880.0485961545 188.5318961493 121.0134934067 100.7793238081 30214.1470253895
-887.8018447002 197.4131224692 103.6924273858 100.8509747258 30235.6255744239
-948.7241945913 191.0497319080 118.4120147075 101.3782353130 30393.7672847692
-948.8119661613 191.0996366773 118.2133526010 101.3789787796 30393.9901320235
-968.4375450048 226.6784520669 102.1694263398 101.5434434824 30443.2966514663
-986.7703913779 237.7761773537 137.0021053512 101.6917710085 30487.7643787849
-996.2853585216 221.7912236524 149.1705475909 101.7679410360 30510.5977142175
-1003.4597972293 205.3873517300 147.8546514759 101.8286706105 30528.8021505849
-1030.2033628723 210.5506648828 100.5235771715 102.0618517358 30598.7156995187
-1065.3075048702 221.4155270130 149.8055313133 102.3520044222 30685.7167930596
-1066.9569364184 217.6780117253 150.2549655719 102.3657244378 30689.8292985490
-1067.8556986599 215.6069973472 150.2693066553 102.3732591565 30692.0877753435
-1084.2661727009 193.7329528243 126.0364620338 102.5065877471 30732.0580213198
-1089.5749509642 198.6114449721 114.6088345212 102.5521848718 30745.7256755981
-1102.9958261840 226.1291198080 108.5924491962 102.6640128232 30779.2492178171
-1127.3952653596 218.9244408698 151.6851283979 102.8749571816 30842.4950526548
-1132.5073032024 207.1652552587 150.4099423870 102.9183108814 30855.4901933348
-1150.7526285108 196.6146500871 116.3515379454 103.0677787850 30900.2998844699
-1226.1029606923 211.0825768240 108.9592216173 103.6577913364 31077.2998601035
-1255.8665879221 225.2776867007 150.1401984375 103.8745821200 31142.2992059617
-1267.9940969160 202.3099679918 151.1967832058 103.9651147945 31169.4380048590
-1296.4986137861 210.2226492134 109.0183901612 104.1741965173 31232.1252692425
-1333.4004242108 211.9034380811 151.5727199267 104.4462801134 31313.7096936650
-1345.7970125185 193.4027477706 138.5883463341 104.5353346186 31340.4053124598
-1345.8654050228 193.3510234253 138.4683896126 104.5358265783 31340.5527659676
-1361.0684429307 199.7773639074 112.4970558254 104.6436673599 31372.8808161794
-1369.1613190672 213.7368325601 107.7168984477 104.7007779777 31389.9998673529
-1374.4983678937 223.3743401657 110.0115489087 104.7386353791 31401.3473821153
-1388.8041364762 234.3804211827 132.4873267665 104.8402917423 31431.8211987476
-1393.9392454442 230.9355675778 141.1838863301 104.8761187236 31442.5600725013
-1398.2936488020 225.4257751314 146.5778904986 104.9057582665 31451.4442224726
-1413.6623576236 200.4870591684 145.1738692650 105.0093340747 31482.4935238167
-1421.1669801860 193.7382858933 134.2172819739 105.0597421454 31497.6033045947
-1422.7858330043 193.2254407233 131.4441321352 105.0705957774 31500.8564749132
-1430.4987987517 195.5480021627 118.8360425440 105.1211313700 31516.0044813202
-1445.4362782875 217.1298768832 108.2586584413 105.2205818817 31545.8169331602
-1470.8612333956 232.5182047518 141.3142437824 105.3879674458 31595.9996294883
-1480.0633584259 220.2901830277 149.8432617310 105.4474255595 31613.8223892284
-1487.2019023449 208.3182322877 149.3120608252 105.4943793237 31627.8966578412
-1545.7408092452 204.8931417839 132.7182207184 105.9058236428 31751.3612366185
-1566.8556266411 230.7327179628 138.7626893862 106.0550801817 31796.1072393196
-1574.8833541107 221.8413438061 150.8558193542 106.1141888380 31813.8217705676
-1624.4002512459 209.2665082853 154.1283223678 106.4832347962 31924.5475367009
-1626.8376629044 204.6184873597 151.3458528399 106.5031391480 31930.5118943252
-1646.3693735281 223.3392343112 128.2930955716 106.6628700181 31978.3998411954
-1646.8617366031 224.1258379404 128.9165185982 106.6666022026 31979.5181254304
-1651.5189314728 228.9466629139 137.3426522693 106.7031125450 31990.4591267508
-1659.9633651642 220.5047829349 152.5270405430 106.7723431912 32011.2078563612
-1677.7584459784 208.7678815254 127.2763614150 106.9284027943 32057.9945103780
-1682.1498617325 218.3360800921 125.6729436595 106.9645434623 32068.8246945283
-1689.5893194739 229.4167644436 136.5222730353 107.0252199043 32087.0090813656
-1689.6830094778 229.4599018989 136.7234268942 107.0259743596 32087.2351372458
-1694.3244988990 228.0179049701 146.3411956501 107.0625291474 32098.1894197529
-1732.3342496583 226.6353089412 136.6503493796 107.3509235430 32184.6923679242
-1752.6634726873 201.0467205122 143.9519643873 107.5036424280 32230.4768968672
-1761.4634299327 205.2890939978 127.8507153989 107.5694106121 32250.1875538722
-1764.7290416715 211.6751744014 125.0237433408 107.5953223298 32257.9521118963
-1773.3966582416 226.6629981111 133.6139978007 107.6646421638 32278.7274583091
-1779.4664861175 225.5777052531 145.9473532750 107.7120982213 32292.9490019907
-1792.3008670128 202.9837162670 147.5451901447 107.8107242985 32322.5107277677
-1811.1804082369 223.4007753819 128.4536228680 107.9624912099 32368.0096832385
-1821.2887392847 225.5237666049 148.1898900144 108.0422533638 32391.9155054416
-1849.2238752248 220.3196243490 128.4261145312 108.2715234102 32460.6695681278
-1865.2775650714 215.2095335712 154.9980813901 108.4054332484 32500.8123340659
-1873.4425150682 200.6329523982 144.8661144568 108.4753426457 32521.7643024133
-1883.8254836624 212.8332985970 126.6394358047 108.5643442984 32548.4401673365
-1901.5009774244 217.9483454853 153.1034809325 108.7157820201 32593.8403464646
-1905.7821573045 208.2189612976 152.0868799626 108.7519307907 32604.6727771991
-1907.3597942246 205.2727297334 150.0813007194 108.7649763187 32608.5816874290
-1919.2666789020 209.4019203131 126.3340774021 108.8680993130 32639.4916745588
-1962.6661455522 217.0951607393 127.9161410761 109.2232518046 32746.0474438467
-1972.0391174896 226.7074757763 144.2926901320 109.3000305924 32769.0586871698
-1983.5912294377 207.2610313717 154.2954832931 109.3912053553 32796.3860243391
-2001.7667548425 215.9147291095 128.9130295814 109.5413602553 32841.4013769891
-2025.2799509214 196.9943325891 147.0737029542 109.7499852123 32903.9597540625
-2025.3118098586 196.9693569075 147.0020050364 109.7502600191 32904.0420913233
-2038.0257529276 212.5408032129 128.2753230665 109.8550814569 32935.4612570549
-2155.2475457685 184.3106413677 142.2017253604 110.7259458329 33197.2757290180
-2158.3989593784 186.3202562977 135.2424568238 110.7526311424 33205.2718952748
-2191.5335041127 184.7755656306 140.0164550614 111.0442234291 33292.7377943147
-2194.9291321294 188.1651205415 132.6979618619 111.0737727511 33301.5922275638
-2206.8740193415 212.1947178288 139.8610911393 111.1852785482 33335.0156929131
-2207.0466056206 212.2655679274 140.2875074380 111.1868320230 33335.4811382447
-2209.8899088864 211.5347088534 147.3195514253 111.2124669069 33343.1624768511
-2214.2414352101 204.4285017525 155.0542988372 111.2510901414 33354.7362857981
-2216.7575720243 198.4343040768 156.3084452363 111.2733734903 33361.4132593554
-2229.7155092053 188.1438020154 134.9704418633 111.3815555262 33393.8399649682
-2239.2922770569 206.6311274178 131.3622403508 111.4571759231 33416.5036244494
-2260.1138441955 189.9781267380 150.6950313113 111.6259386288 33467.1011264633
-2271.3955364606 194.8524601811 130.3347908229 111.7159444180 33494.0776390687
-2304.0778076694 190.9015974672 134.7019324100 112.0006418882 33579.4738516075
-2309.1077288815 202.6253988539 128.7529290805 112.0491404623 33594.0073567841
-2316.2319362281 215.5545227629 140.5523753726 112.1175965597 33614.5231485828
-2323.7873762647 202.9117834794 156.3927502711 112.1967478621 33638.2452292730
-2342.8217293378 213.1397319384 136.5903045534 112.4081820895 33701.6472843156
-2358.4836874249 186.7956664836 146.6969503615 112.5754050518 33751.7828475907
-2370.7767319319 212.5365341219 138.7661797826 112.7186603281 33794.7283865366
-2381.7344923660 193.1553854464 157.6957410437 112.8386809249 33830.7051186289
-2386.4776341589 184.6209702577 144.8483243787 112.8949041053 33847.5538436830
-2387.9566451961 185.3779876327 140.1039697589 112.9117816060 33852.6107970673
-2394.6991114154 203.6076392831 131.8628291105 112.9906967065 33876.2619272685
-2395.0146280407 204.5226491291 132.2550371867 112.9941826128 33877.3063398399
-2423.4046585288 212.4427865359 135.1056606503 113.3241482944 33976.3008330749
-2431.5554161721 208.2618057838 156.2241949144 113.4106483847 34002.2259619265
-2448.1174941471 208.1620980087 130.7273623758 113.6083721122 34061.5135693879
-2487.8937084896 186.6398855959 155.5038875279 114.0847942002 34204.5354774701
-2495.3338688764 191.3877890561 133.2516383237 114.1746732315 34231.4736040906
-2496.0359658552 193.7784453660 132.4251944691 114.1834458073 34234.1019828078
-2508.0341486397 196.3603595700 159.1713981164 114.3490830376 34283.7617973356
-2511.5725620329 183.8642170134 150.8080603551 114.4028074029 34299.8613418292
-2517.2883932910 194.2300800732 130.6685203468 114.4906624061 34326.1925709633
-2521.5148471290 210.2277635330 139.8351314038 114.5586157108 34346.5572784767
-2524.5627113169 208.3516451841 153.5048980964 114.6074157040 34361.1807969098
-2539.1346425257 211.1163757505 149.1136692232 114.8894128491 34445.7685389799
-2544.1356094332 183.5330539463 147.8707447351 115.0226827309 34485.7187319007
-2550.4735586487 210.7186993134 147.3063082218 115.1840901187 34534.1095075555
-2550.8883864698 210.0520297294 150.1401400131 115.1939208283 34537.0548829623
-2564.2718593969 209.6804896746 138.1950962421 115.4544014660 34615.1816746461
-2565.1873262692 211.3102079101 143.3899259370 115.4729232491 34620.7311703648
-2565.7250262726 211.2702589135 146.6772598580 115.4840757625 34624.0725787012
-2568.6899358549 201.2520906439 158.5959337983 115.5396288824 34640.7200618114
-2574.9619474636 188.3546374666 135.4821666697 115.6670307827 34678.9101785177
-2579.8556690671 210.4395226958 142.2295434771 115.7617789932 34707.3079571479
-2580.3652026185 210.9111287819 145.1738974565 115.7719006718 34710.3404924651
-2591.2975225772 194.1570808472 130.0992781188 115.9895992968 34775.6236396472
-2615.7124562929 207.9935909576 143.2811481429 116.3722743210 34890.4625151501
-2617.5356544692 204.2484708252 152.2823325175 116.4062291098 34900.6366110151
-2623.6694051460 181.1330137759 140.8016304450 116.5238746857 34935.9005254823
-2624.5967367760 182.8609732228 135.8279788308 116.5418552314 34941.2877448889
-2638.4616340155 182.2376817870 131.3354773391 116.8456164627 35032.4145694201
-2642.4655666703 205.7343042781 135.9030370288 116.9464945677 35062.6501278719
-2647.3808511444 179.3199970787 143.0687872523 117.0964027107 35107.5909907722
-2649.1540524285 193.1143459480 125.7850596468 117.1813449094 35133.0483228705
-2654.3072122048 177.1167780155 139.1672900598 117.4012668386 35198.9993212242
-2657.6402744030 202.3524760153 131.6745164441 117.5189621612 35234.2779630033
-2665.8578774796 197.4302188350 130.5861934624 117.7944347634 35316.9086132684
-2667.5829387806 202.0919782999 147.0583338413 117.8558176032 35335.3031036072
-2672.9753390073 181.6083556741 132.0258509955 118.0248341112 35385.9767822532
-2682.0116993314 179.3222773650 139.2337963942 118.2877443207 35464.8351565664
-2686.8563905735 194.2962069661 157.6203661850 118.4772815537 35521.6666177452
-2690.7063680480 182.4241932044 133.1384811128 118.5976785573 35557.7553352586
-2692.0214136015 192.1669466963 129.8096325605 118.6331392692 35568.3804220581
-2695.6208800337 194.6051770846 156.3942338872 118.7630079421 35607.3099342985
-2706.1208448272 182.0099072770 144.1135544049 119.1295023424 35717.2911845378
-2710.9297580865 204.7245282008 135.1421772744 119.2339247124 35748.5891308581
-2722.0184876938 204.0182772395 139.4091616694 119.5305451936 35837.5735051894
-2730.4069698721 178.1350594244 158.2208367562 119.9541356228 35964.7249134235
-2734.4963885973 202.3518777016 146.3248140084 120.1179564241 36013.8396049896
-2734.6780193258 202.7188262566 148.4402444801 120.1251529815 36015.9955783702
-2744.0172858375 200.7964537751 147.5919664022 120.4054624950 36100.0811105558
-2764.8260874058 173.2922312948 159.8132536536 120.8062113732 36220.3649084961
-2786.6688416339 173.9575153169 147.8561683178 121.1325162337 36318.2701680421
-2788.0674314852 186.7882311599 139.0064280374 121.1876499529 36334.7909519491
-2788.6577874008 196.5719967402 143.3365980232 121.2243594663 36345.7899417549
-2790.0891148552 192.7729220003 163.7734528424 121.3048069170 36369.8989034112
-2790.2034367131 190.7822937952 164.6467225777 121.3120783792 36372.0772814681
-2790.2716754488 189.6418123191 164.9809518287 121.3160537463 36373.2681989786
-2793.3712871766 189.2021370860 137.7472134377 121.4755212556 36421.0766806147
-2794.5336466835 199.2369326965 155.5026186389 121.5537393191 36444.5171836546
-2796.3983998070 174.5992203726 149.7334953205 121.6800919022 36482.3916137792
-2795.7321171512 179.4417077375 163.0774234894 121.9124025733 36552.0634225106
-2797.0650936071 195.1130206749 163.8552931447 122.1372357725 36619.4903082883
-2798.0753033274 174.0743726052 152.1129013000 122.2382142025 36649.7548955058
-2799.2668649082 197.0392473840 143.6032265238 122.3383192298 36679.7575591163
-2800.7646999418 192.2347826516 165.4835532815 122.4284751250 36706.7769921532
-2801.8447892923 175.8487910194 157.6529231330 122.4964898721 36727.1585328604
-2804.1611021459 186.7430839775 164.7082359447 122.7236687249 36795.2898455468
-2813.1838234556 176.2844432583 152.1881359142 123.0601864742 36896.2675039822
-2813.8765033466 180.3459858693 141.6959710096 123.0988351950 36907.8473164924
-2815.1714609421 192.2702141603 138.5586122280 123.1418957524 36920.7492643069
-2817.5587851506 202.3196860536 153.9882896476 123.2097518885 36941.0830867634
-2824.6334043732 204.7636959557 153.3490395970 123.4793710667 37021.9600908136
-2825.8668366462 198.5523662407 163.6490677198 123.5215059120 37034.5845627544
-2826.0504011318 196.7630825828 164.4737076240 123.5281204795 37036.5660641102
-2827.6368944406 179.5479949656 154.0691782562 123.6055670591 37059.7748172586
-2830.6377168679 203.6262974483 147.9565490087 123.7315640540 37097.5422190664
-2833.2219623442 185.8013405249 164.9272039999 123.8342040072 37128.3046890307
-2850.8012314440 191.9395250987 143.3948865897 124.9104598097 37452.4928864591
-2849.1909504014 208.8408224180 135.1198201024 125.1163317760 37514.2280770244
-2844.4860840636 196.0926026217 140.5900963692 125.4429722410 37612.2403103604
-2840.5527112474 200.7231349105 116.4299057828 125.8540163508 37735.6341631113
-2835.0061031823 188.9015686826 137.7134266484 126.0053279350 37780.9952469488
-2833.0408646995 185.9728153006 123.5791669695 126.0573228874 37796.5743800576
-2818.5668506679 193.3010529990 119.8258434658 126.3553251704 37885.9809796834
-2814.8834088684 210.1951364514 129.6790512329 126.4332234093 37909.3245921938
-2813.6518771037 208.9311019393 136.5572979676 126.4572413018 37916.5199080112
-2807.2522489307 187.8980838266 125.3310944910 126.5924617258 37957.0535374747
-2800.5484595440 207.2559087651 138.9775563784 126.7314651704 37998.7219837596
-2800.0837845022 205.1899430400 140.8807670916 126.7409909948 38001.5755085053
-2786.6862327853 197.8892475663 146.8584755994 127.0319456900 38088.8650974827
-2775.3700931473 209.0992448671 141.9705794479 127.2552229449 38155.8263641098
-2770.1612374923 187.2332596451 141.0251241908 127.3479433538 38183.6137042351
-2761.7191579400 210.0819620885 133.8078878207 127.4893062297 38225.9898632155
-2761.0603720019 210.2050401837 137.0662285093 127.5004335397 38229.3231119390
-2759.6178451019 207.1652489676 143.8654713755 127.5262338887 38237.0523684893
-2758.2067101023 201.3056041802 147.5311447703 127.5501013551 38244.2024938290
-2736.4757596454 187.4904404637 142.4578310343 127.8680951467 38339.6191437682
-2733.4643847363 188.4233109308 129.5635708598 127.9151458530 38353.7161390613
-2727.5564786472 209.6092565433 138.2253434879 128.0209118061 38385.4151832880
-2725.2014426401 202.9105792527 147.7466281049 128.0625007292 38397.8753532717
-2721.2151885773 185.4051440058 137.9711367470 128.1429247689 38421.9757466802
-2719.2677011290 190.0501590997 127.3153744129 128.1840859256 38434.3076748816
-2717.3905713833 201.7096321563 125.6124756245 128.2259294246 38446.8440737385
-2716.6750927107 205.9043617946 128.2583597100 128.2427380067 38451.8792548653
-2716.5456773001 206.5394634988 128.9165334481 128.2458224674 38452.8031656638
-2713.4427027488 204.1257921463 147.9494141362 128.3183399331 38474.5332179259
-2712.0033555030 195.2030215982 149.5112202413 128.3497192223 38483.9339470072
-2706.0923775194 195.1870894358 125.2913732628 128.4628000624 38517.8265389292
-2703.3368788503 208.6600691212 131.2520342122 128.5157287761 38533.6849948300
-2702.9339782919 209.5399256350 133.2022334804 128.5230057803 38535.8647672743
-2682.8937447093 187.7957098376 150.9363580240 128.8865659661 38644.9838354054
-2671.9547359581 208.6041274114 144.3640103687 129.0618875362 38697.5494499916
-2661.2190644501 199.7851146064 128.2334228294 129.2551922459 38755.5127282313
-2653.6221329325 191.7510154104 149.1239177285 129.4001698007 38798.9730056777
-2649.9994134821 190.4834206461 130.7026455543 129.4721816360 38820.5512218209
-2649.8122912471 191.2721003936 130.0105887841 129.4757415713 38821.6175348319
-2649.1640717282 194.6360550520 128.0750786179 129.4889301324 38825.5681405834
-2643.9586572064 205.9740133914 148.2176360011 129.6043237302 38860.1541165202
-2639.1030164068 187.0035049436 138.1183625725 129.6985616100 38888.3958409435
-2638.4320806160 187.8158922293 134.6413902253 129.7107495513 38892.0466751269
-2637.7955799486 189.4070448757 131.7343516641 129.7220399563 38895.4286384713
-2623.5250847693 187.2619734577 144.7239486846 129.9340738862 38959.0148466343
-2623.4498812313 187.1470960961 144.4827261537 129.9350005899 38959.2924171092
-2620.1719466329 187.6044301324 133.9516490549 129.9732116509 38970.7400073495
-2619.9380828896 188.0031220561 133.2677959222 129.9759676901 38971.5655163681
-2613.1104054482 208.7267167465 134.6496823863 130.0630389756 38997.6583533056
-2607.3205204092 195.7060607141 151.3791709769 130.1532904986 39024.7046398275
-2600.7663768197 194.3307853107 129.3163724311 130.2589437314 39056.3692560822
-2596.7876078751 209.8113561954 138.9626771911 130.3297159285 39077.5756109181
-2595.6363825290 209.2611477904 144.8146610539 130.3498881299 39083.6182844497
-2592.4977691506 195.9678662929 152.8835993701 130.4065916963 39100.6076798130
-2588.5159493519 186.5764603524 137.4761165149 130.4765373416 39121.5662185460
-2586.8163021476 191.7591345851 130.9119753231 130.5055398987 39130.2544811218
-2572.5212485222 201.8071361146 133.2919067576 130.7978793556 39217.9646536984
-2563.5247686460 187.1526967423 139.5842031722 130.9858961333 39274.3407696083
-2545.6446858263 204.3006668692 145.9646391718 131.3537091560 39384.7448313906
-2544.7958061937 201.4788946512 151.1015813069 131.3737155032 39390.7377106775
-2537.8178413775 190.4678407291 130.1345028156 131.5243854016 39435.9055571971
-2529.2967366160 180.6772245672 147.5573299574 131.7027470832 39489.3836145340
-2523.2488106390 200.5599623557 137.0380803740 131.8265128481 39526.4801621392
-2506.3047945995 199.5993824516 136.4140939235 132.3176453025 39674.0114546541
-2505.5266891685 184.4674738993 154.2554826187 132.4216399791 39705.1781503966
-2505.1243248027 179.9771639967 136.2968395488 132.4908854470 39725.9263069516
-2505.1104935383 180.6230522013 135.4936029215 132.4943279312 39726.9573748996
-2505.1084775562 181.1025433715 134.9876490684 132.4966554589 39727.6544931479
-2501.5512834316 186.3971865840 133.0138715952 132.7639736705 39807.8475558697
-2499.8314329575 175.8468607726 145.4279494120 132.9556362553 39865.3182764024
-2494.3177680910 181.7612476109 154.7432717599 133.1654705014 39928.2448533321
-2484.8822420314 188.4065814250 136.8703349256 133.5234985938 40035.7106330377
-2477.4720654008 176.7237740896 137.2089507811 133.7321677754 40098.2874872446
-2472.7161027294 174.0948825000 154.3059852494 133.9161915815 40153.4651686425
-2472.0512200332 171.3662751344 148.8330408963 133.9369125390 40159.6718464177
-2467.1781577811 195.0754726156 148.9606279797 134.0735922898 40200.6418343161
-2464.8916111326 177.1135278167 155.7961097975 134.1524019254 40224.2566285521
-2462.6426074393 189.1749135507 136.3915723511 134.2633755002 40257.5157787105
-2461.7756825692 196.0205759901 146.8702181582 134.3080241946 40270.8915853310
-2461.3940667248 194.1545567063 153.3897261493 134.3309558601 40277.7604877252
-2455.8296003756 178.1839301924 136.5146225665 134.4676218236 40318.7262579851
-2447.7509648626 180.5094672348 155.2621627648 134.6272488811 40366.5815130245
-2446.9922285696 177.7944804975 153.5601283982 134.6382929224 40369.8893377891
-2438.5182795951 189.4354124823 134.7867666798 134.7484140180 40402.8926164314
-2434.9641733701 195.9261391597 144.7109542607 134.7914878198 40415.7963307636
-2433.0016857127 193.8331308093 151.5151689460 134.8164534420 40423.2744725411
-2432.7840854300 193.3157642187 152.1764592228 134.8193506172 40424.1421633672
-2412.3263517092 172.4262175980 149.0965814420 135.1387495086 40519.9933690945
-2406.9721914521 186.3633720463 132.9789804061 135.2292437315 40547.1109430251
-2402.6187684897 193.2039855806 148.6411953816 135.2944152294 40566.6371004789
-2399.2122742991 182.6006670147 155.3368023911 135.3406237485 40580.4800278245
-955.8340847961 195.6580383805 125.2888225246 135.3444865560 40581.6369136899
