X Y Z LocalTime TrackLength
100.0000000000 100.0000000000 100.0000000000 0.0000000000 0.0000000000
99.9987625063 100.0482022237 76.4610009313 0.0785178910 23.5390620581
100.0053653342 100.0994218050 58.4473401071 0.1386052740 41.5527984652
100.0190435818 100.1352681009 45.5427800562 0.1816504656 54.4574163064
100.1492426827 100.3078113868 -26.4465638240 0.4217822753 126.4471149067
100.1871864369 100.3509883510 -50.9813879403 0.5036219066 150.9820093730
100.1941349628 100.3562425929 -54.8209998910 0.5164295131 154.8216312586
100.2772434552 100.4424621702 -96.9004375934 0.6567920505 196.9012491407
100.3074392152 100.4772573753 -111.4664488544 0.7053793026 211.4673342439
100.3285583235 100.4966570318 -120.7747124017 0.7364284912 220.7756423363
100.4671868522 100.5680392597 -168.0924948159 0.8942645628 268.0936940262
100.6732908658 100.6964060361 -236.0869206387 1.1210711196 336.0885808545
100.9119115856 100.8551055575 -293.9387504256 1.3140465296 393.9411424128
101.2012367459 100.9965226897 -354.6861681299 1.5166810573 454.6894351925
101.2436217959 101.0121193318 -362.9026139243 1.5440885987 462.9060053976
101.3388250632 101.0467748775 -380.7695215382 1.6036871767 480.7732017940
101.4964023069 101.0957223447 -408.7566048729 1.6970437091 508.7607755546
101.5295066350 101.1051304398 -414.0869283056 1.7148241341 514.0912101963
101.5591193507 101.1126974529 -418.7875592277 1.7305040907 518.7919405664
102.0482321249 101.2182524066 -482.9288105902 1.9444628965 582.9351673733
102.1499892433 101.2328466354 -495.0276561399 1.9848217790 595.0344502924
102.6646715456 101.3504141587 -558.5701511561 2.1967841563 658.5791627427
103.3347036722 101.5031199717 -633.1086519934 2.4454285270 733.1208639551
103.3435636915 101.5062972937 -634.1913135379 2.4490400356 734.2035664165
104.0331772707 101.7626489876 -723.9259221934 2.7483726889 823.9412405896
104.0982809756 101.7821735672 -732.9231209644 2.7783849856 832.9386964282
104.1556349836 101.7993480351 -740.8682730604 2.8048879265 840.8840743599
104.2979647731 101.8426596744 -760.1172364914 2.8690975085 860.1336145086
104.3338284248 101.8532607738 -764.9632845884 2.8852626747 864.9798069934
104.7662652997 101.9092373566 -825.7859398884 3.0881506230 925.8040733712
105.2049891162 101.9483724441 -886.6177826065 3.2910692335 986.6375320345
105.3607349954 101.9727298605 -906.6170067884 3.3577815719 1006.6373794444
105.4196694321 101.9860548421 -914.3577132195 3.3836025893 1014.3783219402
105.9326641783 102.1534266901 -990.4876218045 3.6375511447 1090.5101783942
106.2418958784 102.2813125476 -1037.6833130734 3.7949830646 1137.7070684351
106.3907906852 102.3571300258 -1058.8220083221 3.8654964018 1158.8464262795
106.4904273449 102.4041749055 -1072.9777252119 3.9127162458 1173.0025729069
106.6365790427 102.4596606434 -1095.6947660008 3.9884939712 1195.7201541610
106.7140116189 102.4875303049 -1107.8589655954 4.0290703233 1207.8846328034
106.7506198561 102.5015917588 -1113.7694879615 4.0487861480 1213.7952854029
107.0816393657 102.6364502159 -1171.5053956752 4.2413761980 1271.5323188763
107.5862412770 102.7123861811 -1265.8868426484 4.5562035794 1365.9151988202
107.6170553083 102.7115339393 -1270.8742997290 4.5728402719 1370.9027512575
107.6642051656 102.7108190067 -1278.8410847202 4.5994150856 1378.8696760719
107.7514444421 102.7061025065 -1294.6464951522 4.6521370929 1394.6753291309
107.8107493800 102.6977473710 -1306.4760287720 4.6915966960 1406.5050149848
108.0524883345 102.6719465330 -1349.6992104397 4.8357760667 1449.7288906194
108.0927868060 102.6674383241 -1356.7533179783 4.8593064378 1456.7831149101
108.1641318584 102.6639443365 -1369.0578272181 4.9003505758 1469.0878321746
108.6514598194 102.5798905519 -1453.0355700148 5.1804751756 1553.0670733057
109.2774346463 102.3581538771 -1553.3822821171 5.5152032824 1653.4160451895
109.3730300583 102.3410290729 -1566.9334469835 5.5604062874 1666.9675589079
109.8357235788 102.2803389040 -1635.3236113724 5.7885367505 1735.3593429745
109.8599800322 102.2765932725 -1639.1439173740 5.8012801893 1739.1797278705
109.8601551966 102.2765708962 -1639.1709015777 5.8013702009 1739.2067126520
110.2671838380 102.2538619246 -1704.1867368468 6.0182440615 1804.2238511124
110.7519284856 102.2870371686 -1789.6930971172 6.3034673345 1889.7316368767
110.9708738557 102.3182154495 -1832.6674372700 6.4468162766 1932.7065562953
111.0117452014 102.3276903930 -1840.1116130222 6.4716477815 1940.1508505040
111.4151201956 102.4635949493 -1921.7971253720 6.7441251665 2021.8375130465
111.7936192937 102.5855286473 -1988.7907826013 6.9675960051 2088.8323763778
111.8727369873 102.6033355033 -2000.2906228745 7.0059563172 2100.3325031928
111.8858552444 102.6073796292 -2002.2395945367 7.0124575516 2102.2815231998
112.0786510344 102.6612504498 -2030.3703059317 7.1062939295 2130.4129509402
112.4293531269 102.7421826882 -2079.8029201828 7.2711878389 2179.8468892349
112.6671475420 102.7970484176 -2113.7776478569 7.3845183152 2213.8224996477
112.8127272964 102.8221934724 -2135.3162573133 7.4563651106 2235.3616180633
112.9226865906 102.8397774453 -2152.5424864120 7.5138268566 2252.5882085228
113.1331166620 102.8809904386 -2185.1764532810 7.6226844599 2285.2228855391
113.7091814463 102.9994119446 -2272.7898740799 7.9149381120 2372.8383272143
113.9368928056 103.0741282370 -2312.3755267385 8.0469841249 2412.4247137964
114.2162572129 103.1802361504 -2379.9910569162 8.2725275783 2480.0409315784
114.6292565567 103.3713499289 -2460.2592603682 8.5402779271 2560.3104636009
114.7966259421 103.4150140801 -2489.2934415984 8.6371273006 2589.3451644897
115.1862074887 103.8033105851 -2574.1626988204 8.9202268321 2674.2162682052
115.3885688381 104.1032346048 -2643.9176740116 9.1529076373 2743.9722109741
115.4310427411 104.1650413855 -2661.0616876583 9.2100944885 2761.1163900527
115.4381694179 104.1745366979 -2663.9260297476 9.2196489923 2763.9807567739
115.4693258493 104.2150887943 -2677.1430250076 9.2637364961 2777.1978517690
115.4704740003 104.2164540040 -2677.5962581649 9.2652483317 2777.6510884366
115.6509655298 104.4363652330 -2736.5407523651 9.4618683939 2836.5962893746
115.6635477608 104.4563064077 -2740.7684348243 9.4759706514 2840.8240376520
115.7553297259 104.6109166749 -2770.7974173937 9.5761384035 2870.8535632472
115.8358585729 104.7692551956 -2798.2122717076 9.6675864821 2898.2689970022
115.9199271507 105.0271971351 -2838.5789913471 9.8022384774 2938.6366373968
115.9995596070 105.2665587649 -2874.2442255828 9.9212079315 2974.3027705748
116.0384287208 105.4008793410 -2891.9659061184 9.9803229660 2992.0250042973
116.0694701047 105.5251756418 -2906.7355850604 10.0295911912 3006.7952398898
116.1428057287 105.7252231681 -2932.5897988731 10.1158345390 3032.6503349637
116.2164284944 105.8752985298 -2953.4957338463 10.1855714976 3053.5569403606
116.4783491494 106.2619904807 -3017.7235490690 10.3998182022 3117.7864770458
117.0786233176 106.7971141272 -3133.7192283480 10.7867476289 3233.7850253814
117.2005557393 106.9130996698 -3162.4113466160 10.8824559303 3262.4776415244
117.4553061575 107.1577312105 -3226.5932578767 11.0965470966 3326.6605489692
117.5262857349 107.2239462645 -3245.4575004806 11.1594723028 3345.5250430373
117.5588734086 107.2531539879 -3253.7363482738 11.1870879669 3353.8040067789
117.7668618252 107.4357382606 -3315.4573590457 11.3929692755 3415.5256601361
117.9687062384 107.6865499909 -3399.3232718846 11.6727180580 3499.3922340075
117.9788706549 107.6984375608 -3403.5001790116 11.6866508255 3503.5691704823
118.0192276225 107.7319132525 -3418.7169209525 11.7374087410 3518.7860038345
118.0789670104 107.7774954027 -3438.6977087925 11.8040579816 3538.7669349517
118.1581623888 107.8708109682 -3468.3565561786 11.9029901421 3568.4260395419
118.1977933175 107.9545396287 -3492.6438018709 11.9840043532 3592.7134792378
118.2064127785 107.9849064305 -3501.8731895231 12.0147904729 3601.9429212365
118.2219555997 108.0145026756 -3512.9907510492 12.0518748535 3613.0605335670
118.2406938080 108.0425629407 -3522.3122269864 12.0829681704 3622.3820709478
118.2925697846 108.2854859401 -3604.1340317333 12.3558977368 3704.2042941240
118.3033726150 108.3239261162 -3624.8442985690 12.4249799157 3724.9146015798
118.3162033979 108.3645576152 -3655.3928143533 12.5268789488 3755.4631520037
118.3715877236 108.4053143891 -3694.4408553241 12.6571294637 3794.5112618416
118.4150118833 108.4658053248 -3733.3278714577 12.7868428936 3833.3983576271
118.4228567732 108.4910496754 -3744.6299282721 12.8245426201 3844.7004459293
118.3842253307 108.5973491547 -3800.6039432119 13.0112523169 3900.6745934573
118.3295098070 108.6662889885 -3850.6950720246 13.1783386833 3950.7658138381
118.3180979765 108.6903040478 -3865.4473797985 13.2275471911 3965.5181465939
118.3069818116 108.7148329516 -3877.3621551998 13.2672907263 3977.4329530711
118.2926179101 108.7551719797 -3894.2364736908 13.3235776050 3994.3073272574
118.2880585916 108.7903228727 -3910.2337965252 13.3769390893 4010.3046905816
118.2452257919 109.0290352987 -4054.5150793025 13.8582105789 4154.5863135720
118.2427436678 109.0322955181 -4056.7912750020 13.8658031668 4156.8625129600
118.0929995177 109.5122226126 -4246.9034542484 14.4999516819 4346.9755993788
118.0968663745 109.5347790113 -4254.0551129837 14.5238071824 4354.1272949409
118.1061338080 109.5693232197 -4265.7040677568 14.5626641166 4365.7763052289
118.1344282921 109.6455038782 -4290.3634906041 14.6449195873 4390.4358650951
118.1477266619 109.6785198751 -4298.1609414867 14.6709293754 4398.2333995359
118.1513295296 109.9443429189 -4440.1238399962 15.1444686281 4540.1969528657
118.1527536339 109.9278432180 -4476.0010786302 15.2641422904 4576.0742022970
118.1368172755 109.9254465721 -4547.8431396859 15.5037817437 4647.9162960276
118.1302251420 109.9238155493 -4558.3963245104 15.5389834051 4658.4694835310
118.0887043579 109.9191987976 -4657.8022527956 15.8705660946 4757.8754823595
118.0694876530 109.9234758958 -4677.8925238858 15.9375800932 4777.9657650979
118.0283776758 109.9091984790 -4712.7871599342 16.0539762222 4812.8604348846
117.9320821364 109.7798257949 -4790.9676436729 16.3147589386 4891.0411221953
117.9311165712 109.5993647233 -4856.4197129567 16.5330844873 4956.4934658659
117.8727320328 109.4103991787 -4910.5004405385 16.7134796782 5010.5745718649
117.8578115108 109.2886972819 -4939.5110436222 16.8102495494 5039.5854384991
117.8581188142 109.2418027831 -4950.1350458711 16.8456877703 5050.2095447535
117.8582136192 109.2346387836 -4951.7800519575 16.8511749749 5051.8545664457
117.8986383952 108.9648663686 -5010.2423336140 17.0461863825 5110.3175046946
117.9270359910 108.7914780420 -5040.2478819743 17.1462758870 5140.3235721730
117.9577519740 108.5743864953 -5075.0272584140 17.2622897662 5175.1036463620
117.9753503796 108.4733522940 -5091.5672118511 17.3174622019 5191.6439190490
117.9893671878 108.4082179279 -5102.0086566148 17.3522918401 5202.0855768608
118.1175313726 107.8833721364 -5202.8309450304 17.6886038002 5302.9093764893
118.1594892227 107.6145241222 -5262.9662906742 17.8891958821 5363.0453591548
118.2147294837 107.0971922148 -5347.6855832671 18.1717944995 5447.7662924985
118.1136162234 106.3491259308 -5451.6036414267 18.5184371520 5551.6871584102
118.0997107500 106.2976782064 -5458.8499381574 18.5426088713 5558.9336539341
118.0282842317 106.0801405337 -5487.9535346239 18.6396910751 5588.0381555167
117.7731673495 105.3493946505 -5575.6454327168 18.9322113091 5675.7335164847
117.6857085353 105.1466063317 -5600.8283767804 19.0162158429 5700.9174320936
117.4527862435 104.6615621783 -5667.1260480479 19.2373684699 5767.2173127719
117.4392723539 104.6316037444 -5671.4863851081 19.2519134096 5771.5777737606
117.0791388658 104.0422752205 -5763.2052614499 19.5578634790 5863.2993007194
117.0233209416 103.9753565550 -5775.9478653222 19.6003692506 5876.0422044841
116.7287271334 103.7779832104 -5835.3530596495 19.7985272837 5935.4484775003
116.4523943778 103.6226459447 -5895.2980765277 19.9984852376 5995.3943533151
116.4332595519 103.6142385726 -5900.1612394351 20.0147071613 6000.2575612283
116.4134369747 103.6058687661 -5905.3870915250 20.0321388845 6005.4834577211
116.2424091508 103.5587363478 -5950.4649617673 20.1825037182 6050.5616883715
116.1928049183 103.5480954292 -5965.7244495423 20.2334041987 6065.8212615822
116.1865835169 103.5470125359 -5968.0177162241 20.2410537460 6068.1145369635
116.1489463923 103.5432006238 -5982.6241151825 20.2897756378 6082.7209859132
115.9660595358 103.4926052657 -6047.7397640396 20.5069791008 6147.8369366336
115.8456849190 103.4529308203 -6101.9667083904 20.6878613066 6202.0640460206
115.8097255342 103.4542478921 -6122.8994611797 20.7576855942 6222.9968319232
115.7987356608 103.4550797148 -6129.8065407987 20.7807251733 6229.9039205311
115.7557657698 103.4791294821 -6168.5551805429 20.9099768956 6268.6525997945
115.7229598929 103.4852239960 -6197.7890050751 21.0074905531 6297.8864478971
115.7047911477 103.4907189066 -6208.5074534488 21.0432435234 6308.6049135901
115.4913308441 103.4559394772 -6400.8039360795 21.6846762930 6500.9017700971
115.5004376858 103.4582193825 -6413.3332507963 21.7264696221 6513.4310890518
115.5562358877 103.4959095191 -6582.2763704575 22.2900035544 6682.3744136248
115.6051778850 103.5406197281 -6624.3198087713 22.4302456177 6724.4179140539
115.6325266089 103.5728621339 -6646.2585267695 22.5034254785 6746.3566752228
115.7728433018 103.7217512336 -6773.5296272057 22.9279569455 6873.6280446638
115.7845988097 103.7315034037 -6778.8939215849 22.9458503875 6878.9923609008
115.8137857481 103.7508470465 -6789.2116524520 22.9802668514 6889.3101522017
116.0247192108 103.9772861177 -6869.9080011384 23.2494430207 6970.0071346445
116.0416414312 103.9981329651 -6877.1564713041 23.2736214919 6977.2556543285
116.1507368025 104.1566032836 -6915.9927277833 23.4031669580 7016.0923957590
116.4012481904 104.9756881587 -7074.2660188201 23.9311178510 7174.3681745223
116.5758231836 105.4297630403 -7142.5970253980 24.1590515089 7242.7009577496
116.5771446214 105.4329732078 -7143.0525176897 24.1605709125 7243.1564632704
116.6044459772 105.5032776763 -7152.6551481287 24.1926028448 7252.7593902872
116.6264299705 105.5611770017 -7160.5153740846 24.2188225642 7260.6198604902
116.6334423314 105.5832741633 -7163.8441773683 24.2299265319 7263.9487445405
116.6678593600 105.7331599273 -7185.9813463836 24.3037700005 7286.0864502258
116.7544292429 106.0421043337 -7232.3533987189 24.4584543010 7332.4596244507
116.8860708084 106.4651959717 -7302.0573713287 24.6909665486 7402.1650347798
117.0472582405 106.8719842175 -7374.2527909220 24.9317890975 7474.3618117437
117.0697347963 106.9271111089 -7385.3499036629 24.9688056335 7485.4590847288
117.0756247069 106.9436160768 -7388.9311921677 24.9807516755 7489.0404161561
117.2180975592 107.2332919267 -7455.5405093537 25.2029391676 7555.6505416192
117.2347583177 107.2500733537 -7460.4348533438 25.2192651411 7560.5449428276
117.4630648933 107.5334042286 -7535.9816461133 25.4712651754 7636.0926470214
117.6547391557 107.8101089323 -7604.2522146505 25.6989941684 7704.3640732137
117.8021452674 107.9194987455 -7640.0907822073 25.8185403932 7740.2031177684
117.8709514990 107.9608411349 -7654.8597310889 25.8678050578 7754.9722858228
117.9481111880 108.0040635016 -7670.8446650451 25.9211259026 7770.9574656670
118.2906990955 108.2153831575 -7740.1258198073 26.1522269835 7840.2398187381
118.4138072308 108.3207619990 -7772.5918751204 26.2605235560 7872.7063028025
118.4269869096 108.3325857772 -7776.5364734474 26.2736814592 7876.6509409253
118.4600877821 108.3637479950 -7786.5502410853 26.3070841547 7886.6648122010
118.6686824202 108.5341110124 -7841.4034095085 26.4900569618 7941.5186681204
118.8337542284 108.6227562920 -7872.4268396370 26.5935419282 7972.5426692045
119.0425837501 108.7678401867 -7914.4441782116 26.7336993252 8014.5607872836
119.1703609990 108.8847223357 -7944.6310634485 26.8343936463 8044.7481741072
119.2127056275 108.9222691973 -7954.4953989237 26.8672980867 8054.6126723532
119.3052439492 109.0000186743 -7975.0906278263 26.9359975952 8075.2082580224
119.3186772708 109.0109724487 -7977.8860953012 26.9453224552 8078.0037792604
119.5790141964 109.2470720818 -8032.2931165349 27.1268086266 8132.4119529249
119.7589300375 109.3839755289 -8076.7142276776 27.2749835018 8176.8336504648
120.0347627503 109.5501920641 -8137.5493748122 27.4779106609 8237.6696717447
120.1131932899 109.5989946668 -8153.9071886089 27.5324753535 8254.0277476432
120.1877460489 109.6434746355 -8167.9366472015 27.5792735110 8268.0574757643
120.0950094326 109.6692484380 -8209.1834250969 27.7168597055 8309.3047667412
120.0785530354 109.6685803248 -8212.7845972373 27.7288720548 8312.9059765906
120.0458836253 109.6652848507 -8219.8500345413 27.7524400838 8319.9714904001
120.0003331690 109.6577357737 -8229.3560217559 27.7841490350 8329.4775901437
119.9693285514 109.6531797825 -8235.3515541554 27.8041482622 8335.4732045849
119.7520109253 109.5978600180 -8272.9237279059 27.9294778430 8373.0460554388
119.0375521799 109.4577905760 -8384.6409399289 28.3021344589 8484.7657187210
118.9210098813 109.4205003840 -8404.1927656301 28.3673536415 8504.3179292513
118.8675901175 109.4005862836 -8413.9388991860 28.3998638258 8514.0642325358
118.8540003312 109.3974658809 -8416.3714416563 28.4079780517 8516.4968149744
118.7121878008 109.3718038347 -8440.3282362111 28.4878908051 8540.4540459259
118.7025629207 109.3703399289 -8441.9429077264 28.4932768703 8542.0687467921
117.8375589745 109.4035609352 -8565.5121300226 28.9054697493 8665.6410964028
117.4234304386 109.3696563658 -8621.7356697273 29.0930165125 8721.8661900309
116.0674102540 109.2126133632 -8766.9813371417 29.5775255714 8867.1184140563
115.7536654642 109.2014145511 -8795.8441252909 29.6738072160 8895.9829139779
114.8476880261 109.1306465569 -8876.2110453225 29.9418996878 8976.3550118656
113.8471898614 109.0115868976 -8962.3683029219 30.2293091719 9062.5182076116
113.7620887642 109.0018364694 -8969.2222084423 30.2521731373 9069.3726485629
113.0888470365 108.9389015750 -9025.2323553468 30.4390165896 9125.3868948384
112.4129763673 108.8123881078 -9084.0235337865 30.6351363705 9184.1821150139
112.1066814899 108.7441887462 -9112.8227390317 30.7312059326 9212.9830341979
111.7662050099 108.6617768839 -9145.3676294277 30.8397703486 9245.5298156695
111.6871844583 108.6421086736 -9152.8762399559 30.8648178636 9253.0388679870
111.6010702910 108.6214716916 -9160.9924425379 30.8918922270 9261.1555539130
111.2763723555 108.5309314067 -9192.2158268027 30.9960483514 9292.3807630260
109.5266843146 107.6925872710 -9371.6528334863 31.5946227847 9471.8289870290
109.4768363192 107.6523929292 -9376.7497743333 31.6116257001 9476.9263302032
108.8203776697 107.1513870630 -9441.0463133066 31.8261136253 9541.2281828224
108.7517709379 107.1039696289 -9448.1922113721 31.8499514115 9548.3745677456
108.4300977016 106.8961694738 -9480.4985946319 31.9577215344 9580.6832261955
107.9502839398 106.6550536095 -9526.4474491305 32.1110009606 9626.6352295867
107.3570595583 106.3316741583 -9585.1580348442 32.3068514683 9685.3497236557
105.8077640725 105.2281681459 -9739.7918927649 32.8226938142 9839.9954458358
104.9488308481 104.5932275455 -9826.9854931797 33.1135623338 9927.1956349794
104.3066986839 104.0777108843 -9903.0378403083 33.3672606650 10003.2524759714
103.3565157153 102.9570474464 -10040.6654630112 33.8263634334 10140.8880747768
102.5922793915 101.9467270661 -10149.5057615439 34.1894403833 10249.7358237507
102.5822940480 101.9336055067 -10150.9538131661 34.1942708794 10251.1839692598
102.2983362326 101.5754720123 -10190.6309389625 34.3266283760 10290.8637360515
102.2537949135 101.5159781924 -10197.0217434261 34.3479472579 10297.2549728078
102.0989230760 101.3020020194 -10218.6629007419 34.4201398040 10318.8977444761
101.9430578895 101.0877717055 -10239.7513484672 34.4904888823 10339.9878585299
101.7312319044 100.6738803268 -10273.8129573384 34.6041168258 10374.0526470784
101.5580190584 100.3315172216 -10300.6478588618 34.6936376191 10400.8902951359
101.3398570211 99.8101544564 -10340.0067293823 34.8249382847 10440.2532319217
100.3187278071 97.6382384671 -10495.1780731348 35.3425963349 10595.4432899225
99.9617189526 96.7545833653 -10560.7051201001 35.5611942714 10660.9772932574
99.0102271288 94.1624823950 -10750.2595739705 36.1935472974 10850.5521072197
99.0003612857 94.1259616419 -10752.7057936018 36.2017079878 10852.9986193490
98.8181557920 93.4251356896 -10799.1634739801 36.3566930361 10899.4619553450
98.7290529872 93.1076641696 -10820.4616256915 36.4277445750 10920.7626616949
98.7264887280 93.0984724107 -10821.0951726787 36.4298581012 10921.3962805472
98.7205231842 93.0756479251 -10822.6594300169 36.4350764982 10922.9607157722
98.6433415468 92.7800483452 -10842.6445313048 36.5017474451 10942.9481540756
98.5601238216 92.4207219250 -10866.1956183860 36.5803150917 10966.5021321667
98.2800884885 91.2198798023 -10948.9020977648 36.8562250153 11049.2178444200
98.1516411370 90.7946142610 -10981.2505933839 36.9641382146 11081.5693959471
98.1388177822 90.7529642263 -10984.3873819037 36.9746024302 11084.7064872116
98.0021942987 90.2721608182 -11018.4533022509 37.0882464016 11118.7760807705
97.9443392987 90.0215559756 -11035.7680487496 37.1460085818 11136.0927389035
97.9206556510 89.9159300901 -11043.0148379902 37.1701839784 11143.3403367921
97.9006367833 89.8330717845 -11048.5053160725 37.1885004589 11148.8314766702
97.9382480042 89.8222622362 -11057.6418356128 37.2189805539 11157.9682043467
96.1621682631 89.7644177571 -11172.7577404119 37.6029875961 11273.1169650679
95.4427680861 89.9459187111 -11202.2418821803 37.7013756320 11302.6117054395
94.6707560018 90.4700089865 -11220.3334219900 37.7618090762 11320.7277723036
91.6007214271 91.9877371662 -11356.4838287605 38.2160576859 11456.9484911679
91.3618266200 91.7480041231 -11388.2946983319 38.3221821670 11488.7626897199
91.3419531486 91.7589699532 -11390.1167498153 38.3282611605 11490.5848874795
90.3818527538 92.5927637807 -11435.7737834872 38.4806248611 11536.2627861762
90.1179069654 92.7108948456 -11448.4869154388 38.5230472024 11548.9794587381
87.3967854451 90.0270900242 -11592.2731961507 39.0028009209 11692.8524708507
84.5130315532 88.4338016482 -11621.1506185639 39.0997576193 11721.9180690032
82.7195691353 87.0827405373 -11640.8282302552 39.1658283818 11741.7241170969
82.7103008854 87.0739867156 -11640.9386262890 39.1661991217 11741.8352468333
81.6095636844 85.8736678892 -11654.8361747667 39.2128791508 11755.8282674110
79.1125566482 82.5095336230 -11695.5536029925 39.3494254496 11796.7635632345
78.3344383826 81.4758666220 -11708.0625456222 39.3913783696 11809.3394973001
77.2640561932 80.4036022323 -11724.5912880994 39.4467494044 11825.9379007375
74.0984110077 77.1286441042 -11767.6461384765 39.5911757673 11869.2358946363
71.0808089578 73.8189291399 -11805.8969740713 39.7196491082 11907.7506876015
68.7405970312 71.4833616143 -11831.3013893522 39.8051107263 11933.3699974656
56.8491384218 62.6776453989 -11938.2638603945 40.1652402986 12041.3570178567
55.0814524912 61.0746272802 -11955.8867609216 40.2245672665 12059.1413376526
54.8819361143 60.8960954190 -11957.8085590509 40.2310404874 12061.0817008537
49.8815124966 56.6520733857 -12012.0054222616 40.4131473855 12115.6780668012
40.1521380982 51.1257378562 -12111.0263838839 40.7455044359 12215.3347360559
37.2696373840 47.9400041904 -12153.3383692892 40.8873807565 12257.8681381767
34.9607923697 37.2395141429 -12266.6946839474 41.2672585081 12371.7792359181
39.2006482770 8.6480685469 -12526.7147825146 42.1400510923 12633.6248374613
39.6284553803 6.1292466560 -12549.1143082149 42.2152607731 12656.1706085902
39.6600880990 5.9833721783 -12550.3677911559 42.2194720740 12657.4329500830
40.2730239528 1.5648014750 -12590.6377660370 42.3546263103 12697.9508510550
40.2261988730 0.7217071124 -12596.1918930161 42.3733682213 12703.5688375492
42.1917732087 -16.8338632923 -12728.6366954594 42.8190742389 12837.2285340362
56.5188603212 -44.4615626589 -12922.5917452310 43.4743758238 13033.7839698548
63.9273863169 -55.9908106196 -12997.7168984057 43.7290771131 13110.1500943336
68.6152799817 -61.9294494529 -13040.0732892426 43.8726146487 13153.1815839466
69.0752400582 -62.4414020774 -13043.8264551258 43.8853443675 13156.9973543480
78.1407188287 -74.0893262500 -13119.8679417060 44.1437014408 13234.4599005101
83.8387508463 -80.5885431158 -13162.6495516191 44.2892967820 13278.1083957764
87.2168699535 -83.9423608607 -13185.8703976386 44.3683711866 13301.8127622994
89.1920694757 -86.1140510056 -13200.6273438687 44.4185650079 13316.8590691358
101.0558065706 -98.2262242991 -13293.6789823119 44.7340595380 13411.4585468856
101.7033520670 -98.8621529190 -13298.5555005224 44.7506074119 13416.4188338465
103.9458200077 -101.0537628192 -13315.8107791505 44.8091140171 13433.9571574900
113.7145499358 -108.4361726650 -13379.2453318382 45.0246283943 13498.5715218153
118.0714458574 -110.9921036073 -13406.7448452371 45.1179029211 13526.5330945464
131.3179675966 -116.7420755640 -13486.2479648125 45.3874714984 13607.3581885166
137.8710180485 -118.5690062930 -13522.4898696868 45.5104877224 13644.2367627797
142.6551269898 -120.0067964386 -13550.4758517145 45.6053211296 13672.6656914024
148.1633950792 -121.4201264474 -13579.8096163170 45.7050017584 13702.5478556463
148.4982141250 -121.4805412606 -13581.6428165306 45.7112219735 13704.4123663280
148.9732946838 -121.5733663492 -13584.2922647386 45.7202071482 13707.1056816919
151.4569460768 -121.9291026396 -13598.0173852383 45.7667539905 13721.0586851796
163.8349474701 -121.6632831097 -13663.6248448424 45.9894846123 13787.8371245828
171.7237632903 -120.0502805452 -13705.7054715219 46.1324145512 13830.6864323832
173.6157046078 -119.7241301048 -13715.4705288318 46.1656149748 13840.6385378005
183.6780965324 -118.2212612830 -13771.6643227466 46.3561036577 13897.7484041026
184.6101672545 -117.9540943315 -13776.9777749543 46.3741226247 13903.1496531672
189.7131235757 -116.5723938579 -13804.3461560329 46.4671092680 13931.0248956748
197.2555635654 -115.1110643251 -13843.9962533767 46.6018326311 13971.4135895052
199.0869987603 -114.7171204898 -13853.4836555562 46.6340946231 13981.0843764428
215.3334404239 -111.9802275142 -13928.7945780643 46.8912327848 14058.1815977370
217.2942519406 -111.5693330152 -13937.5632411543 46.9212395999 14067.1763533833
223.5722290529 -110.0033298090 -13968.2186544997 47.0257545493 14098.5078837480
232.1289246804 -107.1272583772 -14010.2122039802 47.1690454497 14141.4654199032
236.4817943012 -105.5578993761 -14032.7261043288 47.2457208279 14164.4505182208
253.3408070056 -96.5728801295 -14124.6562935666 47.5589722562 14258.3776945271
254.3326197132 -96.0658037395 -14129.8370080203 47.5766506803 14263.6768532409
254.4178804847 -96.0224078494 -14130.2734637210 47.5781413280 14264.1236714278
262.9349434307 -91.9528876173 -14174.9811335544 47.7305605115 14309.8182370286
271.3014140208 -87.5641172475 -14215.9139467200 47.8706930846 14351.8287889468
272.4228737766 -87.0464151083 -14221.6178899462 47.8901630666 14357.6649790655
281.3263530172 -83.0631109444 -14270.1297339778 48.0552257551 14407.1506717483
300.3076324684 -70.0936096741 -14388.0846336713 48.4561348915 14527.3730195823
300.6097918091 -69.8632878861 -14389.9239341694 48.4624005899 14529.2511551853
311.7569672009 -59.0942264822 -14463.2581096002 48.7124559022 14604.2243696394
330.3617313980 -40.0283520266 -14580.1275859844 49.1122515883 14724.1128873853
330.5218822403 -39.8465700220 -14581.0911346127 49.1155661786 14725.1064278476
349.4349876763 -16.6846748531 -14711.6550166834 49.5622675632 14859.0676296727
354.2108076320 -11.4946542386 -14744.4636482360 49.6742131787 14892.6269516810
373.0911643105 10.0308685801 -14865.1132874766 50.0877412839 15016.6356050462
374.7451433829 12.3673618277 -14878.1187498060 50.1321671527 15029.9527256378
375.5759494499 12.7687392539 -14885.6005444535 50.1573163181 15037.4912947363
377.8521379287 13.9615848186 -14904.1954624908 50.2199392434 15056.2635405373
383.7254399323 17.9004563294 -14953.4685800020 50.3859971418 15106.0476718027
384.7369657230 18.4042579642 -14959.8701778183 50.4076837954 15112.5483115287
388.8664085769 20.8043691663 -14986.4766775302 50.4978633823 15139.5819176306
392.8370016434 23.2870139830 -15012.7626152432 50.5869357101 15166.2835617039
393.3249312577 23.5788806919 -15015.8095989303 50.5972763365 15169.3831567658
393.8378626357 23.8741578454 -15018.9037075200 50.6077858585 15172.5333785854
421.1861649432 46.0790111879 -15185.6178766915 51.1761864058 15343.0142284697
436.6120915183 64.1701643519 -15299.8004530820 51.5653117982 15459.7023583407
438.7541118826 67.8378665929 -15318.6655938914 51.6298225082 15479.0405152173
439.2243464019 68.4536156048 -15322.2280039344 51.6419850241 15482.6862223037
450.2803745031 84.9353152402 -15405.7632356101 51.9283954253 15568.5633582239
451.4106294531 86.9478949646 -15415.7855466772 51.9627060907 15578.8482057360
459.7357638069 100.5470022074 -15482.4237959308 52.1912400475 15647.3673763762
466.5751718645 116.1131641113 -15546.3493079006 52.4119202806 15713.5312794739
472.6948868577 137.4973293513 -15627.5732013942 52.6928522068 15797.7653367793
473.2619008329 139.4199813551 -15634.8538112093 52.7180449066 15805.3169314186
473.8978838099 141.5424221109 -15642.6668457934 52.7451377863 15813.4381277452
474.3111711976 142.9292384546 -15647.9577308784 52.7634372109 15818.9233979204
475.0404571204 145.7796035884 -15658.3301784883 52.7994062986 15829.7053608276
476.5864985325 154.8411338857 -15691.9734159143 52.9157587967 15864.5859048626
477.8476984171 162.9913974258 -15722.2140254583 53.0203207251 15895.9314165361
479.1462136896 177.9737657015 -15774.2078570919 53.2008874666 15950.0662410355
480.3775789276 190.2628710147 -15815.1981533309 53.3436881625 15992.8767831113
482.0013319467 206.7249181233 -15869.9529903838 53.5344710347 16050.0751238360
483.0374013979 216.4000494952 -15902.3256690252 53.6472317114 16083.8787463858
483.4285399019 223.3244944097 -15925.0432255539 53.7264698751 16107.6320159738
484.3670269234 239.9195351132 -15982.5562170621 53.9261536299 16167.4995337363
484.3599999790 241.0295992883 -15986.1875662220 53.9388218147 16171.2967937683
484.0318506415 246.4693094467 -16004.0911133294 54.0012563463 16190.0124648850
483.1845407769 254.0394646962 -16029.1112065216 54.0885098774 16216.1687372706
475.8138933967 301.1248292262 -16201.6677819421 54.6853695746 16395.1955852232
474.7855124755 307.5264106284 -16224.7711805795 54.7654184469 16419.1918835523
470.3126500445 330.1426530306 -16310.3500308454 55.0610058373 16507.8222770745
470.2778893599 330.4183332417 -16311.3952411032 55.0646139681 16508.9037927924
470.0654623900 331.9728700647 -16317.1358727546 55.0844680760 16514.8550547903
469.9015232548 333.1679304905 -16321.5349685516 55.0996859310 16519.4165767460
467.9353313970 342.3524119690 -16356.0508728379 55.2190239494 16555.1922163685
460.2847507967 364.8964826055 -16446.9632073762 55.5325592914 16649.2062582290
459.3834137101 367.2734592567 -16456.7278322401 55.5662211126 16659.2965326028
453.2010467983 381.6997838261 -16514.2913817259 55.7652526687 16718.9685403647
449.3616758184 388.9065903357 -16547.4046158289 55.8790305164 16753.0771015728
447.2965639803 392.3677767030 -16564.0633085570 55.9362092415 16770.2171277141
445.2414556957 395.6865829834 -16580.1933683420 55.9915741457 16786.8134022305
443.7781863991 397.9866927231 -16591.8055251550 56.0313665473 16798.7414202555
441.9790130129 400.8020692406 -16606.4782502373 56.0815687917 16813.7900336770
434.3499582245 411.0055948579 -16666.3629206171 56.2858104620 16875.0244950800
431.7402940270 413.9888660975 -16684.8941591623 56.3490297704 16893.9753857031
427.2250680165 418.4210515775 -16713.5609646486 56.4469660960 16923.3343900660
419.0183531833 426.1576235268 -16765.6764148072 56.6248367186 16976.6608091743
418.6048161686 426.5583861298 -16768.5260307092 56.6345357483 16979.5680484409
416.1537795012 428.6724551792 -16783.8265589439 56.6867101960 16995.2078732726
414.3208136086 430.2733182592 -16794.7878529165 56.7241687375 17006.4362595098
405.7869818751 438.4474476262 -16850.6871260273 56.9147493105 17063.5740585142
393.4076538307 451.3280961445 -16924.5162862041 57.1681006117 17139.5367618869
388.3579546281 456.1335492526 -16950.4314929554 57.2576294665 17166.3751137697
386.1351341038 458.2703205059 -16961.7972577355 57.2969179142 17178.1520333288
385.7692311581 458.6100421814 -16963.5967490629 57.3031481776 17180.0195141360
385.0771370663 459.2232583504 -16966.9416143935 57.3147258444 17183.4898661777
378.2983452162 464.9918069049 -16997.2388510304 57.4200687686 17215.0694427539
376.1889210055 466.7665055296 -17006.7561391975 57.4531246445 17224.9780394817
375.7335077479 467.1294778849 -17008.8182693429 57.4602734065 17227.1208357297
372.6402060491 469.3881420113 -17022.0579388409 57.5062543369 17240.9039671589
368.9767304322 471.8627959742 -17037.1806474670 57.5588179292 17256.6604240618
362.2119300700 476.0959300001 -17063.7344606461 57.6513180831 17284.3895808748
361.9445001501 476.2588873768 -17064.7937070109 57.6550031593 17285.4941541885
359.7165702502 477.5509875052 -17073.3836730199 57.6849212001 17294.4621384716
359.2550936178 477.8191850521 -17075.1773462634 57.6911645755 17296.3335478715
350.2961224413 482.8656207593 -17111.5486954628 57.8172514125 17334.1326394217
334.3802121264 492.0176527728 -17176.6852872485 58.0429613431 17401.8054467629
316.8008708298 500.4018373433 -17242.3945129406 58.2715656995 17470.3463211803
299.8573961399 505.9548238436 -17303.2176060867 58.4830318362 17533.7474633708
295.0377396171 507.1846255655 -17319.8601286179 58.5409809237 17551.1183658665
289.1017321709 508.9119242456 -17340.0308436047 58.6113604369 17572.2157456977
273.6875457746 517.3927511431 -17404.2524193456 58.8334789233 17638.8115547756
222.4411832466 542.8430529155 -17621.6026844509 59.5823434199 17863.4812719884
214.0211641999 546.2100208320 -17657.3092043918 59.7052413095 17900.3241937783
204.4556447352 549.4225563088 -17701.4563245312 59.8563092916 17945.6136474527
190.1420256697 552.0145805209 -17769.0671422947 60.0870297421 18014.7893074745
189.9126705337 552.0388221253 -17770.0958725852 60.0905470102 18015.8435756448
187.9566480530 552.2056079375 -17778.6347981699 60.1197775873 18024.6054449837
185.9259972486 552.3630203418 -17787.1789775107 60.1490811035 18033.3891784237
179.2412622296 553.0637419515 -17815.8496670546 60.2473164074 18062.8377294357
168.8966403001 554.1955600669 -17859.8103825983 60.3980075604 18108.0141919050
159.6793217548 555.6325705352 -17901.5743973883 60.5407560658 18150.8090674994
152.4839701144 556.0971611617 -17932.6757134981 60.6472670022 18182.7387713963
147.0848088403 556.1988221994 -17956.1456461333 60.7276124495 18206.8238366553
142.2007111976 556.1239709807 -17978.1344388254 60.8027571331 18229.3497274166
142.1465953020 556.1214910075 -17978.3814414282 60.8036007782 18229.6026009123
107.4517957137 546.0644253198 -18146.1627736419 61.3763251899 18401.3928109514
103.1559269830 544.8333101414 -18166.0970110898 61.4444770089 18421.8222783493
96.5941764951 542.1971259548 -18196.5887477977 61.5489012248 18453.1263278630
91.4804217850 539.9934553529 -18221.2967448500 61.6333930998 18478.4544716496
80.2569109719 534.9397880221 -18272.7724646110 61.8099666186 18531.3920641549
77.6914962155 533.9557168769 -18283.6669900325 61.8474510030 18542.6280973772
68.2241245664 530.1833633596 -18327.8996463155 61.9988704095 18588.0229320461
52.2201137241 522.1098596324 -18401.5985233921 62.2519032167 18663.8907172590
38.2513709193 514.2088864686 -18463.3575490537 62.4647391032 18727.7028850444
11.1021145725 491.7702302363 -18592.0538848041 62.9099579785 18861.2271555568
9.6209335791 490.3929385687 -18600.1445558477 62.9377804928 18869.5669062894
9.5379912029 490.3153665221 -18600.5954822287 62.9393318711 18870.0319136926
-0.9236197710 479.1363226736 -18658.0398405644 63.1376594384 18929.4931480559
-9.3502271236 470.1783905914 -18702.5434313086 63.2916710828 18975.6652789978
-9.7373545550 469.7568575761 -18704.6685641816 63.2990136452 18977.8661407798
-9.8049693454 469.6822016618 -18705.0364319102 63.3002861170 18978.2475488759
-19.1012448165 457.3267678766 -18760.6501477425 63.4928670566 19035.9854566022
-27.6757479726 440.2816056125 -18827.2279081838 63.7239409925 19105.2674112200
-30.1848353859 430.9591710025 -18859.4391900442 63.8361242999 19138.8977586419
-30.4932461541 429.7111450231 -18863.6272784563 63.8507401386 19143.2787510597
-32.7767285896 418.5849134634 -18899.4191248898 63.9760102773 19180.8329006815
-33.0108822945 417.1374230537 -18904.1254110877 63.9924559019 19185.7623686310
-33.7351136092 412.0571073984 -18920.2441930960 64.0488888201 19202.6786331160
-36.1647287355 393.8814832709 -18981.0264295359 64.2606421797 19266.1662465600
-36.2844741314 384.8573989667 -19010.5463342862 64.3636254823 19297.0382364975
-36.2500824976 377.2986506069 -19034.0412493004 64.4459607978 19321.7197824381
-36.2265261036 376.4380830459 -19036.6796021006 64.4552197715 19324.4950559446
-35.6087551581 348.5093747293 -19125.5995175223 64.7660369917 19417.6964010098
-30.8738836718 324.2018346712 -19210.5263254921 65.0611614862 19506.1903410204
-29.2687558335 317.5018293486 -19235.2571842724 65.1468040421 19531.8633321743
-28.9834377088 315.9025074026 -19240.9125799189 65.1664347273 19537.7474845474
-26.6985367751 301.6416222714 -19292.2662344688 65.3443699076 19591.0935361821
-20.8447436131 284.2362508374 -19356.4510426779 65.5671100113 19657.8763983308
-9.1281541816 261.7275402630 -19449.4325847626 65.8886857551 19754.3054189994
-5.5228999965 255.8986686286 -19470.7245202236 65.9633044899 19776.6734591561
4.5688520832 243.2440833615 -19522.0145242584 66.1427473682 19830.4716560258
4.7102938300 243.0813489247 -19522.6932745871 66.1451233809 19831.1838301697
5.5960730680 242.0576276662 -19526.9699404072 66.1600891646 19835.6696752468
7.5328471156 239.9025046487 -19535.9847893084 66.1916803310 19845.1390259867
18.5794714389 229.5731678162 -19583.9125904375 66.3593560263 19895.4085477982
20.2172068304 228.2361287432 -19590.6722241698 66.3829852455 19902.4912510883
22.2093758700 226.6425930300 -19598.5493066590 66.4106087725 19910.7712666621
30.3943902372 220.0473591466 -19630.1532352883 66.5217146468 19944.0784795946
34.7755590046 216.6593009101 -19647.4031812474 66.5821577941 19962.1968175166
47.6439397448 208.0782244341 -19694.3932904233 66.7472077574 20011.6789687736
82.0972147871 195.9460962248 -19818.1961400191 67.1779761004 20140.8706362409
94.4410895970 192.5386736044 -19864.6870338726 67.3388437568 20189.0986576128
105.9650917687 191.3345200955 -19919.1110773789 67.5244758986 20244.7529480790
114.9539373476 192.3606590712 -19960.7642641173 67.6666743128 20287.3828511214
115.6135332684 192.5362894882 -19964.3568819940 67.6788747146 20291.0397653663
142.3344883123 200.7303170373 -20093.6348494680 68.1199662965 20423.3306270218
145.7400534956 202.2097165462 -20112.7096957114 68.1847980428 20442.7645303429
146.5669417826 202.5968174559 -20117.4645927730 68.2009515335 20447.6063538590
148.6440634456 203.7045915513 -20129.9870551382 68.2434612112 20460.3486129667
153.3004113717 206.3721440727 -20159.4767141929 68.3434599582 20490.3256194544
155.6395745475 207.6984063795 -20174.0143883515 68.3927826349 20505.1102102114
155.8431086846 207.8092066553 -20175.2544403681 68.3969914521 20506.3717329687
169.1228275421 214.8452265438 -20249.9729125081 68.6511950911 20582.5918941734
176.5885099513 220.1027208604 -20304.3544797325 68.8351392737 20637.7400748169
178.0670898484 221.2980936401 -20316.1244607033 68.8749155875 20649.6629493046
179.6470247830 222.4481838022 -20327.5250992068 68.9135052123 20661.2300954443
182.9212155167 224.6231106045 -20352.0128956621 68.9962439590 20686.0322949792
193.9899837238 234.6278400067 -20442.2070620322 69.3012321871 20777.4871494623
207.4243190596 249.3225931247 -20541.2247999612 69.6380923304 20878.5040772775
208.7542277532 251.6486857612 -20554.0574585963 69.6818284766 20891.6138838482
209.0203696738 252.1515595138 -20557.0265268891 69.6919146263 20894.6370000856
209.0708305099 252.2467561894 -20557.5775150372 69.6937877548 20895.1984246798
210.9251369541 255.9411165103 -20579.8565196582 69.7693842590 20917.8592420359
211.7023004768 257.6634911552 -20590.4094493020 69.8051519543 20928.5803012458
213.6587532204 263.6931143351 -20626.9213254318 69.9287866028 20965.6438211380
214.3078587925 265.5013371993 -20636.4901757579 69.9613483116 20975.4038590059
225.2855525969 296.5677395982 -20786.6539337459 70.4738610992 21129.1402771095
227.0857872260 305.3094750280 -20828.8364761274 70.6176867607 21172.2580725184
228.3930662464 310.5129623337 -20853.2531416684 70.7010856627 21197.2579098062
234.9848259780 340.5806835854 -20995.4086094852 71.1860227548 21342.7198974872
234.9598840584 340.9298989211 -20997.2362074038 71.1922312721 21344.5807373052
235.0075809270 351.7638509062 -21054.9104926577 71.3879674145 21403.2659059185
232.0506263624 368.9777464264 -21190.0944381764 71.8426950949 21539.6599143642
231.2436363902 371.0526396849 -21205.2633227475 71.8938454711 21554.9920206912
228.4218758035 376.0784101261 -21241.1803088487 72.0152054466 21591.3734025687
220.8009701256 390.2598235982 -21336.9895233877 72.3391951691 21688.5321563130
220.7047321039 390.5069488988 -21338.4561889244 72.3441679596 21690.0226120094
217.4587661768 396.4476114751 -21378.4002424365 72.4793307583 21730.5427409443
205.5898366099 431.5794882036 -21667.0957609229 73.4488452022 22021.5995755053
196.9066802439 439.6702739705 -21749.0250531270 73.7250150497 22104.4116628312
191.8528121831 443.7555084730 -21800.4830039339 73.8980280822 22156.2821469180
184.4992249042 450.0625546188 -21894.9323413714 74.2146949837 22251.2443461581
183.5543069103 450.6176325509 -21903.4963725661 74.2435008375 22259.8784059021
183.5321607798 450.6296642444 -21903.6780385816 74.2441127657 22260.0618119771
183.0904957474 451.0953603522 -21907.5194765812 74.2571074702 22263.9565417833
180.5561315559 453.9215158767 -21929.8772264986 74.3327650583 22286.6350946423
168.9809715867 464.4784584834 -22009.5589376748 74.6036617795 22367.8673906492
158.1429549593 473.3234129197 -22080.9722697203 74.8464438066 22440.6652264578
156.7249306636 474.3790006854 -22089.8086380952 74.8765104327 22449.6769735175
154.2639332460 475.8160757820 -22104.2629732901 74.9256653661 22464.4105205700
154.1888754908 475.8543993724 -22104.7140898651 74.9271965888 22464.8694422176
146.7296929498 479.8672460369 -22147.3561206799 75.0722229966 22508.3472318531
146.5646383324 479.9750646231 -22148.4260251326 75.0758529038 22509.4351527438
135.7826160920 484.8741139762 -22207.3444342572 75.2763503344 22569.5491651076
130.5703407029 486.3501862247 -22231.8287870080 75.3600165159 22594.6286567458
86.1378216469 484.5564052654 -22407.5011297089 75.9648663142 22776.1196595812
82.3923082735 483.0065686714 -22423.8570794499 76.0210863519 22792.9710708546
82.3542237476 482.9897270938 -22424.0301534072 76.0216803078 22793.1490840526
81.6367740542 482.6632526824 -22427.3544219763 76.0330794298 22796.5655612846
66.4817742689 473.8220800166 -22499.2555630259 76.2800461710 22870.6189993881
