X Y Z LocalTime TrackLength
100.0000000000 100.0000000000 100.0000000000 0.0000000000 0.0000000000
99.9987625063 100.0482022237 76.4610009313 0.0785178910 23.5390620581
100.0053656776 100.0994204155 58.4473401071 0.1386052740 41.5527984652
100.0190463424 100.1352622474 45.5427800562 0.1816504656 54.4574163064
100.1492477881 100.3077320230 -26.4465638240 0.4217822753 126.4471149067
100.1871969546 100.3508868899 -50.9813879402 0.5036219066 150.9820093730
100.1941461752 100.3561403215 -54.8209998909 0.5164295131 154.8216312586
100.2772757033 100.4423520194 -96.9004375929 0.6567920505 196.9012491407
100.3074862534 100.4771342949 -111.4664488538 0.7053793026 211.4673342439
100.3286108903 100.4965279403 -120.7747124010 0.7364284912 220.7756423363
100.4672646759 100.5678970490 -168.0924948144 0.8942645628 268.0936940262
100.6734341560 100.6962607636 -236.0869206357 1.1210711196 336.0885808545
100.9120935720 100.8549460738 -293.9387504203 1.3140465296 393.9411424128
101.2015102581 100.9963563255 -354.6861681215 1.5166810573 454.6894351925
101.2438986335 101.0119488711 -362.9026139155 1.5440885987 462.9060053976
101.3391210147 101.0465984796 -380.7695215281 1.6036871767 480.7732017940
101.4967410617 101.0955411866 -408.7566048607 1.6970437091 508.7607755546
101.5298468923 101.1049453150 -414.0869282929 1.7148241341 514.0912101963
101.5594607120 101.1125088621 -418.7875592145 1.7305040907 518.7919405664
102.0487760097 101.2180622971 -482.9288105695 1.9444628965 582.9351673733
102.1505381716 101.2326558553 -495.0276561174 1.9848217790 595.0344502924
102.6653495032 101.3502250871 -558.5701511242 2.1967841563 658.5791627427
103.3356487802 101.5029301682 -633.1086519486 2.4454285270 733.1208639551
103.3445088849 101.5061072779 -634.1913134929 2.4490400356 734.2035664165
104.0343207183 101.7624572404 -723.9259221316 2.7483726889 823.9412405896
104.0994300838 101.7819760918 -732.9231209007 2.7783849856 832.9386964282
104.1567880190 101.7991463146 -740.8682729951 2.8048879265 840.8840743599
104.2991431964 101.8424533004 -760.1172364219 2.8690975085 860.1336145086
104.3350083642 101.8530497045 -764.9632845178 2.8852626747 864.9798069934
104.7676497401 101.9090251326 -825.7859398053 3.0881506230 925.8040733712
105.2064585934 101.9481648136 -886.6177825092 3.2910692335 986.6375320345
105.3622189448 101.9725226840 -906.6170066860 3.3577815719 1006.6373794444
105.4211564301 101.9858453352 -914.3577131151 3.3836025893 1014.3783219402
105.9344277874 102.1532206948 -990.4876216824 3.6375511447 1090.5101783942
106.2437873152 102.2811023467 -1037.6833129391 3.7949830646 1137.7070684351
106.3927239314 102.3569105936 -1058.8220081812 3.8654964018 1158.8464262795
106.4923811099 102.4039426381 -1072.9777250664 3.9127162458 1173.0025729069
106.6385748242 102.4594218838 -1095.6947658487 3.9884939712 1195.7201541610
106.7160170615 102.4872868821 -1107.8589654396 4.0290703233 1207.8846328034
106.7526277906 102.5013425070 -1113.7694878040 4.0487861480 1213.7952854029
107.0837930533 102.6361999151 -1171.5053955017 4.2413761980 1271.5323188763
107.5885358051 102.7121417778 -1265.8868424508 4.5562035794 1365.9151988202
107.6193500946 102.7112900220 -1270.8742995299 4.5728402719 1370.9027512575
107.6664997181 102.7105758723 -1278.8410845188 4.5994150856 1378.8696760719
107.7537398528 102.7058610131 -1294.6464949466 4.6521370929 1394.6753291309
107.8130426410 102.6975063270 -1306.4760285635 4.6915966960 1406.5050149848
108.0547628935 102.6717102639 -1349.6992102197 4.8357760667 1449.7288906194
108.0950606264 102.6672019192 -1356.7533177563 4.8593064378 1456.7831149101
108.1664041338 102.6637090388 -1369.0578269926 4.9003505758 1469.0878321746
108.6535950598 102.5796645806 -1453.0355697659 5.1804751756 1553.0670733057
109.2794309586 102.3579331897 -1553.3822818365 5.5152032824 1653.4160451895
109.3750193251 102.3408076729 -1566.9334466980 5.5604062874 1666.9675589079
109.8375858200 102.2801248482 -1635.3236110634 5.7885367505 1735.3593429745
109.8618421206 102.2763782610 -1639.1439170637 5.8012801893 1739.1797278705
109.8620172868 102.2763558876 -1639.1709012674 5.8013702009 1739.2067126520
110.2689429758 102.2536529101 -1704.1867365156 6.0182440615 1804.2238511124
110.7536915634 102.2868357672 -1789.6930967608 6.3034673345 1889.7316368767
110.9726765714 102.3180167623 -1832.6674369022 6.4468162766 1932.7065562953
111.0135503313 102.3274897333 -1840.1116126522 6.4716477815 1940.1508505040
111.4171513884 102.4633991345 -1921.7971249802 6.7441251665 2021.8375130465
111.7957419583 102.5853313769 -1988.7907821885 6.9675960051 2088.8323763778
111.8748651344 102.6031376401 -2000.2906224573 7.0059563172 2100.3325031928
111.8879836469 102.6071812457 -2002.2395941188 7.0124575516 2102.2815231998
112.0808270051 102.6610510046 -2030.3703055029 7.1062939295 2130.4129509402
112.4316520625 102.7419867084 -2079.8029197341 7.2711878389 2179.8468892349
112.6694912293 102.7968554077 -2113.7776473943 7.3845183152 2213.8224996477
112.8150899510 102.8220014104 -2135.3162568422 7.4563651106 2235.3616180633
112.9250564954 102.8395869716 -2152.5424859344 7.5138268566 2252.5882085228
113.1355239415 102.8808027102 -2185.1764527911 7.6226844599 2285.2228855391
113.7118840864 102.9992345945 -2272.7898735558 7.9149381120 2372.8383272143
113.9396960663 103.0739494554 -2312.3755261998 8.0469841249 2412.4247137964
114.2192134625 103.1800604902 -2379.9910563589 8.2725275783 2480.0409315784
114.6322718220 103.3711756090 -2460.2592597813 8.5402779271 2560.3104636009
114.7996776593 103.4148414597 -2489.2934410003 8.6371273006 2589.3451644897
115.1893817565 103.8031433862 -2574.1626981900 8.9202268321 2674.2162682052
115.3917679068 104.1030188945 -2643.9176733610 9.1529076373 2743.9722109741
115.4342547371 104.1648052526 -2661.0616870032 9.2100944885 2761.1163900527
115.4413821675 104.1743002196 -2663.9260290918 9.2196489923 2763.9807567739
115.4725536095 104.2148408449 -2677.1430243487 9.2637364961 2777.1978517690
115.4737017689 104.2162060861 -2677.5962575059 9.2652483317 2777.6510884366
115.6542098260 104.4360938399 -2736.5407516882 9.4618683939 2836.5962893746
115.6667943860 104.4560338342 -2740.7684341459 9.4759706514 2840.8240376520
115.7585891778 104.6105814875 -2770.7974167037 9.5761384035 2870.8535632472
115.8391300999 104.7688537323 -2798.2122710058 9.6675864821 2898.2689970022
115.9232040643 105.0266818589 -2838.5789906265 9.8022384774 2938.6366373968
116.0028393324 105.2659716541 -2874.2442248440 9.9212079315 2974.3027705748
116.0417130960 105.4002726753 -2891.9659053693 9.9803229660 2992.0250042973
116.0727577158 105.5245566766 -2906.7355843017 10.0295911912 3006.7952398898
116.1460969365 105.7245606043 -2932.5897980986 10.1158345390 3032.6503349637
116.2197306968 105.8745940354 -2953.4957330592 10.1855714976 3053.5569403606
116.4816631423 106.2611826857 -3017.7235482465 10.3998182022 3117.7864770458
117.0819655223 106.7962617249 -3133.7192274629 10.7867476289 3233.7850253814
117.2039406705 106.9122276298 -3162.4113457175 10.8824559303 3262.4776415244
117.4587341788 107.1568390879 -3226.5932569491 11.0965470966 3326.6605489692
117.5297407359 107.2230233142 -3245.4574995447 11.1594723028 3345.5250430373
117.5623355226 107.2522240395 -3253.7363473341 11.1870879669 3353.8040067789
117.7703547899 107.4347854950 -3315.4573580817 11.3929692755 3415.5256601361
117.9722221207 107.6855807113 -3399.3232708915 11.6727180580 3499.3922340075
117.9823880789 107.6974673960 -3403.5001780171 11.6866508255 3503.5691704823
118.0227591579 107.7309297300 -3418.7169199532 11.7374087410 3518.7860038345
118.0825238240 107.7765023616 -3438.6977077865 11.8040579816 3538.7669349517
118.1617448177 107.8698003190 -3468.3565551617 11.9029901421 3568.4260395419
118.2013953663 107.9534962139 -3492.6438008457 11.9840043532 3592.7134792378
118.2100158181 107.9838622360 -3501.8731884953 12.0147904729 3601.9429212365
118.2255611948 108.0134558758 -3512.9907500188 12.0518748535 3613.0605335670
118.2443066744 108.0415123561 -3522.3122259534 12.0829681704 3622.3820709478
118.2961925337 108.2843995092 -3604.1340306817 12.3558977368 3704.2042941240
118.3069966695 108.3228347152 -3624.8442975143 12.4249799157 3724.9146015798
118.3198285820 108.3634590237 -3655.3928132953 12.5268789488 3755.4631520037
118.3752176057 108.4042055194 -3694.4408542615 12.6571294637 3794.5112618416
118.4186688246 108.4646955230 -3733.3278703909 12.7868428936 3833.3983576271
118.4265151123 108.4899378499 -3744.6299272041 12.8245426201 3844.7004459293
118.3878834323 108.5961881531 -3800.6039421400 13.0112523169 3900.6745934573
118.3331765005 108.6651419363 -3850.6950709504 13.1783386833 3950.7658138381
118.3217678610 108.6891620761 -3865.4473787236 13.2275471911 3965.5181465939
118.3106556165 108.7136955247 -3877.3621541242 13.2672907263 3977.4329530711
118.2962945228 108.7540424326 -3894.2364726140 13.3235776050 3994.3073272574
118.2917353292 108.7891949041 -3910.2337954475 13.3769390893 4010.3046905816
118.2489009448 109.0280177601 -4054.5150782185 13.8582105789 4154.5863135720
118.2464190049 109.0312781834 -4056.7912739180 13.8658031668 4156.8625129600
118.0966745977 109.5112293097 -4246.9034531538 14.4999516819 4346.9755993788
118.1005416990 109.5337852560 -4254.0551118887 14.5238071824 4354.1272949409
118.1098097853 109.5683273850 -4265.7040666613 14.5626641166 4365.7763052289
118.1381072568 109.6444882862 -4290.3634895072 14.6449195873 4390.4358650951
118.1514066509 109.6775032675 -4298.1609403892 14.6709293754 4398.2333995359
118.1550195078 109.9432576517 -4440.1238388958 15.1444686281 4540.1969528657
118.1564420010 109.9267545946 -4476.0010775299 15.2641422904 4576.0742022970
118.1405043597 109.9243670722 -4547.8431385856 15.5037817437 4647.9162960276
118.1339119614 109.9227369488 -4558.3963234101 15.5389834051 4658.4694835310
118.0924192268 109.9181164409 -4657.8022516952 15.8705660946 4757.8754823595
118.0732067417 109.9223926821 -4677.8925227855 15.9375800932 4777.9657650979
118.0321056822 109.9081118030 -4712.7871588338 16.0539762222 4812.8604348846
117.9358069666 109.7787342138 -4790.9676425724 16.3147589386 4891.0411221953
117.9348586290 109.5983300436 -4856.4197118561 16.5330844873 4956.4934658659
117.8764925505 109.4094312968 -4910.5004394374 16.7134796782 5010.5745718649
117.8615839614 109.2877440141 -4939.5110425206 16.8102495494 5039.5854384991
117.8618959799 109.2408499998 -4950.1350447694 16.8456877703 5050.2095447535
117.8619913276 109.2336860044 -4951.7800508557 16.8511749749 5051.8545664457
117.9024441934 108.9639165333 -5010.2423325113 17.0461863825 5110.3175046946
117.9308580543 108.7905007536 -5040.2478808710 17.1462758870 5140.3235721730
117.9615967098 108.5733988087 -5075.0272573098 17.2622897662 5175.1036463620
117.9792037831 108.4723562776 -5091.5672107465 17.3174622019 5191.6439190490
117.9932256216 108.4072195552 -5102.0086555099 17.3522918401 5202.0855768608
118.1214425717 107.8821810665 -5202.8309439234 17.6886038002 5302.9093764893
118.1634291495 107.6133312711 -5262.9662895652 17.8891958821 5363.0453591548
118.2187235512 107.0958166094 -5347.6855821541 18.1717944995 5447.7662924985
118.1176924315 106.3477509233 -5451.6036403066 18.5184371520 5551.6871584102
118.1037908060 106.2963035041 -5458.8499370368 18.5426088713 5558.9336539341
118.0323809301 106.0788229103 -5487.9535335011 18.6396910751 5588.0381555167
117.7773358547 105.3482475648 -5575.6454315853 18.9322113091 5675.7335164847
117.6898887451 105.1455101831 -5600.8283756455 19.0162158429 5700.9174320936
117.4570042214 104.6605816822 -5667.1260469039 19.2373684699 5767.2173127719
117.4434895621 104.6306235247 -5671.4863839634 19.2519134096 5771.5777737606
117.0834065737 104.0413815100 -5763.2052602902 19.5578634790 5863.2993007194
117.0275687338 103.9744782497 -5775.9478641603 19.6003692506 5876.0422044841
116.7329435457 103.7770959624 -5835.3530584784 19.7985272837 5935.4484775003
116.4565624183 103.6217465421 -5895.2980753476 19.9984852376 5995.3943533151
116.4374269673 103.6133397349 -5900.1612382543 20.0147071613 6000.2575612283
116.4176036560 103.6049707628 -5905.3870903435 20.0321388845 6005.4834577211
116.2464986543 103.5578236113 -5950.4649605801 20.1825037182 6050.5616883715
116.1968890087 103.5471788737 -5965.7244483534 20.2334041987 6065.8212615822
116.1906675991 103.5460956990 -5968.0177150349 20.2410537460 6068.1145369635
116.1530277972 103.5422798957 -5982.6241139921 20.2897756378 6082.7209859132
115.9701435146 103.4916635120 -6047.7397628429 20.5069791008 6147.8369366336
115.8497227167 103.4519795516 -6101.9667071899 20.6878613066 6202.0640460206
115.8137589145 103.4532928139 -6122.8994599781 20.7576855942 6222.9968319232
115.8027688368 103.4541238195 -6129.8065395967 20.7807251733 6229.9039205311
115.7597998578 103.4781690679 -6168.5551793396 20.9099768956 6268.6525997945
115.7270014532 103.4842652708 -6197.7890038711 21.0074905531 6297.8864478971
115.7088329170 103.4897584901 -6208.5074522443 21.0432435234 6308.6049135901
115.4954754168 103.4549534345 -6400.8039348703 21.6846762930 6500.9017700971
115.5045825649 103.4572329621 -6413.3332495874 21.7264696221 6513.4310890518
115.5603195956 103.4949292456 -6582.2763692496 22.2900035544 6682.3744136248
115.6092658252 103.5396366624 -6624.3198075643 22.4302456177 6724.4179140539
115.6366199204 103.5718688758 -6646.2585255631 22.5034254785 6746.3566752228
115.7769215957 103.7207511219 -6773.5296260019 22.9279569455 6873.6280446638
115.7886772116 103.7305030251 -6778.8939203812 22.9458503875 6878.9923609008
115.8178675920 103.7498422046 -6789.2116512487 22.9802668514 6889.3101522017
116.0288067444 103.9762973274 -6869.9079999381 23.2494430207 6970.0071346445
116.0457306473 103.9971426252 -6877.1564701041 23.2736214919 6977.2556543285
116.1548262641 104.1555885950 -6915.9927265847 23.4031669580 7016.0923957590
116.4052465264 104.9746314009 -7074.2660176259 23.9311178510 7174.3681745223
116.5797722755 105.4286213316 -7142.5970242049 24.1590515089 7242.7009577496
116.5810933532 105.4318316608 -7143.0525164966 24.1605709125 7243.1564632704
116.6083965788 105.5021309844 -7152.6551469356 24.1926028448 7252.7593902872
116.6303823906 105.5600277216 -7160.5153728914 24.2188225642 7260.6198604902
116.6373942212 105.5821250780 -7163.8441761750 24.2299265319 7263.9487445405
116.6717961370 105.7319891751 -7185.9813451900 24.3037700005 7286.0864502258
116.7583294623 106.0408596310 -7232.3533975245 24.4584543010 7332.4596244507
116.8899246147 106.4638232677 -7302.0573701327 24.6909665486 7402.1650347798
117.0510693984 106.8705081742 -7374.2527897230 24.9317890975 7474.3618117437
117.0735469673 106.9256296286 -7385.3499024634 24.9688056335 7485.4590847288
117.0794365769 106.9421346923 -7388.9311909680 24.9807516755 7489.0404161561
117.2218785379 107.2317083491 -7455.5405081506 25.2029391676 7555.6505416192
117.2385398504 107.2484893950 -7460.4348521404 25.2192651411 7560.5449428276
117.4668416675 107.5318227713 -7535.9816449057 25.4712651754 7636.0926470214
117.6584982681 107.8084979751 -7604.2522134381 25.6989941684 7704.3640732137
117.8059276701 107.9178786559 -7640.0907809920 25.8185403932 7740.2031177684
117.8747474168 107.9592152163 -7654.8597298721 25.8678050578 7754.9722858228
117.9519231075 108.0024345869 -7670.8446638265 25.9211259026 7770.9574656670
118.2945504035 108.2137861353 -7740.1258185801 26.1522269835 7840.2398187381
118.4177014678 108.3191533266 -7772.5918738895 26.2605235560 7872.7063028025
118.4308811452 108.3309771743 -7776.5364722160 26.2736814592 7876.6509409253
118.4639880577 108.3621338273 -7786.5502398527 26.3070841547 7886.6648122010
118.6725963716 108.5325022248 -7841.4034082685 26.4900569618 7941.5186681204
118.8377356098 108.6211565391 -7872.4268383915 26.5935419282 7972.5426692045
119.0466261107 108.7662537819 -7914.4441769580 26.7336993252 8014.5607872836
119.1744302347 108.8831253796 -7944.6310621890 26.8343936463 8044.7481741072
119.2167820317 108.9206652544 -7954.4953976621 26.8672980867 8054.6126723532
119.3093511726 108.9983986588 -7975.0906265601 26.9359975952 8075.2082580224
119.3227840809 109.0093530519 -7977.8860940342 26.9453224552 8078.0037792604
119.5831410782 109.2454566870 -8032.2931152535 27.1268086266 8132.4119529249
119.7630882347 109.3823588195 -8076.7142263863 27.2749835018 8176.8336504648
120.0389558765 109.5485971610 -8137.5493735057 27.4779106609 8237.6696717447
120.1174060043 109.5973920677 -8153.9071872979 27.5324753535 8254.0277476432
120.1919715944 109.6418679665 -8167.9366458860 27.5792735110 8268.0574757643
120.0993105115 109.6676163414 -8209.1834237859 27.7168597055 8309.3047667412
120.0828543735 109.6669464217 -8212.7845959272 27.7288720548 8312.9059765906
120.0501854014 109.6636471686 -8219.8500332328 27.7524400838 8319.9714904001
120.0046345549 109.6560932907 -8229.3560204496 27.7841490350 8329.4775901437
119.9736300012 109.6515344374 -8235.3515528507 27.8041482622 8335.4732045849
119.7562840950 109.5961892818 -8272.9237266121 27.9294778430 8373.0460554388
119.0416610150 109.4560346296 -8384.6409386703 28.3021344589 8484.7657187210
118.9251065705 109.4187330557 -8404.1927643770 28.3673536415 8504.3179292513
118.8716828450 109.3988208592 -8413.9388979354 28.3998638258 8514.0642325358
118.8580933349 109.3956997362 -8416.3714404063 28.4079780517 8516.4968149744
118.7162626460 109.3700224837 -8440.3282349673 28.4878908051 8540.4540459259
118.7066379782 109.3685578495 -8441.9429064830 28.4932768703 8542.0687467921
117.8413461792 109.4016707378 -8565.5121288148 28.9054697493 8665.6410964028
117.4271731859 109.3677134507 -8621.7356685358 29.0930165125 8721.8661900309
116.0708678042 109.2104951046 -8766.9813360030 29.5775255714 8867.1184140563
115.7571160436 109.1992552944 -8795.8441241640 29.6738072160 8895.9829139779
114.8510453732 109.1283687045 -8876.2110442299 29.9418996878 8976.3550118656
113.8503653226 109.0091777092 -8962.3683018667 30.2293091719 9062.5182076116
113.7652635390 108.9994177117 -8969.2222073902 30.2521731373 9069.3726485629
113.0918958810 108.9363948130 -9025.2323543191 30.4390165896 9125.3868948384
112.4158481136 108.8097935738 -9084.0235327828 30.6351363705 9184.1821150139
112.1095055429 108.7415570523 -9112.8227380384 30.7312059326 9212.9830341979
111.7689637031 108.6591037586 -9145.3676284456 30.8397703486 9245.5298156695
111.6899416079 108.6394302574 -9152.8762389762 30.8648178636 9253.0388679870
111.6038253554 108.6187869204 -9160.9924415610 30.8918922270 9261.1555539130
111.2790617915 108.5282082491 -9192.2158258358 30.9960483514 9292.3807630260
109.5291589753 107.6896246642 -9371.6528325735 31.5946227847 9471.8289870290
109.4793104252 107.6494311774 -9376.7497734219 31.6116257001 9476.9263302032
108.8228230754 107.1483883431 -9441.0463124121 31.8261136253 9541.2281828224
108.7542127897 107.1009759131 -9448.1922104788 31.8499514115 9548.3745677456
108.4324528266 106.8931683317 -9480.4985937437 31.9577215344 9580.6832261955
107.9525363997 106.6520187148 -9526.4474482463 32.1110009606 9626.6352295867
107.3591877413 106.3285767534 -9585.1580339609 32.3068514683 9685.3497236557
105.8098949634 105.2248762789 -9739.7918918739 32.8226938142 9839.9954458358
104.9509360829 104.5898644082 -9826.9854922782 33.1135623338 9927.1956349794
104.3087746827 104.0743001627 -9903.0378393931 33.3672606650 10003.2524759714
103.3586689435 102.9535448410 -10040.6654620626 33.8263634334 10140.8880747768
102.5945183452 101.9431962852 -10149.5057605598 34.1894403833 10249.7358237507
102.5845342408 101.9300737121 -10150.9538121814 34.1942708794 10251.1839692598
102.3005827675 101.5719946036 -10190.6309379624 34.3266283760 10290.8637360515
102.2560381839 101.5125029322 -10197.0217424232 34.3479472579 10297.2549728078
102.1011525558 101.2986043091 -10218.6628997283 34.4201398040 10318.8977444761
101.9452729782 101.0844506711 -10239.7513474415 34.4904888823 10339.9878585299
101.7334747567 100.6707109174 -10273.8129562889 34.6041168258 10374.0526470784
101.5602854096 100.3284530721 -10300.6478577901 34.6936376191 10400.8902951359
101.3421743397 99.8073098603 -10340.0067282752 34.8249382847 10440.2532319217
100.3213097516 97.6354859301 -10495.1780718589 35.3425963349 10595.4432899225
99.9644013018 96.7520353113 -10560.7051187505 35.5611942714 10660.9772932574
99.0132191030 94.1600593941 -10750.2595723889 36.1935472974 10850.5521072197
99.0033553649 94.1235378069 -10752.7057920169 36.2017079878 10852.9986193490
98.8212330031 93.4229540911 -10799.1634723291 36.3566930361 10899.4619553450
98.7321624146 93.1055265766 -10820.4616240088 36.4277445750 10920.7626616949
98.7295991785 93.0963344278 -10821.0951709951 36.4298581012 10921.3962805472
98.7236355292 93.0735092530 -10822.6594283309 36.4350764982 10922.9607157722
98.6464844034 92.7779438477 -10842.6445295890 36.5017474451 10942.9481540756
98.5633052400 92.4186698925 -10866.1956166338 36.5803150917 10966.5021321667
98.2834201743 91.2183773915 -10948.9020958895 36.8562250153 11049.2178444200
98.1550174725 90.7932161493 -10981.2505914608 36.9641382146 11081.5693959471
98.1421954403 90.7515652997 -10984.3873799758 36.9746024302 11084.7064872116
98.0056235603 90.2708802944 -11018.4533002677 37.0882464016 11118.7760807705
97.9477927763 90.0202993374 -11035.7680467372 37.1460085818 11136.0927389035
97.9241176592 89.9146742133 -11043.0148359654 37.1701839784 11143.3403367921
97.9041019913 89.8318160211 -11048.5053140380 37.1885004589 11148.8314766702
97.9417145921 89.8209980915 -11057.6418335764 37.2189805539 11157.9682043467
96.1657619696 89.7627218266 -11172.7577385063 37.6029875961 11273.1169650679
95.4463935206 89.9441215272 -11202.2418803356 37.7013756320 11302.6117054395
94.6743101287 90.4681271735 -11220.3334202034 37.7618090762 11320.7277723036
91.6023055407 91.9862066006 -11356.4838273465 38.2160576859 11456.9484911679
91.3634436951 91.7464401696 -11388.2946969144 38.3221821670 11488.7626897199
91.3435750168 91.7574029786 -11390.1167483969 38.3282611605 11490.5848874795
90.3831595249 92.5911732517 -11435.7737820133 38.4806248611 11536.2627861762
90.1191985706 92.7092612865 -11448.4869139522 38.5230472024 11548.9794587381
87.3977317110 90.0250131967 -11592.2731945453 39.0028009209 11692.8524708507
84.5139780712 88.4307910474 -11621.1506167584 39.0997576193 11721.9180690032
82.7206860823 87.0792256554 -11640.8282282327 39.1658283818 11741.7241170969
82.7114195544 87.0704699924 -11640.9386242647 39.1661991217 11741.8352468333
81.6109131148 85.8698809516 -11654.8361725059 39.2128791508 11755.8282674110
79.1139457402 82.5043081041 -11695.5535999698 39.3494254496 11796.7635632345
78.3360485049 81.4704720256 -11708.0625421688 39.3913783696 11809.3394973001
77.2658660377 80.3979221741 -11724.5912840560 39.4467494044 11825.9379007375
74.1002573307 77.1213005010 -11767.6461323680 39.5911757673 11869.2358946363
71.0827614541 73.8099772971 -11805.8969657887 39.7196491082 11907.7506876015
68.7429467829 71.4735747889 -11831.3013792817 39.8051107263 11933.3699974656
56.8511161748 62.6615968422 -11938.2638411199 40.1652402986 12041.3570178567
55.0837893835 61.0579705422 -11955.8867397823 40.2245672665 12059.1413376526
54.8842726826 60.8794165828 -11957.8085376854 40.2310404874 12061.0817008537
49.8835830737 56.6324751575 -12012.0053950209 40.4131473855 12115.6780668012
40.1532824223 51.1006366505 -12111.0263453532 40.7455044359 12215.3347360559
37.2710205076 47.9130630371 -12153.3383256192 40.8873807565 12257.8681381767
34.9650436075 37.2083700063 -12266.6946284804 41.2672585081 12371.7792359181
39.2160265496 8.6105123259 -12526.7146896041 42.1400510923 12633.6248374613
39.6450571783 6.0912622523 -12549.1142111485 42.2152607731 12656.1706085902
39.6767580497 5.9453820630 -12550.3676938407 42.2194720740 12657.4329500830
40.2921068046 1.5259413442 -12590.6376613065 42.3546263103 12697.9508510550
40.2456979448 0.6828847093 -12596.1917869177 42.3733682213 12703.5688375492
42.2201573193 -16.8756559736 -12728.6365609873 42.8190742389 12837.2285340362
56.5651379489 -44.5039163761 -12922.5915544143 43.4743758238 13033.7839698548
63.9826755553 -56.0318966810 -12997.7166792370 43.7290771131 13110.1500943336
68.6754830322 -61.9696989358 -13040.0730536490 43.8726146487 13153.1815839466
69.1357065114 -62.4814558400 -13043.8262180058 43.8853443675 13156.9973543480
78.2109808491 -74.1267487317 -13119.8676706593 44.1437014408 13234.4599005101
83.9150208086 -80.6245325531 -13162.6492598056 44.2892967820 13278.1083957764
87.2955422460 -83.9765985476 -13185.8700939956 44.3683711866 13301.8127622994
89.2721756503 -86.1471714598 -13200.6270325262 44.4185650079 13316.8590691358
101.1479546455 -98.2560769837 -13293.6786255669 44.7340595380 13411.4585468856
101.7958705591 -98.8916368609 -13298.5551410545 44.7506074119 13416.4188338465
104.0398861441 -101.0819404696 -13315.8104100098 44.8091140171 13433.9571574900
113.8158556100 -108.4596334756 -13379.2449234314 45.0246283943 13498.5715218153
118.1749443534 -111.0130020920 -13406.7444198521 45.1179029211 13526.5330945464
131.4289928550 -116.7558072494 -13486.2474888256 45.3874714984 13607.3581885166
137.9843830638 -118.5786423552 -13522.4893685388 45.5104877224 13644.2367627797
142.7696977360 -120.0131941217 -13550.4753310816 45.6053211296 13672.6656914024
148.2793857721 -121.4228548872 -13579.8090726985 45.7050017584 13702.5478556463
148.6141947989 -121.4830336834 -13581.6422714870 45.7112219735 13704.4123663280
149.0892366681 -121.5755222042 -13584.2917176607 45.7202071482 13707.1056816919
151.5727419486 -121.9295020659 -13598.0168275639 45.7667539905 13721.0586851796
163.9523081140 -121.6550965071 -13663.6242338017 45.9894846123 13787.8371245828
171.8422055259 -120.0360866676 -13705.7048244803 46.1324145512 13830.6864323832
173.7344150311 -119.7085464700 -13715.4698731776 46.1656149748 13840.6385378005
183.7991762972 -118.1977100424 -13771.6636208176 46.3561036577 13897.7484041026
184.7313909096 -117.9298442630 -13776.9770684010 46.3741226247 13903.1496531672
189.8341519972 -116.5441000907 -13804.3454237882 46.4671092680 13931.0248956748
197.3774676883 -115.0765409591 -13843.9954836605 46.6018326311 13971.4135895052
199.2091589491 -114.6811793027 -13853.4828766856 46.6340946231 13981.0843764428
215.4579032588 -111.9307075566 -13928.7937171988 46.8912327848 14058.1815977370
217.4189446076 -111.5182469415 -13937.5623701577 46.9212395999 14067.1763533833
223.6969172167 -109.9469137788 -13968.2177502550 47.0257545493 14098.5078837480
232.2538457321 -107.0631971725 -14010.2112529003 47.1690454497 14141.4654199032
236.6060742211 -105.4901235269 -14032.7251292325 47.2457208279 14164.4505182208
253.4638485995 -96.4888280428 -14124.6552179153 47.5589722562 14258.3776945271
254.4554386458 -95.9809232731 -14129.8359261440 47.5766506803 14263.6768532409
254.5406746047 -95.9374734805 -14130.2723813001 47.5781413280 14264.1236714278
263.0574312790 -91.8592010896 -14174.9799973907 47.7305605115 14309.8182370286
271.4225877206 -87.4617884499 -14215.9127546414 47.8706930846 14351.8287889468
272.5438128313 -86.9431075293 -14221.6166905239 47.8901630666 14357.6649790655
281.4470079066 -82.9505896069 -14270.1284757736 48.0552257551 14407.1506717483
300.4234135493 -69.9598487942 -14388.0832314456 48.4561348915 14527.3730195823
300.7254669722 -69.7292864027 -14389.9225295288 48.4624005899 14529.2511551853
311.8659864796 -58.9470125191 -14463.2566048600 48.7124559022 14604.2243696394
330.4577970270 -39.8575493050 -14580.1259061450 49.1122515883 14724.1128873853
330.6178437652 -39.6756872379 -14581.0894531405 49.1155661786 14725.1064278476
349.5148590533 -16.4859674973 -14711.6531323167 49.5622675632 14859.0676296727
354.2863884344 -11.2900060145 -14744.4617128547 49.6742131787 14892.6269516810
373.1495446400 10.2623200596 -14865.1111399851 50.0877412839 15016.6356050462
374.8011493216 12.6006100788 -14878.1165802095 50.1321671527 15029.9527256378
375.6316722446 13.0029225201 -14885.5983685000 50.1573163181 15037.4912947363
377.9068477662 14.1984064782 -14904.1932686604 50.2199392434 15056.2635405373
383.7778293174 18.1448903359 -14953.4663366340 50.3859971418 15106.0476718027
384.7889700928 18.6498398411 -14959.8679264041 50.4076837954 15112.5483115287
388.9164252056 21.0549590776 -14986.4743917338 50.4978633823 15139.5819176306
392.8849240826 23.5424641014 -15012.7602955271 50.5869357101 15166.2835617039
393.3726741818 23.8348720122 -15015.8072750633 50.5972763365 15169.3831567658
393.8854211848 24.1307191786 -15018.9013792772 50.6077858585 15172.5333785854
421.2169268199 46.3741350964 -15185.6152832638 51.1761864058 15343.0142284697
436.6266542495 64.4892896019 -15299.7976782803 51.5653117982 15459.7023583407
438.7644247209 68.1597691803 -15318.6627864651 51.6298225082 15479.0405152173
439.2339654847 68.7760070387 -15322.2251904976 51.6419850241 15482.6862223037
450.2733390713 85.2765198126 -15405.7602655074 51.9283954253 15568.5633582239
451.4011522287 87.2904408234 -15415.7825577491 51.9627060907 15578.8482057360
459.7112421943 100.9036948790 -15482.4206757663 52.1912400475 15647.3673763762
466.5328522944 116.4823735817 -15546.3460432026 52.4119202806 15713.5312794739
472.6270003373 137.8805777633 -15627.5697423034 52.6928522068 15797.7653367793
473.1915232130 139.8036142463 -15634.8503340157 52.7180449066 15805.3169314186
473.8247587600 141.9265029043 -15642.6633483190 52.7451377863 15813.4381277452
474.2362561925 143.3135032150 -15647.9542199707 52.7634372109 15818.9233979204
474.9618644409 146.1644876328 -15658.3266398905 52.7994062986 15829.7053608276
476.4965983561 155.2291638633 -15691.9697896444 52.9157587967 15864.5859048626
477.7473628043 163.3810194481 -15722.2103182525 53.0203207251 15895.9314165361
479.0268945315 178.3684332645 -15774.2039994049 53.2008874666 15950.0662410355
480.2423596270 190.6588848867 -15815.1941689992 53.3436881625 15992.8767831113
481.8448163087 207.1256203474 -15869.9488317417 53.5344710347 16050.0751238360
482.8682241139 216.8011911619 -15902.3214047307 53.6472317114 16083.8787463858
483.2502501533 223.7227853292 -15925.0388843535 53.7264698751 16107.6320159738
484.1673194580 240.3067644374 -15982.5516899270 53.9261536299 16167.4995337363
484.1588908972 241.4168693971 -15986.1830265397 53.9388218147 16171.2967937683
483.8238617172 246.8579527955 -16004.0865120632 54.0012563463 16190.0124648850
482.9668710543 254.4292486560 -16029.1065187579 54.0885098774 16216.1687372706
475.5318461310 301.5238266814 -16201.6625543444 54.6853695746 16395.1955852232
474.4947020737 307.9253155216 -16224.7658730984 54.7654184469 16419.1918835523
469.9892462576 330.5444613489 -16310.3444386281 55.0610058373 16507.8222770745
469.9541042249 330.8201276349 -16311.3896453500 55.0646139681 16508.9037927924
469.7395155913 332.3750408645 -16317.1302570271 55.0844680760 16514.8550547903
469.5739124931 333.5702967523 -16321.5293373734 55.0996859310 16519.4165767460
467.5945409300 342.7545383947 -16356.0451208995 55.2190239494 16555.1922163685
459.9101327037 365.2965957036 -16446.9571488070 55.5325592914 16649.2062582290
459.0053637650 367.6726996918 -16456.7217398659 55.5662211126 16659.2965326028
452.8006541828 382.0944624031 -16514.2850786995 55.7652526687 16718.9685403647
448.9499072327 389.2977437407 -16547.3982017151 55.8790305164 16753.0771015728
446.8795937392 392.7564457051 -16564.0568394655 55.9362092415 16770.2171277141
444.8194941608 396.0727470473 -16580.1868456368 55.9915741457 16786.8134022305
443.3528068950 398.3710394702 -16591.7989647857 56.0313665473 16798.7414202555
441.5493997101 401.1841917117 -16606.4716433868 56.0815687917 16813.7900336770
433.9031061754 411.3801376904 -16666.3561352348 56.2858104620 16875.0244950800
431.2887793343 414.3600343141 -16684.8873177251 56.3490297704 16893.9753857031
426.7661635225 418.7866177182 -16713.5540331047 56.4469660960 16923.3343900660
418.5453123915 426.5138439629 -16765.6693220935 56.6248367186 16976.6608091743
418.1312152735 426.9140848219 -16768.5189296502 56.6345357483 16979.5680484409
415.6768616231 429.0248195437 -16783.8194106853 56.6867101960 16995.2078732726
413.8414555820 430.6231492064 -16794.7806688904 56.7241687375 17006.4362595098
405.2925750431 438.7872496604 -16850.6797677026 56.9147493105 17063.5740585142
392.8893789247 451.6531584246 -16924.5086619500 57.1681006117 17139.5367618869
387.8314352623 456.4517824853 -16950.4237640259 57.2576294665 17166.3751137697
385.6052258698 458.5853634371 -16961.7894822422 57.2969179142 17178.1520333288
385.2388782751 458.9246138140 -16963.5889659781 57.3031481776 17180.0195141360
384.5459025025 459.5368713651 -16966.9338171329 57.3147258444 17183.4898661777
377.7568439863 465.2964062840 -16997.2309160586 57.4200687686 17215.0694427539
375.6446576612 467.0680278794 -17006.7481609238 57.4531246445 17224.9780394817
375.1887768342 467.4303795247 -17008.8102818352 57.4602734065 17227.1208357297
372.0918666880 469.6845248372 -17022.0498901100 57.5062543369 17240.9039671589
368.4243871887 472.1538261848 -17037.1725274203 57.5588179292 17256.6604240618
361.6520284720 476.3774140137 -17063.7262105351 57.6513180831 17284.3895808748
361.3844305100 476.5400082902 -17064.7854517260 57.6550031593 17285.4941541885
359.1545499431 477.8287900798 -17073.3753749510 57.6849212001 17294.4621384716
358.6928335249 478.0963250343 -17075.1690392544 57.6911645755 17296.3335478715
349.7234424046 483.1306956280 -17111.5402150444 57.8172514125 17334.1326394217
333.7884548126 492.2604415072 -17176.6764911663 58.0429613431 17401.8054467629
316.1909459448 500.6192313530 -17242.3853753987 58.2715656995 17470.3463211803
299.2338908410 506.1471673033 -17303.2081509099 58.4830318362 17533.7474633708
294.4122585343 507.3693873796 -17319.8505835370 58.5409809237 17551.1183658665
288.4732879318 509.0873925697 -17340.0211858155 58.6113604369 17572.2157456977
273.0409081746 517.5455855765 -17404.2424472833 58.8334789233 17638.8115547756
221.7316895173 542.9174362482 -17621.5916979471 59.5823434199 17863.4812719884
213.3036566327 546.2709504315 -17657.2980498019 59.7052413095 17900.3241937783
203.7290568451 549.4681332113 -17701.4449801090 59.8563092916 17945.6136474527
189.4064440790 552.0362549581 -17769.0555205519 60.0870297421 18014.7893074745
189.1770395158 552.0600953058 -17770.0842464252 60.0905470102 18015.8435756448
187.2215289786 552.2234542303 -17778.6231344052 60.1197775873 18024.6054449837
185.1911993124 552.3773156791 -17787.1672745201 60.1490811035 18033.3891784237
178.5062389685 553.0664274872 -17815.8378344696 60.2473164074 18062.8377294357
168.1588759570 554.1804686516 -17859.7983480989 60.3980075604 18108.0141919050
158.9368864427 555.6017979996 -17901.5621802832 60.5407560658 18150.8090674994
151.7402275874 556.0539252681 -17932.6633527168 60.6472670022 18182.7387713963
146.3418843166 556.1461291355 -17956.1331766389 60.7276124495 18206.8238366553
141.4569930871 556.0627045887 -17978.1218704241 60.8027571331 18229.3497274166
141.4028764340 556.0601297147 -17978.3688719300 60.8036007782 18229.6026009123
106.7107965499 545.9394714900 -18146.1494689902 61.3763251899 18401.3928109514
102.4162639997 544.7003504816 -18166.0836130251 61.4444770089 18421.8222783493
95.8574485612 542.0516193535 -18196.5752012867 61.5489012248 18453.1263278630
90.7465307772 539.8381616175 -18221.2830817859 61.6333930998 18478.4544716496
79.5281857445 534.7625103381 -18272.7585449978 61.8099666186 18531.3920641549
76.9640660734 533.7736106577 -18283.6530126824 61.8474510030 18542.6280973772
67.4996555296 529.9822268342 -18327.8854539791 61.9988704095 18588.0229320461
51.5048982230 521.8759610270 -18401.5839481578 62.2519032167 18663.8907172590
37.5467054961 513.9458197189 -18463.3426326523 62.4647391032 18727.7028850444
10.4301565216 491.4476219762 -18592.0382109211 62.9099579785 18861.2271555568
8.9514430685 490.0673783083 -18600.1288378670 62.9377804928 18869.5669062894
8.8686249684 489.9896593276 -18600.5797617585 62.9393318711 18870.0319136926
-1.5745865420 478.7868141883 -18658.0237835752 63.1376594384 18929.4931480559
-9.9865085417 469.8090656128 -18702.5271025916 63.2916710828 18975.6652789978
-10.3729015589 469.3868203703 -18704.6522226771 63.2990136452 18977.8661407798
-10.4403894840 469.3120385126 -18705.0200881431 63.3002861170 18978.2475488759
-19.7153575958 456.9344803211 -18760.6334560482 63.4928670566 19035.9854566022
-28.2591066258 439.8668670328 -18827.2107846800 63.7239409925 19105.2674112200
-30.7504350229 430.5374335876 -18859.4218494034 63.8361242999 19138.8977586419
-31.0563753934 429.2892131305 -18863.6099084422 63.8507401386 19143.2787510597
-33.3184519634 418.1559279324 -18899.4014935925 63.9760102773 19180.8329006815
-33.5497227920 416.7085203642 -18904.1077455091 63.9924559019 19185.7623686310
-34.2638678972 411.6273800543 -18920.2264070270 64.0488888201 19202.6786331160
-36.6577077550 393.4425615378 -18981.0082113656 64.2606421797 19266.1662465600
-36.7594233797 384.4206940989 -19010.5278998877 64.3636254823 19297.0382364975
-36.7099094982 376.8591996551 -19034.0226326834 64.4459607978 19321.7197824381
-36.6846254161 375.9985909902 -19036.6609646588 64.4552197715 19324.4950559446
-36.0098872683 348.0597350187 -19125.5802075809 64.7660369917 19417.6964010098
-31.2237183851 323.7512884593 -19210.5064047723 65.0611614862 19506.1903410204
-29.6043005840 317.0529950194 -19235.2370903118 65.1468040421 19531.8633321743
-29.3156251364 315.4535438362 -19240.8924451300 65.1664347273 19537.7474845474
-26.9998928965 301.1920339142 -19292.2457359118 65.3443699076 19591.0935361821
-21.1076654128 283.7928254386 -19356.4300750829 65.5671100113 19657.8763983308
-9.3391443710 261.2999582111 -19449.4109670643 65.8886857551 19754.3054189994
-5.7207199992 255.4776916885 -19470.7027261166 65.9633044899 19776.6734591561
4.4013434032 242.8403121487 -19521.9923114218 66.1427473682 19830.4716560258
4.5430805708 242.6778122109 -19522.6710561353 66.1451233809 19831.1838301697
5.4310690386 241.6558098393 -19526.9476865692 66.1600891646 19835.6696752468
7.3726124072 239.5045585756 -19535.9624593126 66.1916803310 19845.1390259867
18.4451309107 229.1952362996 -19583.8898608785 66.3593560263 19895.4085477982
20.0857931238 227.8615553104 -19590.6494382800 66.3829852455 19902.4912510883
22.0814642614 226.2721277274 -19598.5264524221 66.4106087725 19910.7712666621
30.2831006208 219.6925369355 -19630.1300979627 66.5217146468 19944.0784795946
34.6721449397 216.3134423155 -19647.3798930978 66.5821577941 19962.1968175166
47.5633022843 207.7573060998 -19694.3695780747 66.7472077574 20011.6789687736
82.0558438941 195.6951328940 -19818.1714179226 67.1779761004 20140.8706362409
94.4115833438 192.3138390977 -19864.6619526753 67.3388437568 20189.0986576128
105.9420807435 191.1347169363 -19919.0856686740 67.5244758986 20244.7529480790
114.9321803027 192.1810958069 -19960.7386013771 67.6666743128 20287.3828511214
115.5917690884 192.3582065041 -19964.3312001609 67.6788747146 20291.0397653663
142.3048732789 200.6155666564 -20093.6083847582 68.1199662965 20423.3306270218
145.7079822640 202.1030034079 -20112.6831257549 68.1847980428 20442.7645303429
146.5342800899 202.4920214204 -20117.4379968837 68.2009515335 20447.6063538590
148.6094003169 203.6046763787 -20129.9603921959 68.2434612112 20460.3486129667
153.2614324670 206.2836498956 -20159.4498980559 68.3434599582 20490.3256194544
155.5981186210 207.6154710195 -20173.9874955047 68.3927826349 20505.1102102114
155.8015162544 207.7267300436 -20175.2275408949 68.3969914521 20506.3717329687
169.0708346114 214.7965525112 -20249.9455841459 68.6511950911 20582.5918941734
176.5276746330 220.0736513740 -20304.3268883244 68.8351392737 20637.7400748169
178.0038439833 221.2726698377 -20316.0968141675 68.8749155875 20649.6629493046
179.5814605846 222.4266381839 -20327.4973959214 68.9135052123 20661.2300954443
182.8516356491 224.6099607649 -20351.9850782220 68.9962439590 20686.0322949792
193.9020324226 234.6446153896 -20442.1788109911 69.3012321871 20777.4871494623
207.3065602896 249.3773258283 -20541.1959733853 69.6380923304 20878.5040772775
208.6311773345 251.7068436753 -20554.0285544076 69.6818284766 20891.6138838482
208.8961804714 252.2103027202 -20556.9976061511 69.6919146263 20894.6370000856
208.9464413962 252.3056157736 -20557.5485911551 69.6937877548 20895.1984246798
210.7925261632 256.0052472160 -20579.8274750601 69.7693842590 20917.8592420359
211.5657495388 257.7296299276 -20590.3803492565 69.8051519543 20928.5803012458
213.5090869603 263.7665558305 -20626.8920389668 69.9287866028 20965.6438211380
214.1539869299 265.5764077361 -20636.4608323107 69.9613483116 20975.4038590059
225.0600083528 296.6823987840 -20786.6236231646 70.4738610992 21129.1402771095
226.8393590497 305.4316166475 -20828.8058967988 70.6176867607 21172.2580725184
228.1340725879 310.6391798707 -20853.2224001444 70.7010856627 21197.2579098062
234.6528122492 340.7379343837 -20995.3769416808 71.1860227548 21342.7198974872
234.6269859925 341.0871667368 -20997.2045287628 71.1922312721 21344.5807373052
234.6468777875 351.9263819127 -21054.8784812806 71.3879674145 21403.2659059185
231.6451753793 369.1408000708 -21190.0618928035 71.8426950949 21539.6599143642
230.8326534991 371.2142591372 -21205.2307102605 71.8938454711 21554.9920206912
227.9968450234 376.2354003296 -21241.1475225827 72.0152054466 21591.3734025687
220.3351115246 390.4031177288 -21336.9562580481 72.3391951691 21688.5321563130
220.2382132724 390.6501202376 -21338.4229159378 72.3441679596 21690.0226120094
216.9752285584 396.5852072578 -21378.3667740829 72.4793307583 21730.5427409443
204.9984540000 431.7033095716 -21667.0613085307 73.4488452022 22021.5995755053
196.2889496064 439.7735873955 -21748.9902518574 73.7250150497 22104.4116628312
191.2210138572 443.8463394075 -21800.4480167137 73.8980280822 22156.2821469180
183.8444517858 450.1358139372 -21894.8970806962 74.2146949837 22251.2443461581
182.8977811372 450.6883088992 -21903.4610803678 74.2435008375 22259.8784059021
182.8755972763 450.7002818772 -21903.6427456569 74.2441127657 22260.0618119771
182.4325316292 451.1647988543 -21907.4841660047 74.2571074702 22263.9565417833
179.8890879935 453.9844143162 -21929.8418116363 74.3327650583 22286.6350946423
168.2783768037 464.5113063701 -22009.5230887575 74.6036617795 22367.8673906492
157.4092325718 473.3282108189 -22080.9360327739 74.8464438066 22440.6652264578
155.9878852387 474.3797276291 -22089.7723516522 74.8765104327 22449.6769735175
153.5221982273 475.8097460781 -22104.2266069631 74.9256653661 22464.4105205700
153.4470268171 475.8478652542 -22104.6777211735 74.9271965888 22464.8694422176
145.9730695496 479.8397129236 -22147.3195150518 75.0722229966 22508.3472318531
145.8077442143 479.9470701658 -22148.3894140440 75.0758529038 22509.4351527438
135.0069131711 484.8156086782 -22207.3074940363 75.2763503344 22569.5491651076
129.7889651594 486.2764162026 -22231.7916963044 75.3600165159 22594.6286567458
85.3455877313 484.3482589821 -22407.4627854871 75.9648663142 22776.1196595812
81.6040266083 482.7866658106 -22423.8186267111 76.0210863519 22792.9710708546
81.5659875433 482.7697104578 -22423.9916995502 76.0216803078 22793.1490840526
80.8492948872 482.4410187605 -22427.3159469510 76.0330794298 22796.5655612846
65.7270316870 473.5134620112 -22499.2144703619 76.2800461710 22870.6189993881
