X Y Z LocalTime TrackLength
100.0000000000 100.0000000000 100.0000000000 0.0000000000 0.0000000000
100.0004269721 100.0123418367 96.5075976606 0.0116494131 3.4924044053
100.0264057009 104.9747088059 28.5462654281 0.2390233251 71.6573801174
100.0230555271 106.3949810587 19.0321317221 0.2711049979 81.2752190638
99.9969146136 112.8453670352 -14.2987637001 0.3843362681 115.2210882968
99.9311604431 138.4205041623 -94.6494994087 0.6658535376 199.6178415107
99.9177137132 148.7506858902 -118.0369853120 0.7511176038 225.1793555000
99.9530093963 289.9152350902 -296.5468311955 1.5167100097 454.6984257127
99.9174191407 313.2024523613 -314.1126556814 1.6139954312 483.8638505563
99.8581073505 361.2969772462 -344.4087385220 1.8036359374 540.7166328968
99.5156719146 409.0884179901 -367.6754886908 1.9809847566 593.8844596296
99.4559255417 415.7683977832 -370.4432755640 2.0051058887 601.1157895599
99.2687096347 437.5898573866 -378.7138973391 2.0829351438 624.4484037948
98.9304466493 480.7061245392 -391.8188343601 2.2332615314 669.5151087973
98.8511558358 489.1549389752 -393.8972627360 2.2622882404 678.2170930092
98.2033153915 557.3742576250 -405.2429115687 2.4930740035 747.4049162782
97.4079546551 651.8574212636 -405.6206677079 2.8086085861 841.9998099482
97.1821422242 681.1533457721 -402.1566573132 2.9069920737 871.4944266644
96.5504179813 760.5824976304 -383.6967452214 3.1792445776 953.1136715187
96.3452811123 789.0676841600 -373.6445377976 3.2799938772 983.3175406834
95.8992448798 844.2068430414 -348.5040585177 3.4821933550 1043.9354087525
95.4075717931 902.8620148501 -312.0182997334 3.7127378176 1113.0508919129
94.8475776516 965.1877341868 -258.8759527997 3.9861618252 1195.0213449226
94.8186455793 968.3960489313 -255.6351368469 4.0013734777 1199.5816813226
94.6270590136 988.1617525409 -234.2858478532 4.0984115755 1228.6729603548
94.5521491473 995.3194643661 -225.9156805876 4.1351470892 1239.6859850983
93.9368087305 1043.5715183128 -157.2983936491 4.4152132265 1323.6476995997
93.5166958226 1069.8918265138 -105.6307189468 4.6086879165 1381.6499415112
93.1470256253 1087.7549308806 -58.7593388282 4.7760283321 1431.8173239893
93.1259245157 1088.6927539914 -55.8457699649 4.7862405937 1434.8788814239
92.5402742497 1108.6295682178 35.5099909244 5.0985145325 1528.4962580018
92.4379249908 1110.4752194926 53.0107284009 5.1572201412 1546.0957490330
92.2804712800 1112.1067414659 79.1029970485 5.2444278137 1572.2399413366
92.0845931083 1112.1766444699 114.1099384538 5.3612800746 1607.2713560921
91.7312511116 1105.3801675311 181.8153451109 5.5883594183 1675.3480223709
91.7078453869 1104.6215504085 186.1784838321 5.6031271662 1679.7752795787
91.6776478161 1103.6080492774 191.6810786134 5.6217864425 1685.3691870802
91.3354814446 1086.8352652894 256.3494990382 5.8447268031 1752.2050170537
91.0003930023 1060.4184028150 320.9454649278 6.0776280057 1822.0270333360
90.9653464199 1057.0975906534 327.5714445684 6.1023489354 1829.4381779637
90.8507991678 1045.3648226904 349.2566397851 6.1845737010 1854.0885327184
90.7516377778 1033.9325544545 368.2269999025 6.2584382775 1876.2325665092
90.7282436269 1031.2326637947 372.4474357114 6.2751495732 1881.2424843834
90.6653465923 1023.5376290738 383.9898091983 6.3214185205 1895.1135594688
90.6422262528 1020.6336363873 388.1776755243 6.3384170459 1900.2095865940
90.5513720369 1008.6224879144 404.5908653368 6.4062473643 1920.5445958538
90.2677693942 962.3125343088 457.2071881172 6.6401701251 1990.6728677046
90.2064229845 950.7906541755 468.2384088624 6.6933722928 2006.6224691588
90.1204460694 933.3840045542 483.6551542350 6.7709156067 2029.8693603670
90.0107465325 913.3762905512 499.7371295932 6.8565255917 2055.5345781311
89.6283319150 844.4885373965 543.9508327146 7.1297956144 2137.4588676038
89.2276572993 763.3901677599 578.4495788994 7.4240441205 2225.6723518328
89.1647143155 750.1389594540 582.5717707135 7.4703345744 2239.5498744064
89.0555013595 725.6077210674 589.1728358637 7.5550601530 2264.9499538316
88.9094211420 691.5813109648 596.2074628340 7.6709579711 2299.6952337631
88.6242244579 637.2137373170 602.5053028853 7.8535647392 2354.4393539850
88.5444165121 619.7794756922 603.2641433062 7.9117941997 2371.8960993256
88.2084788038 524.6460322819 596.7551926018 8.2302900917 2467.3787719620
88.1650554370 506.0702042310 593.3351919229 8.2932839709 2486.2638535874
88.1329212922 493.4449917343 590.5929717179 8.3363739883 2499.1819097736
88.0803318927 468.7349925662 584.2268766073 8.4214702137 2524.6931062027
88.0033466597 417.6543493632 566.6904294597 8.6016471955 2578.7087947041
87.9174140184 371.4275382794 545.1870317752 8.7717311696 2629.6986752606
87.7721621601 329.6281435539 520.3878065142 8.9338698323 2678.3066112071
87.6907387594 303.6121135270 502.0680219875 9.0399887992 2710.1202657111
87.6279319135 282.6933092817 485.4872742221 9.1290123694 2736.8088502219
87.5743625158 268.8554301310 473.4789608637 9.1901175372 2755.1277105954
87.5697089519 267.7251937400 472.4583893182 9.1951969880 2756.6504908505
87.3353162265 201.7121294265 399.7716208456 9.5231266299 2854.9613327023
87.3150171860 194.0260718946 389.1624866288 9.5668232093 2868.0612315119
87.1655293463 152.0161778938 317.7596305877 9.8433905955 2950.9740462015
86.6845703033 108.7713103445 180.7271409729 10.3242086915 3095.1197452977
86.6637804093 107.7517565938 174.2161227221 10.3461970509 3101.7116862920
86.4095851526 102.2514868635 91.7067080572 10.6222643462 3184.4745774415
86.2666357588 104.2991457370 53.5070327330 10.7498524934 3222.7245294804
86.2216933804 107.2235778515 28.4543902399 10.8339677810 3247.9416482313
86.1971865925 111.0597527677 5.2978970067 10.9122463876 3271.4089744679
86.1959160158 111.3460330635 3.8047087342 10.9173164380 3272.9289365335
86.1914995072 114.3370252060 -10.5415031378 10.9661927699 3287.5816854608
86.2994921847 147.7350105181 -109.5954439495 11.3154259570 3392.2791748174
86.3031023816 148.9914344878 -112.3154685463 11.3254187292 3395.2749309962
86.3520603452 164.3525517220 -142.5898395137 11.4386507182 3429.2210155264
86.3768532871 176.6964179751 -163.7270803442 11.5202826158 3453.6936328573
86.7196962439 254.0457517456 -259.9186821256 11.9329552914 3577.4098218675
86.8410917350 278.7655948908 -282.3819886041 12.0443644104 3610.8094238016
86.9440947661 301.4201787561 -300.5216759529 12.1411616089 3639.8284829326
87.0282854549 323.3532481707 -316.1772708713 12.2310342550 3666.7716139145
87.0474821113 328.0076301732 -319.2799124905 12.2496934734 3672.3655040037
87.2034950685 367.1648489648 -342.5762968501 12.4016816740 3717.9304077901
87.3075520653 400.2283421740 -358.7207940137 12.5244172541 3754.7255969269
87.6050016757 545.1080094756 -398.4706834721 13.0271828918 3905.4510137451
87.6626844382 604.4598199301 -401.9683412231 13.2255672759 3964.9251450787
87.7239692956 693.2694191360 -394.0259353590 13.5232861954 4054.1790337380
87.7628985604 728.7414010641 -386.3047454563 13.6443730205 4090.4799386033
87.7644355810 734.4133253852 -384.8171817710 13.6639293419 4096.3427732906
87.7758059105 799.9955179614 -362.1535691026 13.8955018594 4165.7664595486
87.7648275089 816.3567418851 -354.8423070193 13.9552690185 4183.6841951323
87.7051273617 863.7369288705 -329.4192684118 14.1346660259 4237.4660531189
87.6869962871 883.2126203469 -316.9381225078 14.2118075416 4260.5924881565
87.6808145081 892.7356293216 -310.3590669027 14.2504134185 4272.1662333292
87.6696699262 907.1636064100 -299.7556341480 14.3101301612 4290.0688544886
87.6614605331 913.6098597478 -294.7512999364 14.3373503003 4298.2292428222
87.6541878992 917.8076836689 -291.3998166017 14.3552674803 4303.6006755353
87.5496400340 954.5412032237 -258.6347966986 14.5194742694 4352.8286201339
87.5173262336 964.9869180441 -248.0351156712 14.5691093045 4367.7088224654
87.4722939598 981.1378200894 -230.3285622830 14.6490345441 4391.6697967209
87.4642054060 983.4330549102 -227.6685961646 14.6607539924 4395.1831971005
87.2991583207 1023.6911225165 -173.7102684349 14.8854106017 4462.5335455087
87.0350356871 1068.3847023312 -86.9285621801 15.2114209991 4560.2690119432
86.9281410371 1079.3093441744 -56.4912394238 15.3192876715 4592.6066152382
86.8913545911 1082.7170818182 -45.4809034925 15.3577340796 4604.1325528878
86.6590589432 1097.0362680169 17.2590993801 15.5724818485 4668.5123047570
86.3685715704 1103.1888980620 79.4900601992 15.7811580690 4731.0718517290
86.1123316831 1102.0478496904 135.3962249566 15.9678010006 4787.0259834365
86.0596361395 1101.2036064042 145.2050277562 16.0006316721 4796.8683663532
86.0165795305 1100.3902197548 153.0199582572 16.0268328833 4804.7232879469
85.9586254922 1099.0459759628 163.9643036560 16.0636070787 4815.7479090345
85.9257654002 1098.1167504598 170.5720790809 16.0858595930 4822.4190416433
85.7567925379 1092.5642434009 201.3965533638 16.1903237773 4853.7366048160
85.3883708446 1076.7057038509 258.8046568188 16.3890526256 4913.3140038913
85.1145182653 1062.8698353409 294.7257013244 16.5174560039 4951.8083559923
84.7511932610 1039.8229027980 341.4305650338 16.6912200145 5003.9014837648
83.9689698239 969.4845798214 437.6875512969 17.0897446622 5123.3761960123
83.9286590344 965.7035871461 441.6993342337 17.1081333456 5128.8889817939
83.5025783917 920.3150410404 483.7790729753 17.3146620291 5190.8047131809
83.1211176201 871.2714164475 519.1996505162 17.5165273440 5251.3224015194
83.0781471113 865.5218689290 522.7927013976 17.5391436117 5258.1025845526
83.0705997619 864.5089779183 523.4147793905 17.5431095039 5259.2915285007
82.6792195984 815.3309159815 549.8733282104 17.7294328620 5315.1498544647
82.5653354004 801.4152446731 556.1316393007 17.7803269979 5330.4075255456
81.8402259107 739.1500860567 578.2814033095 18.0008696544 5396.5245415174
81.7933056226 736.0065209412 579.1607041551 18.0117618139 5399.7899270741
79.8470043043 598.1235866716 597.1073887985 18.4770103989 5539.2679978327
79.6329628258 583.4344188123 596.7408887217 18.5260165807 5553.9596747206
79.5932780299 580.7181307370 596.6265907713 18.5350851270 5556.6783550654
79.1811503862 552.4111799353 594.5223059807 18.6297630315 5585.0620659087
79.1636900418 551.2314628187 594.3985416519 18.6337196875 5586.2482409029
79.1386492414 549.5555411060 594.2179814860 18.6393419340 5587.9337471072
78.9483714717 537.1217895850 592.6968966559 18.6811232224 5600.4594562822
76.8733971788 414.8548818653 560.2891455157 19.1039963337 5727.2336628618
75.9244487641 363.4686270793 535.9896810938 19.2936734707 5784.0974265884
75.6689173834 349.8663039619 528.2967612127 19.3458002601 5799.7246377362
74.7588814084 303.3833315450 497.4523646151 19.5319485380 5855.5304759522
74.3135731638 281.0969590295 479.7794527698 19.6268232970 5883.9732022603
73.2623476821 235.0674822806 435.7635202801 19.8393735293 5947.6941490424
73.1750191777 231.6041414193 431.9603043603 19.8565340148 5952.8387305288
71.5376937475 174.2503605623 354.0544474796 20.1797321945 6049.7311146626
71.1956786643 164.9062535215 337.6538067184 20.2426961702 6068.6072313890
70.9740694307 159.0051105519 326.4989323226 20.2847955792 6081.2283107014
70.9325598349 157.8981903896 324.3304627012 20.2929190866 6083.6636756265
70.6285166397 150.1075026299 308.2927542734 20.3523946819 6101.4940025952
70.3715456722 144.1294140253 294.8844360311 20.4013690713 6116.1761483445
69.9771318569 135.5564386505 273.5633035835 20.4780176832 6139.1548145247
68.9804334705 118.3355242008 218.1563232309 20.6716408039 6197.2015546376
68.5913398688 113.1746696787 195.0199385490 20.7507102883 6220.9059799365
68.5272320945 112.4318344750 191.1976321975 20.7637045723 6224.8015662546
67.0999228513 103.7496953503 106.1913464526 21.0490563650 6310.3478812891
66.8149170803 103.7814279819 88.9771694219 21.1064914456 6327.5664775176
66.2447991996 105.4700542568 56.4381925815 21.2151795125 6360.1503285854
65.7755517663 108.4256683411 29.9627358445 21.3040358023 6386.7887636078
65.2431426960 113.3820327282 0.7694604293 21.4028072249 6416.3996800077
64.2909407795 126.3233789489 -49.8879626902 21.5772641244 6468.7005306522
63.9162752407 132.8576467880 -69.4393364378 21.6460245091 6489.3143664935
63.4972388126 140.9498285636 -90.5599079340 21.7214647602 6511.9307753474
63.4858598235 141.1808147064 -91.1229443834 21.7234947221 6512.5393422750
63.4583633387 141.7435901280 -92.4872698426 21.7284167718 6514.0149348615
63.2438707806 146.3346466179 -103.1955161882 21.7672834648 6525.6668706737
63.1740593899 147.8848865112 -106.6583123242 21.7799394138 6529.4610267738
62.7965515307 156.8438803345 -125.4113441976 21.8492618807 6550.2433705475
62.7866568555 157.0879303765 -125.8955068789 21.8510704358 6550.7855614298
62.7039347321 159.1538363656 -129.9408710811 21.8662233166 6555.3282784549
62.6701056483 160.0136310468 -131.5989825843 21.8724533891 6557.1960061944
61.5270041899 192.6133827354 -185.5662686681 22.0828672153 6620.2764743072
58.9498062445 287.9947498587 -288.3476904806 22.5520993953 6760.9487988497
58.8818893109 291.0035929196 -290.7705102621 22.5649874396 6764.8125353038
58.3137075190 316.9661713346 -310.1714974901 22.6731064209 6797.2257787805
58.2241277129 321.1946136706 -313.0904130052 22.6902482634 6802.3647712077
57.5949501499 354.2051628285 -333.8111373873 22.8202681541 6841.3437414030
57.3356693184 368.8916147521 -341.9367275794 22.8762556569 6858.1283648475
57.0911114096 383.5079962468 -349.4069423298 22.9310101747 6874.5433488360
56.5888184073 415.8044077864 -363.8396173106 23.0490177044 6909.9211041150
55.6607993316 478.4498600592 -384.4862322851 23.2691435897 6975.9131751217
54.5528962255 550.7418793674 -397.5437945848 23.5143732474 7049.4311705377
54.1222579895 579.0331134814 -399.6797021853 23.6090191065 7077.8052743096
53.5167736019 617.6575624587 -399.9929339238 23.7379162480 7116.4476527752
53.3846756839 625.8815723825 -399.6672748872 23.7653656461 7124.6767711635
53.1419874329 641.3984783578 -398.6860657811 23.8172215189 7140.2227635506
53.0741868307 645.8153970218 -398.3217586014 23.8320012942 7144.6536264039
52.9031137272 656.7544337884 -397.2456864141 23.8686622540 7155.6443003147
51.1748533053 763.2987869823 -373.6677979230 24.2332717370 7264.9514916555
50.8191350074 785.4090990251 -365.5905207555 24.3117822148 7288.4883309973
50.6266176231 797.9034722293 -360.4848776806 24.3568042412 7301.9855885647
49.8565037122 845.5180747246 -337.2227276026 24.5336161458 7354.9924519550
49.1096462136 886.8632685344 -311.4993941091 24.6960771503 7403.6970233524
48.7859734891 903.9929221373 -299.0948668497 24.7666170220 7424.8443357836
48.2982682719 928.7090772700 -279.0925087453 24.8726807686 7456.6414354621
47.1401004135 983.4380057291 -223.8107626977 25.1323762551 7534.4961791982
46.9364487001 992.5366318706 -212.7569034287 25.1801326208 7548.8131707454
45.7064271121 1042.3170640744 -137.4436816616 25.4815987431 7639.1904433106
44.4017571899 1078.7859651081 -50.9438870321 25.7951466003 7733.1897314371
44.2919718674 1081.0547918451 -43.5245535719 25.8210308341 7740.9496256080
43.7937479610 1089.8127326520 -9.7385152744 25.9374644463 7775.8555323288
43.4135856399 1095.0251969034 17.2461220689 26.0291382343 7803.3386317762
42.1560863267 1101.5826024321 109.7525287894 26.3388560757 7896.1897092308
40.5719475461 1084.3063584939 228.5944112650 26.7402890613 8016.5363205321
39.7246276412 1063.8451645685 288.8279037469 26.9525815220 8080.1799892204
39.6655332894 1062.1555461386 292.8742056747 26.9672076089 8084.5647774768
39.4515667142 1055.5114392089 307.9019963230 27.0220127098 8100.9949258500
39.0096262821 1040.4802250006 337.7616105216 27.1335232502 8134.4249329733
38.6320863869 1026.2899063965 362.0779097035 27.2274301754 8162.5775099608
38.5243998753 1022.1163984332 368.6748429970 27.2534701331 8170.3840889440
38.4415749884 1018.9281433475 373.5679180762 27.2729517040 8176.2245139484
38.0333885348 1002.8286144879 396.5368299496 27.3665107321 8204.2727940537
37.7191917058 989.2809904153 413.9350955453 27.4400543655 8226.3206112753
37.3617258420 972.7328172503 433.2231068311 27.5248189471 8251.7323832349
37.2344822713 966.6028155254 439.8887170436 27.5550275056 8260.7886767310
36.6401433047 936.5193317056 469.4151671416 27.6956461446 8302.9450715254
35.3833632821 862.0386971371 524.9599188064 28.0059332120 8395.9667987515
35.1897550051 849.1853107820 532.5467981163 28.0557194290 8410.8923241626
34.8678824143 828.2066182267 543.8689376446 28.1352276006 8434.7282644621
33.5652741886 742.4954111604 577.8503605768 28.4431724354 8527.0478075182
32.4186549448 667.2084273630 593.7457304319 28.7000360064 8604.0535639459
32.2670265953 656.9263503336 594.9823824073 28.7345907512 8614.4128107243
30.6302353605 542.8482164512 593.8691138345 29.1160805672 8728.7806037346
29.7286605943 480.4076787244 581.8145276251 29.3283078790 8792.4047412481
29.3699722860 456.6622173465 574.9818922888 29.4107178148 8817.1106083310
29.1359056280 441.3442072107 569.8709201128 29.4645808389 8833.2583292656
28.6596516906 410.4337958158 557.8268408117 29.5752396925 8866.4330071167
28.4793574831 398.4927698700 552.5407024307 29.6187988986 8879.4917223373
28.3776825598 391.7840445678 549.4073858540 29.6434977131 8886.8962368687
27.5306336622 338.3155776013 519.7858722926 29.8474775185 8948.0478334979
26.2718176015 273.3135103807 470.3888719989 30.1200634885 9029.7670489654
25.8159616725 251.7663428459 449.8076033326 30.2194556614 9059.5640614958
25.0204715891 216.3393560323 409.5673882442 30.3983606477 9113.1984150403
24.2727837956 185.7343170694 366.0879417335 30.5757700297 9166.3843976187
24.2350295571 184.3448254216 363.8594435511 30.5845317689 9169.0110995662
23.2741185821 151.2075406283 300.6341788926 30.8227956925 9240.4408195189
22.9378203355 141.7327434514 277.2320955841 30.9070053165 9265.6862194120
22.7410537271 136.5471854813 262.7279117784 30.9583870792 9281.0900771614
20.9580246799 111.0491077203 132.3003744114 31.4029496846 9414.3666393558
20.4035353626 110.3207642437 91.6510785688 31.5386062181 9455.0354323591
20.2343507565 110.7324940148 79.8494869697 31.5779865163 9466.8413430064
19.8214453794 112.8765150968 51.6253416752 31.6723973131 9495.1449768436
18.5129219053 131.4881932676 -40.5291414205 31.9863822073 9589.2752854712
17.7969994628 148.4260445313 -87.8731450784 32.1541415696 9639.5682646183
17.4626619131 157.7315848937 -108.8973587641 32.2308213342 9662.5562700472
15.8999633603 209.4375075230 -194.9948813854 32.5663391410 9763.1419885384
15.1690905265 237.0447130931 -228.6626699531 32.7115936077 9806.6881694229
15.1603210025 237.3849331286 -229.0424218495 32.7132944790 9807.1980775533
12.6956785755 344.3365165919 -318.8289281207 33.1805638809 9947.2819756561
10.6584244772 445.0276142304 -366.7930196292 33.5533170775 10059.0305934743
10.3410154465 459.5266237782 -371.5418424975 33.6042176634 10074.2901980723
10.0094430828 475.0330926394 -376.0781215204 33.6581184757 10090.4492475894
9.7196182652 488.8534572950 -379.6685876796 33.7057584801 10104.7313548057
8.9061355349 529.4078112905 -387.7676042875 33.8437424375 10146.0978918398
8.1753219096 567.1999233455 -392.2008557307 33.9706958486 10184.1575545014
7.9701618512 578.0411821243 -392.9318076807 34.0069594577 10195.0291056372
6.7697303136 640.5631829707 -392.4927228254 34.2156611882 10257.5963001006
6.6599862840 646.0347617894 -392.0777284596 34.2339611621 10263.0824913811
6.4012019124 658.7702620725 -390.8715112103 34.2766323205 10275.8749766709
5.7199910039 692.2679608096 -386.0991718138 34.3895077168 10309.7141571265
5.3923134986 708.2058102085 -383.0148108373 34.4436601417 10325.9486381558
2.8324095567 823.9237897560 -343.1207158193 34.8529848004 10448.6611165959
2.7864789646 825.9077563187 -342.1424339544 34.8603637191 10450.8732595668
1.3282133987 887.7154768317 -305.7100560618 35.0998603223 10522.6725276666
0.4801844279 920.7671456783 -280.7216152580 35.2381037305 10564.1168460744
0.0239292469 936.4807583830 -267.2019799531 35.3072517496 10584.8468916370
-0.4273767322 950.7541592525 -253.8951506783 35.3723483645 10604.3623571380
-0.7193006023 959.6125001107 -245.0950277329 35.4140069675 10616.8512860658
-1.8735926294 991.3612493590 -209.5410340463 35.5730585265 10664.5337312101
-2.0664781647 996.2559854511 -203.4109368176 35.5992325982 10672.3805164982
-2.6897047225 1011.2384875656 -183.3437694632 35.6827774347 10697.4266180509
-2.8958666046 1015.9703314767 -176.5371310459 35.7104375678 10705.7189131421
-4.5249241984 1048.4483388241 -121.6730881684 35.9232628558 10769.5223193468
-4.6856331040 1051.1503817967 -116.2761966224 35.9434033171 10775.5602746102
-6.0440119326 1070.9862987196 -70.3666534437 36.1103032846 10825.5956135927
-6.4017656652 1075.3459090498 -58.1672028738 36.1535328272 10838.5554981455
-7.6249540797 1087.5104947239 -16.7734017789 36.2975144425 10881.7200877240
-8.2676173385 1092.3279178812 4.8579502307 36.3714579217 10903.8877755926
-8.5846822615 1094.3402238765 15.5620536832 36.4078071349 10914.7849901729
-8.9544294156 1096.3715939933 28.0162681374 36.4499207967 10927.4103422512
-9.9046087046 1100.1075375538 60.2147107440 36.5580912146 10959.8390058537
-10.4394182732 1101.2826816304 78.4749183833 36.6191633611 10978.1479664694
-10.8769199024 1101.7467121870 93.3523635113 36.6688632861 10993.0476221236
-11.0032193200 1101.7995140007 97.6412025192 36.6831774923 10997.3389109139
-12.7580594059 1098.5916149401 157.9530618283 36.8847997316 11057.7837267271
-12.9327547299 1097.8760640062 163.8760751770 36.9047023148 11063.7503679781
-15.0296611983 1083.8343409341 233.7866854332 37.1427796496 11135.1241499441
-15.1401712976 1082.8170042349 237.4054337539 37.1553211358 11138.8839909017
-19.3634475393 1023.4443472175 368.9926921506 37.6385937346 11283.7655343085
-19.9144229656 1012.7639985547 384.9486566227 37.7026554932 11302.9707577780
-23.0214271685 941.6128544049 466.1812121514 38.0636228555 11411.1860680418
-24.6579673491 897.0822103706 502.4064858372 38.2552399395 11468.6314131141
-28.3548342007 774.0002488175 566.8642274612 38.7202434992 11608.0360282229
-28.9906531777 751.1487323222 574.3588239916 38.8004752235 11632.0888839981
-29.9193352242 717.3427378285 583.2587776018 38.9171222308 11667.0587648021
-33.4653398076 586.0542527845 594.7801927372 39.3581167874 11799.2656518491
-33.5466982748 583.0866534887 594.6313402614 39.3680303498 11802.2376614977
-33.8955635580 570.4274323150 593.7927750696 39.4103537803 11814.9259005917
-35.0074152257 530.2819344921 588.9425955397 39.5452901781 11855.3788022380
-36.1628855231 489.3915215815 580.5374455230 39.6845897106 11897.1397387030
-37.6853698739 436.9193959688 564.2372112488 39.8679812453 11952.1191256724
-38.4641482097 411.1639965836 553.7792107959 39.9607269867 11979.9235884686
-40.6133745635 343.9793707735 517.8395762461 40.2151604287 12056.2008101080
-47.1657235028 184.6812341140 353.0581802555 40.9867010536 12287.5031280110
-47.3863538317 180.6665951510 346.1487253185 41.0133670256 12295.4973812173
-47.6318285357 176.3513784736 338.4153276012 41.0429185671 12304.3567059842
-48.2413098140 166.1951665048 318.8003522616 41.1166107436 12326.4490551844
-48.9385982836 155.4201815213 295.2457007000 41.2030291398 12352.3566280239
-48.9548805579 155.1826566236 294.6885894831 41.2050504370 12352.9625973498
-49.7421991724 144.4346648926 267.1745547340 41.3036075535 12382.5092661800
-50.4092230676 136.5533852921 243.1415503272 41.3879899759 12407.8064695899
-52.6835740318 118.8834566712 156.0967162904 41.6846785330 12496.7514632387
-53.3001520456 117.4953673463 130.1198565035 41.7715048512 12522.7812872008
-54.5141089122 124.4244365498 76.0657921965 41.9537150822 12577.4064818829
-55.2604379262 136.0335814475 42.1919341676 42.0732824477 12613.2518163175
-56.5863898066 177.0769391353 -20.6096377910 42.3247069969 12688.6269720729
-56.8419190460 188.2929689229 -31.8837831199 42.3777597979 12704.5317655909
-57.3510356054 211.6524690022 -50.9798747882 42.4784583649 12734.7203806621
-59.0424785508 314.7796972470 -90.7874103463 42.8508658755 12846.3654449196
-60.2868495347 390.5156239772 -87.1422626014 43.1048576623 12922.5102408600
-62.6899499188 506.9840891321 -20.0381839798 43.5603352304 13059.0592283067
-63.8595390049 548.9076547381 44.9280746711 43.8193559624 13136.7116675920
-63.9813835873 552.1001924021 52.7757146066 43.8476159933 13145.1837907635
-64.1028476679 554.8335081931 60.2808142107 43.8742597159 13153.1713579736
-64.8557935544 565.6183972042 108.1170149913 44.0381330974 13202.2993002634
-65.5461014850 565.7302727206 156.7899909331 44.2007921272 13251.0631889770
-65.9915337968 562.9338941116 176.3302270097 44.2666511974 13270.8071986934
-66.2413111915 560.6733840860 186.8731519197 44.3026200916 13281.5903758334
-67.1535212128 549.0146530646 222.0443945545 44.4263686216 13318.6891909720
-67.9542695454 533.8924967388 251.2815878952 44.5362692698 13351.6365181107
-68.2811354140 526.4076904861 262.6482920358 44.5816746857 13365.2486874671
-68.7006466269 515.2720230125 277.1944480996 44.6427936456 13383.5716502081
-68.7202478482 514.7276994294 277.8470113978 44.6456288290 13384.4216145300
-68.9176910777 509.1058006589 284.3087750516 44.6742013536 13392.9874207104
-69.3758311753 494.9475416803 298.5986835542 44.7413214691 13413.1094813030
-69.6351910913 486.3628990289 306.1047830565 44.7793620495 13424.5137327679
-69.8413372470 478.9363253923 312.0057374660 44.8110034562 13433.9995643552
-71.4725799660 415.6150521667 345.6365016047 45.0512076903 13506.0109467923
-71.7521466106 403.6276926478 349.3396193165 45.0930634929 13518.5589706945
-72.4263556761 375.5294361458 355.2641182935 45.1889156459 13547.2946681114
-73.3260533091 338.8369090875 357.4227092603 45.3116775712 13584.0977060547
-73.3803368866 336.6192719988 357.3563130760 45.3190793339 13586.3166927016
-74.0700702096 308.5029879042 354.5938801030 45.4133764209 13614.5861934802
-74.9004252121 275.1050724348 346.5049748106 45.5280993996 13648.9792172337
-77.6272588246 182.0640589446 287.5769404880 45.8995054034 13760.3240374471
-79.8535357045 137.2661255489 217.6168485601 46.1782900347 13843.9015600044
-81.3651113323 123.5208311327 166.3524586520 46.3557598283 13897.1056052281
-81.6251435962 122.4641792675 157.5478892080 46.3853531288 13905.9774313344
-83.2182460830 124.1691363216 100.3179863092 46.5768639200 13963.3908650350
-83.8749022965 129.2918184250 76.6954562926 46.6575398005 13987.5768352196
-87.6116215773 212.2859322602 -43.6154621881 47.1543256697 14136.5098384503
-88.0995569701 231.3434672893 -56.1688592760 47.2304759924 14159.3390823676
-88.3547926316 241.3628318011 -61.7016576318 47.2686576238 14170.7856194131
-89.1026578185 270.5671884156 -74.3028246755 47.3748400712 14202.6182575855
-91.6997843071 370.3150273631 -84.8839232996 47.7124778984 14303.8395872186
-92.7985148693 411.7154111128 -75.6189336011 47.8542111005 14346.3300684066
-93.3033004487 429.6782688490 -68.8558410903 47.9182573734 14365.5306150868
-94.1233611123 458.5573188666 -53.9302718328 48.0267910619 14398.0681369654
-94.2051316413 461.2452135234 -52.2529472211 48.0373623829 14401.2373308409
-96.1829441200 515.9929180188 -3.2663244902 48.2834792572 14475.0212814097
-97.1448951735 536.1759520820 26.8042307823 48.4044229958 14511.2792401947
-104.9044178160 518.1834093446 269.2945832449 49.2641560079 14769.0224185970
-104.9470414762 517.3848229252 270.3207440573 49.2684954389 14770.3233437279
-105.9998283955 495.8990514699 294.0847239547 49.3754660724 14802.3922737671
-108.8652465216 425.1392827694 339.5437270624 49.6578634823 14887.0528831993
-108.9325680984 423.3073253157 340.2641329773 49.6644343615 14889.0227778661
-115.2445433058 253.1537177789 336.2215019303 50.2470832722 15063.6971084986
-116.2060721292 231.1973431962 324.9304427694 50.3295212289 15088.4113348484
-116.7343187192 219.9851426531 317.8845232293 50.3737232875 15101.6627466454
-118.9944817441 176.2957635989 279.1766747854 50.5691055809 15160.2368280277
-119.2452530933 171.9385066892 273.9652436279 50.5917775682 15167.0337012217
-119.7179033071 164.1953757756 263.8180934526 50.6343783607 15179.8050664921
-120.0540145854 159.0338615533 256.3091261476 50.6647872619 15188.9214026889
-120.4163366148 153.8222791532 247.9835734481 50.6975655386 15198.7480581408
-121.2060528375 143.9312107090 229.3715157843 50.7679283422 15219.8422498527
-121.2591879612 143.3914166220 228.2099968047 50.7722050025 15221.1243568388
-123.5726591569 126.5523769833 174.3704849022 50.9610035183 15277.7246693701
-123.8636693613 125.4711751319 167.6541182612 50.9837171631 15284.5340310978
-128.5164378327 137.3778013979 58.0601261659 51.3555599912 15396.0098103243
-128.5868592995 137.9847606286 56.4730914591 51.3612317611 15397.7101594865
-129.0745162171 142.5467401940 45.5634171093 51.4007024400 15409.5431421842
-134.5187040367 230.0622999799 -52.9945772881 51.8474195735 15543.4658073357
-135.9049384359 260.4611470595 -68.1124051461 51.9608379529 15577.4677211351
-137.7354892901 302.7139712422 -80.4831916331 52.1080197374 15621.5916456503
-138.2263700533 316.8975625445 -82.5891670305 52.1558884987 15635.9423048916
-138.4821766472 330.5838319267 -83.5638839934 52.2016654361 15649.6658523401
-139.0581489752 356.2488067174 -83.0324544887 52.2873818177 15675.3629242601
-139.6246130566 382.1216329121 -79.4328068896 52.3745611894 15701.4985889983
-140.8781432547 432.1556022312 -62.9289209433 52.5507458714 15754.3173661391
-141.6347864674 459.2526290258 -47.8284116033 52.6543013406 15785.3624561490
-141.6898779173 461.2581973209 -46.5015066991 52.6623245653 15787.7677517955
-142.0459712606 473.7578270056 -37.4772270020 52.7137615379 15803.1881317399
-142.0854755060 475.1500317626 -36.3850709356 52.7196651384 15804.9579817740
-142.5322654083 490.8914935021 -22.6445169229 52.7893860834 15825.8597491891
-142.5565732220 491.7659019883 -21.7985679990 52.7934451498 15827.0766233147
-142.5770343185 492.5075557457 -21.0736639919 52.7969051352 15828.1138980097
-145.1384722425 552.9801181637 88.0215688463 53.2188283901 15954.6034970330
-146.7344407567 556.5220989194 162.0514775822 53.4672326769 16029.0731978227
-148.6933910394 523.4156724405 253.9839672792 53.7958429741 16127.5881313441
-149.2116196462 507.7589454691 275.4867003872 53.8846180112 16154.2021638257
-149.8550759737 484.6411579470 299.4483521319 53.9957794517 16187.5274647034
-150.4594123666 458.4650243968 319.4617703343 54.1057677373 16220.5010628027
-150.5973540694 451.8918957114 323.5942225427 54.1316671702 16228.2654974000
-150.6392024337 450.0129408323 324.7158026028 54.1389680587 16230.4542426697
-150.7468243259 445.2477215788 327.4489537083 54.1572948547 16235.9484633746
-151.9859653958 383.8908495895 350.4662438381 54.3766763105 16301.7173216548
-154.7798531684 244.3612241660 334.0612977414 54.8538054274 16444.7573373615
-155.0489758644 231.8130630745 327.6602097582 54.9007975703 16458.8451933865
-156.4123162891 178.8826149536 287.0448628985 55.1241353009 16525.8001148765
-157.5528105537 146.5997663517 243.8082238806 55.3045426462 16579.8848152096
-158.7782610865 125.1034714180 191.3756878627 55.4940993265 16636.7124194328
-159.1175533376 121.6475320264 176.2053062630 55.5460113543 16652.2752169084
-159.7339208619 122.4934928607 143.7478449297 55.6552141050 16685.0132115280
-160.6050953329 164.8523608859 91.8452148609 55.8862349641 16754.2725031889
-160.6520175093 171.3869191630 89.1143292459 55.9098587644 16761.3546084576
-160.8895002001 214.3117516469 86.4786846172 56.0553920683 16804.9844238412
-160.8072909196 254.1436282761 109.5424429605 56.2114571614 16851.7716702815
-160.5911282265 273.7459841730 169.3328896793 56.4277271332 16916.6085453017
-160.5850107170 272.7297373104 176.1940296835 56.4508623198 16923.5441697754
-160.6451434772 266.4993985986 194.9085438635 56.5168256283 16943.3192357209
-160.9979424611 236.1512184769 227.9631767894 56.6687786458 16988.8736805444
-161.0054662010 235.1997066056 228.5144743733 56.6724470570 16989.9734185149
-161.1969265878 195.9560543021 238.4657432017 56.8092093561 17030.9736941362
-161.3250771480 179.8275547508 236.4858939220 56.8635101087 17047.2524251426
-161.3886129518 171.6347762152 234.1215694999 56.8919575851 17055.7806110385
-160.9570786524 120.0804806849 166.1701652246 57.1930826287 17146.0579181848
-160.5530901005 136.8035570626 113.3527294656 57.3820228467 17202.7011985859
-159.3890247629 204.4742282763 85.2593769514 57.6372150410 17279.2072786102
-158.9734782926 234.4377195247 94.7784072397 57.7427386768 17310.8422880379
-158.9447656125 235.9072643350 95.6284354343 57.7484019830 17312.5400678075
-158.9063760895 237.8036934422 96.7865972128 57.7558145134 17314.7622410932
-157.5193886375 260.7883585630 203.3240564998 58.1619377276 17436.5200521430
-157.3041040943 252.4113475440 213.7292112028 58.2065368574 17449.8903284586
-157.1752979055 243.7051643864 221.4585459476 58.2454025442 17461.5417776577
-156.9270812031 220.8224846397 233.3311880918 58.3318351573 17487.4533959108
-156.5886982868 186.4806267007 235.9110964226 58.4477778705 17522.2120054545
-155.5494098780 122.7033084055 168.8351271455 58.7808426648 17622.0653788752
-155.1133385804 127.4267888987 132.6718891936 58.9035948238 17658.8654404619
-155.0949709277 128.3683048182 130.3465998540 58.9119622553 17661.3738798692
-154.9063429793 167.8470997955 90.4568462176 59.1038284306 17718.8943770418
-154.8039503774 182.2636903253 85.7509210288 59.1544691752 17734.0758695035
-154.8058606903 270.6982150077 132.7789301060 59.5168112503 17842.7071384567
-154.7701525171 275.3518656333 151.4614626723 59.5811962682 17862.0090425720
-154.7639493141 275.7850254308 156.3814544260 59.5976720280 17866.9482520148
-154.9916536959 262.5127179642 204.0807369877 59.7657167347 17917.3270032494
-155.1092580780 207.6906950309 237.0640605073 59.9852598328 17983.1451948056
-155.0999963497 202.0332654288 237.4874092428 60.0041851256 17988.8187430864
-153.3494254629 129.2074921384 129.6989281304 60.5219963824 18144.0640532526
-153.1685382121 138.9325527413 113.2557846046 60.5858694847 18163.2124882900
-152.6896709724 167.5109109698 90.4824239624 60.7087890069 18200.0627241521
-152.6420154237 170.5940983376 89.1370396489 60.7200088840 18203.4262880598
-151.7387133398 254.4999806744 107.5416866630 61.0253961689 18294.9815153014
-149.9039170192 241.0822083870 224.1717330120 61.4696031169 18428.1579220655
-149.3581912324 221.7118422393 233.5146720572 61.5415814743 18449.7362483434
-148.3530812328 178.1732994061 234.0593637404 61.6890729088 18493.9531115779
-148.1854530940 171.7886608853 231.9632693865 61.7114951898 18500.6750127981
-145.5351749034 130.6791871284 194.5702613275 61.9012118002 18557.5510667952
-145.2331347929 128.1171441502 188.8013006155 61.9222931159 18563.8709629710
-144.0094740304 122.9683964334 164.5124046632 62.0055968056 18588.8445456855
-138.1772346198 180.0401728300 86.7534952373 62.3537626239 18693.2255317022
-134.3429883399 257.6926869158 111.5051194672 62.6401842189 18779.0945865731
-131.4037703663 271.5009064036 183.8457167908 62.8975626094 18856.2561407333
-130.6546847249 262.6105191591 202.0615835994 62.9654182902 18876.5985187779
-129.4435813622 243.0894293538 222.1865576986 63.0594975076 18904.8025415337
-120.8749207191 127.3364238838 129.2702889571 63.7173541441 19102.0395711593
-119.5551200011 143.2192687425 105.2922194694 63.8140099306 19131.0160355616
-117.3604828115 187.9226779963 83.1940232846 63.9837308425 19181.8973198719
-116.8130870037 200.3116722585 82.6474248264 64.0251654565 19194.3189020277
-114.4834600350 245.3737699710 99.4534462918 64.1883009648 19243.2258704962
-113.7372855896 257.3847021246 111.6342728551 64.2455037423 19260.3745959453
-109.2243292738 264.8839142948 194.4023729556 64.5383199566 19348.1608598412
-108.2724708561 255.6694438200 208.0311960216 64.5933977490 19364.6725334311
-108.2510645496 255.4282337882 208.3113474404 64.5946329378 19365.0428252319
-106.6890346672 233.6480767059 225.5702782711 64.6880285866 19393.0419163907
-103.1077015075 167.3181630240 227.2446040006 64.9180173646 19461.9918184497
-100.8188052190 134.9250724722 198.8094278727 65.0641392628 19505.7980953927
-98.5236608019 122.4916939192 159.2296080640 65.2043260025 19547.8250142216
-96.6923432898 128.2701868151 127.9367209803 65.3115140061 19579.9589886433
-95.0366204251 144.7812974878 103.1844439438 65.4114817432 19609.9283552346
-94.8370806752 147.4872017810 100.6058211668 65.4239648693 19613.6706218414
-90.9474202750 208.5256090938 81.6291923063 65.6440873692 19679.6625534062
-89.7466194307 229.6498128430 87.7824922648 65.7177974044 19701.7600155952
-88.0913858031 252.5103748232 104.2696996335 65.8125664718 19730.1708453003
-86.5225953702 267.1546531076 126.8233135918 65.9028546883 19757.2383398153
-84.9119163554 273.0654691339 155.1608458932 66.0001947289 19786.4199341572
-83.0185159104 267.2371570669 185.2047191434 66.1031219960 19817.2765533702
-80.3610632495 240.6131451564 217.9361561071 66.2461839305 19860.1654542323
-79.5517610790 228.1395953783 224.8546306362 66.2938870306 19874.4662587274
-79.3608299629 225.1260941623 226.0874633542 66.3047647177 19877.7272357538
-76.7423429751 177.3687959801 228.0135311660 66.4671778891 19926.4176515007
-75.8044453177 162.6201455126 221.9609165815 66.5205165913 19942.4079553004
-72.9213111631 126.9515927141 179.1471755127 66.7108971408 19999.4830784043
-66.2731304490 206.3622769815 82.4170871065 67.2066794834 20148.1237593607
-66.2215260150 207.5823870417 82.5388048459 67.2107720425 20149.3506492715
-65.0192330784 238.2595847213 92.9764967590 67.3198014690 20182.0366704072
-64.7145320092 244.5467480887 97.2504919353 67.3451829484 20189.6456974014
-64.1804033298 252.7428668377 104.4101244297 67.3815522722 20200.5487527650
-64.0406014615 254.6430852943 106.3966190347 67.3907323940 20203.3008225244
-63.2389696707 263.9208966372 118.7657882267 67.4424414865 20218.8025833244
-53.3980481709 193.3862252215 231.6406165576 67.9900596878 20382.9856708983
-52.2623420782 174.2966611103 227.5511670414 68.0554582803 20402.5914231695
-47.8391315480 125.5200903798 164.9121655609 68.3359518762 20486.6832699106
-41.7776706108 196.8059916821 82.7551587176 68.7415236265 20608.2760725394
-41.0788747745 215.1571017914 84.3425793705 68.8031537380 20626.7520645189
-39.3056228727 256.7570205688 109.8252815766 68.9692938996 20676.5598414212
-38.3484846237 270.1029284896 134.3042338485 69.0628021533 20704.5926821195
-37.3277502043 273.2642379653 170.9250441062 69.1868056838 20741.7678951843
-34.2456046652 204.4995858633 231.8129553319 69.5190539715 20841.3766637047
-34.2156467217 203.5363896646 231.8561085644 69.5222726909 20842.3415887506
-34.2039994827 203.1438228502 231.8701846350 69.5235837292 20842.7346187554
-33.6701036035 184.1018742077 230.0979329927 69.5875430329 20861.9088823197
-31.9078762197 129.7081007869 179.4681692325 69.8474617606 20939.8321320500
-31.7624294084 128.2205879007 173.8255469061 69.8669349697 20945.6699313888
-31.6354692533 127.3492477682 169.2380058743 69.8825163102 20950.3409990936
-31.2279651823 126.6069678265 152.9127095814 69.9371382966 20966.7160152156
-30.9149671645 127.9921007432 142.6493158502 69.9717137106 20977.0812738262
-30.8752353111 128.2877468585 141.2924904796 69.9763471953 20978.4703250092
-29.2393060824 170.3871531096 90.2792453087 70.2054513585 21047.1550575122
-28.8073781848 207.9977234387 84.2364770368 70.3338870172 21085.6590135524
-27.6512480971 262.8693892055 117.6153152711 70.5550899313 21151.9748874834
-27.6257481439 263.8566232652 119.1663076205 70.5612230623 21153.8135111605
-27.3545884694 271.6092317230 135.9511174355 70.6230191036 21172.3392448160
-27.1491570490 274.8501230766 153.0108668674 70.6810541512 21189.7374648588
-26.8670019969 270.5244276148 183.5422713600 70.7846433896 21220.7925351608
-26.7187610603 266.8959008438 191.8263530681 70.8148278097 21229.8414233535
-26.6914143739 266.1698336266 193.2051555339 70.8200262257 21231.3998327080
-26.6133605525 263.8680743956 197.1819133356 70.8353534693 21235.9947249508
-26.0932792588 228.7857474433 226.7138166056 70.9908441748 21282.6097788051
-27.9249441935 147.5027726927 210.3683690075 71.2843643416 21370.6072188085
-28.6094281907 134.0287908771 190.7573928738 71.3641230796 21394.5180324500
-29.2344939148 127.2812826570 165.2512467100 71.4526600662 21421.0605109338
-30.0549762147 135.9955227227 124.0690759836 71.5952275442 21463.8011741234
-31.0208508108 170.2211803642 92.4752330010 71.7535639353 21511.2693689601
-31.2040605260 178.5982254619 89.2828297391 71.7834879349 21520.2401850226
-32.9624431689 256.6987096875 110.9782520270 72.0685499766 21605.7017630187
-33.6959493132 273.7821989510 146.9792200084 72.2032681622 21646.0892120981
-34.8345946794 234.3388314043 224.3664376131 72.5141725295 21739.2987394379
-35.1430113829 210.3460184652 231.5273838788 72.5981220939 21764.4659342852
-37.8050128238 127.9684912527 160.4458686470 73.0067188034 21886.9658402177
-38.2198617622 129.5235811071 143.4068597803 73.0639266243 21904.1160616362
-38.7081369845 137.5683666169 122.4258905587 73.1392020000 21926.6827912047
-41.1118550088 233.9403952830 93.5482664848 73.5116840934 22038.3546158909
-41.4385913695 247.1094567580 102.0460459227 73.5640607897 22054.0565101402
-42.1330101487 270.6531832028 134.9990570477 73.7007072635 22095.0220582416
-42.7640806474 270.4401165083 184.2156895864 73.8682752100 22145.2578946488
-43.0117864190 187.4989156496 230.9308260396 74.2150271582 22249.2152507035
-43.1340582325 156.4763953782 216.4575536507 74.3303694020 22283.7938274464
-43.2515890071 142.1635301947 201.4404035947 74.3997464170 22304.5922705281
-43.4386417016 128.5572570247 163.6206828617 74.5353225759 22345.2369388039
-44.7511800255 186.5443930030 86.4688257872 74.8842726366 22449.8533465710
-45.2208059894 224.1152251899 88.1492585268 75.0111766559 22487.8981173748
-45.4746833030 244.7745336183 98.4064192005 75.0883908880 22511.0461003727
-45.5921582312 255.1636546336 107.3433827172 75.1341509183 22524.7643814101
-46.9705735596 271.6326651274 183.4670519887 75.4072966993 22606.6533251505
-47.3164315303 263.8506760635 199.0252559268 75.4654442690 22624.0852718588
-48.3247866347 207.6626477224 231.7724263275 75.6899186340 22691.3819799708
-48.8425680870 184.1289860393 229.4088909911 75.7691919804 22715.1472704959
-50.5847904744 133.7937923952 183.1204756962 76.0057316097 22786.0612593939
-51.1831652260 131.2924475721 144.4496080992 76.1366991010 22825.3242529515
-51.2521575430 132.5041667634 139.5144068323 76.1536511848 22830.4062478633
-51.4594256731 137.1587931861 127.2900113815 76.1973237558 22843.4987287307
-52.0398871259 169.5999752896 94.4128876103 76.3541667756 22890.5192115801
-52.4000221952 192.0862154793 87.3125731257 76.4331930469 22914.2104297533
-52.5086665079 198.5531977542 86.6202107226 76.4548927984 22920.7157135050
-53.0437703891 223.5962692731 89.4628405712 76.5394151585 22946.0546238699
-54.7193547947 275.1709416006 145.5884292006 76.8062704628 23026.0576120472
-55.2994224322 275.4315648967 172.4025997814 76.8961574040 23053.0047924662
-59.4436974325 171.9061166387 225.6466600133 77.3446609613 23187.4701134462
-59.8047609510 161.2211835768 219.1182024536 77.3864767414 23200.0059467257
-60.6686062161 141.4194286813 196.5764653785 77.4873673870 23230.2519831457
-60.7270857195 140.4842087507 194.8937620801 77.4937917543 23232.1779137155
-62.2716909883 132.1728115070 152.0783242884 77.6414994654 23276.4596210983
-62.2935905553 132.2473048188 151.4654034067 77.6435593733 23277.0771506098
-63.0708442608 139.1371048918 128.4724778597 77.7240307728 23301.2016072850
-64.6610071589 181.5129982318 91.9660548622 77.9159380275 23358.7344727401
-65.3165688799 205.2084265058 88.5181235115 77.9962377446 23382.8074564053
-65.5185304147 216.6598107923 90.9679915535 78.0355496446 23394.5917643542
-67.8987786912 188.4154087409 146.3434817952 78.3882466523 23500.3477414124
-69.6293117216 224.5608938972 91.2805025122 78.7237013519 23600.9320924238
-70.1938981673 231.2606716054 96.7875310480 78.7527757257 23609.6474356836
-70.3437156988 232.9144388148 98.7122164209 78.7612561283 23612.1894743593
-72.2737902755 237.6592501592 128.3946229091 78.8665386177 23643.7512487873
-73.4550338059 229.4977457937 141.0391072619 78.9172868872 23658.9638724891
-73.5051647705 229.0403513862 141.4459458965 78.9193358620 23659.5780578583
-74.0367218741 223.7276712224 145.1893236584 78.9411139889 23666.1062272380
-82.1876408833 218.8323035013 86.5026680152 79.3558273644 23790.4662659866
-82.6993051460 227.2188590295 90.5385494854 79.3870057598 23799.8123183331
-84.9666606030 240.1321026678 122.3408298281 79.5092286572 23836.4530966128
-96.8266375116 192.2613127826 89.7095653625 79.9221779524 23960.2840908372
-97.6436558739 200.2323835036 86.1547656967 79.9515310476 23969.0829702952
-102.8262123365 238.4554787438 125.4194068159 80.1751885193 24036.1389742172
-107.0263021211 194.5560515677 143.1190156219 80.3539680319 24089.7375634606
-111.3152242489 184.3923959598 96.4445721911 80.5369524959 24144.5970334374
-111.3798149254 184.8474458866 95.8741369582 80.5393961591 24145.3295261937
-114.1408286568 210.4871076845 84.7275365111 80.6368971611 24174.5583123415
-114.5765758023 215.0974583928 85.3228007793 80.6524798730 24179.2293188327
-114.9385709609 218.9709626932 86.3814648119 80.6659337098 24183.2621744974
-116.6511134499 234.3503296483 98.1613919197 80.7319996130 24203.0667660064
-119.7082827846 233.4740794515 134.0094557661 80.8604584404 24241.5772140519
-126.8361165339 179.3659953117 121.0193502431 81.1001339861 24313.4368410916
-127.5853391725 179.1265030382 113.5012016973 81.1254096422 24321.0134286166
-128.9526874546 183.6004419353 100.2517994549 81.1727314356 24335.1988308408
-133.0923302614 222.8301333440 87.9847667893 81.3223846792 24380.0640337578
-134.2578533340 233.6757198806 96.1757352060 81.3682950838 24393.8263297937
-136.8390924865 239.1319705834 125.2180734486 81.4719829292 24424.9099767025
-136.9613080973 238.6160384122 126.6316552738 81.4770184501 24426.4193850209
-137.0244223289 238.3312234774 127.3251393282 81.4795281648 24427.1716755886
-141.6607749032 187.8166574634 137.8086948832 81.6803063620 24487.3668530061
-143.5879923974 178.5320846896 116.4564513442 81.7600821461 24511.2815476838
-149.7724475955 223.9995386273 87.8129192234 81.9761737005 24576.0688120572
-150.0871038328 232.6175316946 93.7689040659 82.0112621101 24586.5869364371
-154.9358037651 178.0870536738 113.3016543254 82.4238341598 24710.3057275774
-157.7780789472 200.1147605269 84.9764981937 82.5510854313 24748.4541046609
-160.8669845667 236.7091511798 99.8682425094 82.6932513484 24791.0743373187
-161.2274994606 238.7116067055 104.5132443938 82.7101774313 24796.1480165793
-178.0593123041 239.3652608178 98.6895316174 83.3380939097 24984.4829764349
-179.9719811912 242.4255760557 114.9733907585 83.3943521215 25001.3473089042
-191.3846321870 196.2057430826 85.1341762797 83.8116622530 25126.4878812269
-194.4952274425 240.0932814815 99.7608406955 83.9866458652 25178.9483182848
-194.8162249269 241.9545497791 106.2241003303 84.0091364304 25185.6900085191
-195.0314867974 242.4388047544 110.9912447284 84.0251468050 25190.4891892000
-196.8789304135 228.8367938790 137.1090504298 84.1277576009 25221.2498888591
-198.1921895183 209.6915824201 142.2113544450 84.1950829642 25241.4319971453
-200.1430080821 182.8318782792 121.1506435579 84.3166680553 25277.8815069327
-200.2961255403 182.0328774078 118.1741668351 84.3269620805 25280.9671678128
-200.6416053130 181.4156020093 110.2364474624 84.3536129112 25288.9559538127
-202.2632374343 211.2942569876 81.1179213128 84.5059082471 25334.6133687716
-202.4162435031 214.3150926419 81.1953695863 84.5160067149 25337.6404009321
-205.1751209999 240.1037055964 123.7385771286 84.7076797759 25395.1053959184
-211.8255588990 194.1351412591 86.2592067144 85.0748932808 25505.2186116323
-214.8398984220 240.2190209182 98.3710876671 85.2578335074 25560.0649630061
-215.0567709929 239.6931753164 123.3735712937 85.3435291142 25585.7543343634
-215.0114796016 230.6540274931 135.9610813995 85.3958813463 25601.4476654320
-214.8995625629 221.0254394583 141.2855918389 85.4328272437 25612.5225494769
-214.8310728717 198.4218270577 84.0890312914 85.7370752563 25703.7490267283
-214.7575986886 209.8444008434 81.2301196058 85.7765556762 25715.5836847724
-214.4821611044 229.7051271255 87.3384713612 85.8471166930 25736.7357499201
-213.6680480032 236.0998169167 128.8943810387 86.0009071507 25782.8414782231
-212.4379768206 185.1728488402 101.4648365762 86.2901442263 25869.5657615841
-211.3737867818 237.7270753797 126.0368059113 86.6092035293 25965.2349006977
-211.3563807909 237.4911859196 126.4958768012 86.6109262562 25965.7512848006
-211.1031924587 232.4963185802 133.3209762974 86.6392595415 25974.2443695251
-210.7996728044 223.2786235909 139.6165257388 86.6767635699 25985.4865509635
-210.8026558249 215.3703900838 145.7640850456 87.3305614906 26181.5951037309
-210.7388849986 206.1711722405 145.5407993297 87.3614003974 26190.8392828069
-210.8816242076 182.0464522756 118.4151284428 87.4921486616 26230.0361126520
-210.9435131314 193.2231588924 92.5268260131 87.5895858647 26259.2456439137
-210.9358099895 201.2427181138 88.0630302146 87.6203392874 26268.4641957245
-211.7514458497 240.5144099611 111.5649415893 87.7957079098 26321.0401685377
-212.4831778205 235.8340242108 132.2811085306 87.8684243634 26342.8383902477
-213.9115059430 210.2456330847 146.4418767476 87.9699157040 26373.2633872626
-216.9281568871 213.8605194463 148.0294396673 88.5798045508 26556.1937773402
-217.6805296562 192.8605914781 143.0448802328 88.6537544295 26578.3617625591
-218.1370398764 183.3246193550 132.2672687005 88.7021673171 26592.8741190285
-220.0029802182 201.4256799163 89.5910327176 88.8773247642 26645.3867843265
-220.5794660027 219.5263282714 90.3907922304 88.9389135900 26663.8490428974
-229.7452563711 238.8634763178 130.1127050261 89.7151832555 26896.7261534893
-233.5190247936 185.9120551484 134.5865924029 89.9333688626 26962.1418110188
-238.7708683446 215.1179284074 90.1425570184 90.1552941580 27028.6789682628
-242.4724707113 240.5904994617 116.7831656231 90.2901677674 27069.1126934689
-247.7202826334 208.2194563534 147.7772802840 90.4633377015 27121.0294080972
-252.3433061332 183.0707787291 118.1385422529 90.6067508250 27164.0235874320
-262.0644416124 240.2163173580 115.7569020432 90.9006781895 27252.1551527937
-263.0386243754 239.6906153551 124.1313463373 90.9289596441 27260.6326627528
-263.8758631675 237.4792158638 130.5683116624 90.9518906071 27267.5062954589
-272.5681341680 187.6648556211 135.3111147317 91.1514608320 27327.3395971300
-285.6912701461 233.8182346280 103.2923854092 91.4648494938 27421.3085250934
-286.7716699777 237.0475570622 110.5294942419 91.4916171147 27429.3322373133
-291.4710130188 229.4645495230 139.4247233455 91.5973858852 27461.0396203135
-300.1945198011 182.8639533888 126.8705352416 91.7945400474 27520.1484233993
-301.6287004644 181.5525038562 117.3491990187 91.8270757867 27529.9012120103
-304.9552258633 189.4548682821 98.2300508418 91.8986397902 27551.3538779548
-305.3380520386 191.0425553020 96.6912491744 91.9061265625 27553.5980222774
-306.4651896154 196.4947577340 92.8576776976 91.9287257008 27560.3721785765
-310.7050520108 221.6434298766 92.0322677166 92.0170590979 27586.8522708792
-315.4607215332 238.9406783636 115.3226690945 92.1190597739 27617.4299196390
-320.8487819103 223.6939918496 143.4295564901 92.2344266860 27652.0149894740
-324.1822961421 205.0446053715 146.5574182390 92.2995332023 27671.5317549741
-346.1852808000 238.7773488810 130.2119661245 92.7773143858 27814.8196430692
-357.2188844069 181.9822155113 117.9850231533 93.0491878540 27896.3368270482
-358.6033934825 184.1839974045 107.8616068986 93.0842136078 27906.8360255515
-365.7266462154 227.6586583927 96.7640858331 93.2607729015 27959.7691165606
-370.0746058686 237.8068351617 124.0584555286 93.3638513887 27990.6698897753
-377.5460799231 201.3970217295 146.3987072239 93.5269913922 28039.5791068175
-385.1328210903 184.3958622304 105.3766864585 93.7001852039 28091.5030283722
-393.7660422462 237.9470032644 111.7199231126 93.9270399811 28159.5187075929
-405.6784002031 190.3798525490 98.9287391753 94.3315830496 28280.8330574807
-406.0942387983 193.9825020804 95.9265287777 94.3473078930 28285.5465727041
-414.4715516237 234.3690198941 135.7765789367 94.6158487941 28366.0644062951
-428.6145381001 185.4443929750 129.1322931878 94.8202691108 28427.3522801724
-434.0000102669 186.0601804949 107.7032286726 94.8959444448 28450.0374438124
-434.8012645012 187.5476781566 104.9101518247 94.9068363470 28453.3022663144
-444.2621493425 218.2591949258 92.5908753501 95.0295174323 28490.0802715074
-445.1614989365 221.1373158064 93.5516872098 95.0400790926 28493.2461027710
-446.3028908735 224.6550661100 95.2570889230 95.0536685877 28497.3195330164
-459.8909242708 234.4510680357 133.6528991504 95.2079467749 28543.5715389085
-465.8785658663 218.3324750685 145.4988152204 95.2790095564 28564.8738793527
-477.9537227885 185.0101409152 126.5213581051 95.4270585953 28609.2580980165
-483.1127169818 185.6674465140 109.0585085526 95.4886435117 28627.7190764837
-485.4665738030 189.7294268981 101.6144818462 95.5180799286 28636.5427487389
-496.0930941570 225.2324230920 94.0902625743 95.6541123858 28677.3239105496
-519.7483060352 198.6873241496 143.8088107035 95.9522657947 28766.7238509859
-526.5056549292 184.9778254279 125.7524482954 96.0337402858 28791.1475574805
-529.7528201692 185.5369690625 113.3075022014 96.0769992477 28804.1147805083
-538.6732256622 209.5177073963 93.6348818996 96.1915124945 28838.4438505381
-545.9776856053 233.5859905089 104.3588278580 96.2866737944 28866.9709111741
-580.6905165031 200.9712687436 98.3709131971 96.7510382621 29006.2351687279
-595.1500647454 238.6019476733 116.8666250470 96.9184422764 29056.4230156312
-601.9465157949 234.6424360137 138.5583728768 96.9975606466 29080.1403433575
-604.6742603484 228.0097679531 145.3013423157 97.0305629223 29090.0329132187
-626.6456105275 193.2094725364 105.0476861154 97.3093222809 29173.6159530176
-633.3831061185 215.6326575381 97.0136252783 97.3943598493 29199.1078465285
-655.2655680872 213.1625803769 149.9323143374 97.6785524591 29284.3205694222
-656.7499642821 207.8012813795 149.2552922021 97.6972773989 29289.9333495413
-658.0305604822 203.4000038059 147.7900964690 97.7133511766 29294.7514304711
-658.8010736680 200.8650990392 146.5303670743 97.7231414202 29297.6860136422
-696.8402015702 235.9903839884 136.2782604915 98.1734734120 29432.7405342019
-701.0500965011 224.3653564855 145.6815313238 98.2260133700 29448.4899383104
-726.3698052487 204.3726303336 94.3946138914 98.5268115683 29538.6836038957
-757.5869527475 211.4103468194 145.6083068546 98.8595336971 29638.4533747369
-759.3598653949 206.1663809492 144.5817305314 98.8783385487 29644.0900996573
-761.3938086760 200.4707068754 142.1172154147 98.9001589519 29650.6307545000
-805.8000913362 238.2849615009 131.6132876610 99.3399592929 29782.5256199042
-864.2081300617 241.9947541918 130.2143844659 99.9132169757 29954.4713605028
-865.3943622051 240.7665114491 133.1707197304 99.9246092691 29957.8861480381
-896.5095764264 192.4715057033 112.5987015641 100.2099558343 30043.4453137461
-897.6831943311 193.6875835261 109.9863604735 100.2203378064 30046.5572566387
-901.5723104974 199.8357417320 102.4040858781 100.2555474691 30057.1114838872
-935.0016789296 231.3664456469 141.4432101886 100.5523678731 30146.1122800193
-946.5231391302 204.7328856112 143.9702263437 100.6533990612 30176.3991258211
-951.5160067124 195.3142177541 136.3196441801 100.6974422231 30189.6013590567
-960.5984815829 190.5625943101 114.6580799011 100.7793238081 30214.1470253895
-968.5717942105 201.9066951224 98.9392683523 100.8509747258 30235.6255744239
-1030.6202503654 194.2277388051 112.5748027373 101.3782353130 30393.7672847692
-1030.7108382533 194.3085455880 112.3878929516 101.3789787796 30393.9901320235
-1050.9031104576 231.7910709223 102.3794996443 101.5434434824 30443.2966514663
-1069.7807987536 236.9974747380 138.2922058815 101.6917710085 30487.7643787849
-1079.5534393199 219.3178033112 147.5928368168 101.7679410360 30510.5977142175
-1086.9519908995 203.4354764945 143.6302542579 101.8286706105 30528.8021505849
-1114.5210840162 216.2462745598 98.0120854173 102.0618517358 30598.7156995187
-1150.6730127151 218.8483888156 148.0127141343 102.3520044222 30685.7167930596
-1152.3717465835 215.1096383882 147.8362083248 102.3657244378 30689.8292985490
-1153.2979906961 213.0763337548 147.5087055797 102.3732591565 30692.0877753435
-1170.1313469787 195.8237946946 120.1627073599 102.5065877471 30732.0580213198
-1175.3940889684 202.5000912169 109.6516700870 102.5521848718 30745.7256755981
-1188.6998960240 230.6936916004 108.2315713006 102.6640128232 30779.2492178171
-1212.9164193325 216.4727236767 149.6913025662 102.8749571816 30842.4950526548
-1217.9984759947 205.0693467955 146.4945466661 102.9183108814 30855.4901933348
-1236.1288693316 200.3429912849 111.1748795420 103.0677787850 30900.2998844699
-1310.4617299598 215.9769698736 106.6176706313 103.6577913364 31077.2998601035
-1339.8778172839 222.8742576095 149.6974356479 103.8745821200 31142.2992059617
-1351.8751489758 199.9877619702 146.7438987945 103.9651147945 31169.4380048590
-1380.1335383706 215.1076410129 106.5317827685 104.1741965173 31232.1252692425
-1416.5800776973 209.2861421075 148.7579140549 104.4462801134 31313.7096936650
-1428.8541250710 193.3855977049 132.6556362004 104.5353346186 31340.4053124598
-1428.9216851199 193.3561156739 132.5279755507 104.5358265783 31340.5527659676
-1443.9529596369 204.3794787319 108.0654562569 104.6436673599 31372.8808161794
-1451.9643122860 219.0159664833 105.8825853169 104.7007779777 31389.9998673529
-1457.2587340192 228.1042358270 109.8926563721 104.7386353791 31401.3473821153
-1471.3279445950 234.9468727068 134.1473965847 104.8402917423 31431.8211987476
-1476.3893340631 229.9643433568 142.1106997271 104.8761187236 31442.5600725013
-1480.6587174314 223.5173515864 146.4310354762 104.9057582665 31451.4442224726
-1495.6666645587 199.0797175281 140.3978432412 105.0093340747 31482.4935238167
-1502.9446755829 194.4087571068 128.2612989173 105.0597421454 31497.6033045947
-1504.5183315348 194.4152431672 125.4155269031 105.0705957774 31500.8564749132
-1512.0564606310 199.1147812168 113.3843658131 105.1211313700 31516.0044813202
-1526.6172286993 222.5100006136 106.9951272365 105.2205818817 31545.8169331602
-1551.5458616904 231.3960138751 142.4924117853 105.3879674458 31595.9996294883
-1560.5629496565 217.6566206563 148.5489841184 105.4474255595 31613.8223892284
-1567.5573790863 205.9224736597 145.7161062027 105.4943793237 31627.8966578412
-1623.4318963686 205.4125410898 127.8457866919 105.9058236428 31751.3612366185
-1643.5783703160 230.2390126787 138.9951864431 106.0550801817 31796.1072393196
-1651.2789744642 219.2046045034 149.4214237416 106.1141888380 31813.8217705676
-1699.0515764327 206.1963996620 150.5316634065 106.4832347962 31924.5475367009
-1701.3980542384 202.0829757580 146.9422037734 106.5031391480 31930.5118943252
-1720.3436727629 224.7307789889 127.4199089634 106.6628700181 31978.3998411954
-1720.8203862195 225.3955244687 128.1822530627 106.6666022026 31979.5181254304
-1725.3496854175 228.6731324563 137.4023438803 106.7031125450 31990.4591267508
-1733.5660347376 217.7048950250 151.0041267005 106.7723431912 32011.2078563612
-1750.7310614688 210.3621945566 123.8917916422 106.9284027943 32057.9945103780
-1754.9830063423 220.1231825245 123.9462492085 106.9645434623 32068.8246945283
-1762.1090056051 229.2783561152 136.6513196678 107.0252199043 32087.0090813656
-1762.1992807047 229.2862603858 136.8583582722 107.0259743596 32087.2351372458
-1766.6645719919 226.1723796458 146.1488697125 107.0625291474 32098.1894197529
-1802.3854047603 226.3349058044 136.7814924696 107.3509235430 32184.6923679242
-1821.1273721292 199.4347809453 139.2850765727 107.5036424280 32230.4768968672
-1829.3562988211 206.6200456274 123.9845954560 107.5694106121 32250.1875538722
-1832.3863991641 213.5102352022 122.3109449486 107.5953223298 32257.9521118963
-1840.3435919659 226.9710790481 133.6218005215 107.6646421638 32278.7274583091
-1845.9080771735 223.6469589963 145.7629795707 107.7120982213 32292.9490019907
-1857.6937003202 200.7865059658 143.2410949153 107.8107242985 32322.5107277677
-1874.9579308213 224.7843063648 127.7507862883 107.9624912099 32368.0096832385
-1884.2742474334 223.3186132485 147.8723387155 108.0422533638 32391.9155054416
-1909.7601662207 221.8248903676 127.0315348793 108.2715234102 32460.6695681278
-1924.3978768886 211.8365691501 152.7366660217 108.4054332484 32500.8123340659
-1931.7398556372 199.2083067761 139.9262830557 108.4753426457 32521.7643024133
-1941.0517995438 214.8394183468 123.9889799975 108.5643442984 32548.4401673365
-1956.7926558482 214.9167731384 151.4363430300 108.7157820201 32593.8403464646
-1960.6109235060 205.3679814338 148.5706655122 108.7519307907 32604.6727771991
-1962.0186826656 202.7992862819 145.9986719895 108.7649763187 32608.5816874290
-1972.5902637223 211.4241123119 122.9637194442 108.8680993130 32639.4916745588
-2011.4270697907 218.9648469408 126.2235467396 109.2232518046 32746.0474438467
-2019.8458573666 225.5351337547 144.5439064597 109.3000305924 32769.0586871698
-2030.3412585833 204.1853843661 150.8239010649 109.3912053553 32796.3860243391
-2046.7080255055 217.6805012347 127.1282586228 109.5413602553 32841.4013769891
-2068.2289347497 195.3293761639 141.9369434950 109.7499852123 32903.9597540625
-2068.2579635883 195.3182971530 141.8607246663 109.7502600191 32904.0420913233
-2079.8767840181 214.4993907256 126.2670947229 109.8550814569 32935.4612570549
-2191.9602261926 188.2968916076 137.2919885250 110.7259458329 33197.2757290180
-2195.2333075527 191.6508726536 130.9305736830 110.7526311424 33205.2718952748
-2229.8832813511 187.9774879868 134.8741017064 111.0442234291 33292.7377943147
-2233.2558945480 192.6776798576 128.3092603699 111.0737727511 33301.5922275638
-2245.1932678990 215.3107856580 139.8019382888 111.1852785482 33335.0156929131
-2245.3658876721 215.3020751124 140.2342031766 111.1868320230 33335.4811382447
-2248.2104350726 213.2795582621 147.0139869992 111.2124669069 33343.1624768511
-2252.5551191942 204.8584025364 153.2974486991 111.2510901414 33354.7362857981
-2255.0635098159 198.7296169828 153.4145207182 111.2733734903 33361.4132593554
-2267.8771510569 192.6703363705 130.5022985666 111.3815555262 33393.8399649682
-2277.4262104402 211.5014286477 130.5186688266 111.4571759231 33416.5036244494
-2297.8958121832 191.2992938744 146.2495402247 111.6259386288 33467.1011264633
-2308.8786722793 200.0520521051 127.1205179067 111.7159444180 33494.0776390687
-2340.4582068267 195.0223520066 130.2924756240 112.0006418882 33579.4738516075
-2345.3266828892 207.6997989771 126.5708679207 112.0491404623 33594.0073567841
-2352.0451616022 218.3374337645 140.6697342870 112.1175965597 33614.5231485828
-2359.0998086373 203.0276002035 154.2058002597 112.1967478621 33638.2452292730
-2376.6092372742 216.9543572181 136.2579043784 112.4081820895 33701.6472843156
-2390.8955189261 189.6861730825 141.7828578222 112.5754050518 33751.7828475907
-2401.2894268063 216.7579485746 138.2021467573 112.7186603281 33794.7283865366
-2410.8445334003 194.2059381829 153.7790292670 112.8386809249 33830.7051186289
-2415.0901490153 187.8807356589 139.5571397102 112.8949041053 33847.5538436830
-2416.4215155202 189.4820972502 134.9800468137 112.9117816060 33852.6107970673
-2422.4960814902 209.0660490484 130.0731603252 112.9906967065 33876.2619272685
-2422.7829128332 209.9032695779 130.6280625432 112.9941826128 33877.3063398399
-2448.7998505171 217.3854005797 134.6689018432 113.3241482944 33976.3008330749
-2456.3440349894 209.3666738887 154.8024738609 113.4106483847 34002.2259619265
-2471.6211503529 213.9625853542 129.4514631475 113.6083721122 34061.5135693879
-2508.5105059159 187.9562185468 150.3252384446 114.0847942002 34204.5354774701
-2515.2696150496 196.7654332870 129.1680051886 114.1746732315 34231.4736040906
-2515.9028936326 199.2857661384 128.7908289882 114.1834458073 34234.1019828078
-2526.5713482099 196.9054525848 155.8005675274 114.3490830376 34283.7617973356
-2529.7340345912 186.0989666357 145.2413639925 114.4028074029 34299.8613418292
-2534.8390649268 200.0835747607 127.2627880618 114.4906624061 34326.1925709633
-2538.6700705307 214.2580501248 139.2668219346 114.5586157108 34346.5572784767
-2541.4903966281 209.9173189850 152.4123227947 114.6074157040 34361.1807969098
-2555.0007941729 214.2622063357 148.8707689337 114.8894128491 34445.7685389799
-2558.8142389175 187.7116899945 143.3068865187 115.0226827309 34485.7187319007
-2563.7380850303 214.4368774391 147.2425463635 115.1840901187 34534.1095075555
-2564.0628506044 213.2876322459 149.9302563924 115.1939208283 34537.0548829623
-2575.0389892975 214.8470392005 138.2061914823 115.4544014660 34615.1816746461
-2575.7855641905 215.4931323498 143.6290410042 115.4729232491 34620.7311703648
-2576.2225325825 214.8511212575 146.8703537680 115.4840757625 34624.0725787012
-2578.7055399702 202.7277162885 156.7602137142 115.5396288824 34640.7200618114
-2583.8076906082 194.3214900645 131.5067450412 115.6670307827 34678.9101785177
-2587.5668787008 214.8343826022 142.3580470464 115.7617789932 34707.3079571479
-2587.9499335690 214.7631644219 145.3607757854 115.7719006718 34710.3404924651
-2596.1221884909 201.0059603817 127.3270886116 115.9895992968 34775.6236396472
-2612.0089269302 210.2812866445 143.2932427379 116.3722743210 34890.4625151501
-2613.3622068082 204.8481771849 151.4809835347 116.4062291098 34900.6366110151
-2617.6337649457 183.7801904746 135.5129202040 116.5238746857 34935.9005254823
-2618.2988682621 186.4022691478 130.8994595244 116.5418552314 34941.2877448889
-2628.1590573736 186.4870017458 126.3006114087 116.8456164627 35032.4145694201
-2630.7326779844 208.9747491705 135.0934603002 116.9464945677 35062.6501278719
-2633.6264713719 180.9429891874 137.4718437331 117.0964027107 35107.5909907722
-2634.4395038557 197.3462244111 122.5586597830 117.1813449094 35133.0483228705
-2637.8971827230 180.9970776978 133.5005568173 117.4012668386 35198.9993212242
-2640.4074932296 207.2144230842 130.6844864030 117.5189621612 35234.2779630033
-2646.6689570962 202.5747233457 128.7115639288 117.7944347634 35316.9086132684
-2647.9915217063 204.1800734681 145.8100790707 117.8558176032 35335.3031036072
-2652.1771595503 186.7686212078 127.2711542149 118.0248341112 35385.9767822532
-2658.8864370021 183.2579103752 133.9189215759 118.2877443207 35464.8351565664
-2662.1778284235 194.6166150585 154.8623609383 118.4772815537 35521.6666177452
-2665.0743447748 187.5326694136 128.5416519531 118.5976785573 35557.7553352586
-2666.1044278793 197.7611805977 127.1048533043 118.6331392692 35568.3804220581
-2668.6509809867 195.1522237385 153.7706373224 118.7630079421 35607.3099342985
-2672.9042889257 179.2429622435 138.5578470623 119.1295023424 35717.2911845378
-2669.9086572272 202.8321935764 131.8798069823 119.2339247124 35748.5891308581
-2660.1883407317 201.5416740855 136.0450460509 119.5305451936 35837.5735051894
-2636.2619252783 172.5322962826 150.4344632227 119.9541356228 35964.7249134235
-2627.5913084401 196.0536889958 141.9443385617 120.1179564241 36013.8396049896
-2627.2031125589 196.0144684761 144.0619901930 120.1251529815 36015.9955783702
-2612.5069916138 199.2361461172 143.2492126428 120.4054624950 36100.0811105558
-2592.0486443261 170.2760570945 154.1340973242 120.8062113732 36220.3649084961
-2577.1827238079 167.2537659949 141.7632614739 121.1325162337 36318.2701680421
-2573.1478281346 178.2109796825 131.2696896540 121.1876499529 36334.7909519491
-2570.1210624882 188.1658520695 133.8807203229 121.2243594663 36345.7899417549
-2563.7124207007 187.4015032018 153.8313482698 121.3048069170 36369.8989034112
-2563.1244345469 185.6302057341 154.9528243064 121.3120783792 36372.0772814681
-2562.8081562756 184.5893491793 155.4370343602 121.3160537463 36373.2681989786
-2550.4595968925 180.4301975163 129.4984465480 121.4755212556 36421.0766806147
-2544.1783729151 193.1062947550 145.0408498613 121.5537393191 36444.5171836546
-2533.2794779669 167.0950592283 143.9806953848 121.6800919022 36482.3916137792
-2515.1170408515 174.3423959073 156.0265235332 121.9124025733 36552.0634225106
-2499.7932595471 188.6931091313 154.3846634178 122.1372357725 36619.4903082883
-2492.3613574234 167.4263371756 146.3099413342 122.2382142025 36649.7548955058
-2484.2897661074 188.3074332105 135.3099820814 122.3383192298 36679.7575591163
-2477.3457273657 186.0973953528 156.7552908181 122.4284751250 36706.7769921532
-2472.2284010486 169.3026123129 151.1466852016 122.4964898721 36727.1585328604
-2454.1854770192 181.2077083846 156.4709444744 122.7236687249 36795.2898455468
-2426.6644907203 165.4778390902 146.7087390968 123.0601864742 36896.2675039822
-2423.3186655962 168.6278625841 136.3779854815 123.0988351950 36907.8473164924
-2420.0292479957 180.0086795234 132.6117982293 123.1418957524 36920.7492643069
-2415.2096698003 190.2231003726 146.9879089159 123.2097518885 36941.0830867634
-2397.8844581102 191.0947889811 146.6826206562 123.4793710667 37021.9600908136
-2395.8102180946 184.6321274966 156.6881708293 123.5215059120 37034.5845627544
-2395.4657437742 182.8390631492 157.4524171079 123.5281204795 37036.5660641102
-2391.4264658776 166.5075635554 146.6661266651 123.6055670591 37059.7748172586
-2385.7662979709 190.9906250395 141.7399982259 123.7315640540 37097.5422190664
-2380.8040560883 172.8145208325 157.9969166470 123.8342040072 37128.3046890307
-2321.0036870538 182.0582019259 136.7112981147 124.9104598097 37452.4928864591
-2305.6663627413 198.3102994447 129.7582021788 125.1163317760 37514.2280770244
-2278.6074542788 186.0885366329 134.2739674674 125.4429722410 37612.2403103604
-2246.4250354180 193.2603317230 111.5138692416 125.8540163508 37735.6341631113
-2230.9058698789 181.1453940585 131.0002622511 126.0053279350 37780.9952469488
-2225.5207979630 179.4655469188 117.4911985795 126.0573228874 37796.5743800576
-2191.4235358858 186.0964494173 114.6837124434 126.3553251704 37885.9809796834
-2182.9022668555 201.1624501713 125.2368395505 126.4332234093 37909.3245921938
-2180.2328981716 199.4753134454 131.6168400345 126.4572413018 37916.5199080112
-2165.5335034112 180.5454298529 119.5357765347 126.5924617258 37957.0535374747
-2150.2223516561 197.6336847435 133.7484172353 126.7314651704 37998.7219837596
-2149.1716617965 195.5437855819 135.3746539986 126.7409909948 38001.5755085053
-2117.7416096900 188.1759645279 140.6172051739 127.0319456900 38088.8650974827
-2092.9388085761 198.5655296880 137.2041205441 127.2552229449 38155.8263641098
-2082.2771489106 178.3836510084 134.4543814887 127.3479433538 38183.6137042351
-2065.9569948810 199.9366048916 129.7147018694 127.4893062297 38225.9898632155
-2064.6733985863 199.7342261315 132.7786888092 127.5004335397 38229.3231119390
-2061.7683145152 196.2060506693 138.8525027610 127.5262338887 38237.0523684893
-2059.0114798264 190.3576138401 141.7071324791 127.5501013551 38244.2024938290
-2019.7690104141 179.6424257485 135.5748094553 127.8680951467 38339.6191437682
-2014.1396130844 181.9366854746 123.6582558293 127.9151458530 38353.7161390613
-2002.2206541449 200.6912512739 134.3148359150 128.0209118061 38385.4151832880
-1997.5064943731 193.3353318592 142.4593345205 128.0625007292 38397.8753532717
-1988.9463961671 177.7847654514 131.1836517404 128.1429247689 38421.9757466802
-1984.5995690638 183.1500983998 121.5504289957 128.1840859256 38434.3076748816
-1980.3005917383 194.3352485022 121.0446059498 128.2259294246 38446.8440737385
-1978.6031629643 198.0613970407 123.9407858180 128.2427380067 38451.8792548653
-1978.2933898249 198.6020159384 124.6230916278 128.2458224674 38452.8031656638
-1970.9523360840 194.5882357016 142.4513976661 128.3183399331 38474.5332179259
-1967.6741553661 186.0222340991 143.1057632273 128.3497192223 38483.9339470072
-1955.1769532513 188.1004168091 120.2269716643 128.4628000624 38517.8265389292
-1949.2358456623 200.1887117677 127.0416854094 128.5157287761 38533.6849948300
-1948.3998294680 200.8232383514 128.9507584810 128.5230057803 38535.8647672743
-1906.0738391128 178.9442354162 143.8678675587 128.8865659661 38644.9838354054
-1885.3257242906 199.1563961859 139.9290877115 129.0618875362 38697.5494499916
-1863.4256432788 192.6586893017 123.7878588599 129.2551922459 38755.5127282313
-1847.6535192221 182.9006991516 142.4608283092 129.4001698007 38798.9730056777
-1839.9595414902 183.7867195641 125.0352569423 129.4721816360 38820.5512218209
-1839.5721613226 184.6041679913 124.4710337108 129.4757415713 38821.6175348319
-1838.1814391202 187.9888969331 123.0177477689 129.4889301324 38825.5681405834
-1826.3985709365 196.3310403628 143.2192729365 129.6043237302 38860.1541165202
-1816.3036947416 179.6240613845 131.6238716546 129.6985616100 38888.3958409435
-1814.9479636780 180.7826862493 128.4552340359 129.7107495513 38892.0466751269
-1813.6859036187 182.6039564838 125.9072170927 129.7220399563 38895.4286384713
-1787.5127532420 180.1895232310 137.9993847280 129.9340738862 38959.0148466343
-1787.3872415656 180.1204556991 137.7616557605 129.9350005899 38959.2924171092
-1782.0590685944 182.0953556186 128.2187952453 129.9732116509 38970.7400073495
-1781.6781375766 182.5608423462 127.6532642846 129.9759676901 38971.5655163681
-1770.0106690168 201.5318640833 131.9646386693 130.0630389756 38997.6583533056
-1758.8574751532 187.2649972448 145.6706516992 130.1532904986 39024.7046398275
-1745.9838805349 188.8503041942 125.1567062397 130.2589437314 39056.3692560822
-1737.6789771400 202.1693666082 136.1416087745 130.3297159285 39077.5756109181
-1735.2823657845 200.9114139081 141.4915260567 130.3498881299 39083.6182844497
-1728.6237312538 187.5424898442 147.3000079591 130.4065916963 39100.6076798130
-1720.3047824351 180.6264354209 131.8220080332 130.4765373416 39121.5662185460
-1716.8236181108 186.2250218042 126.3616357982 130.5055398987 39130.2544811218
-1684.8839100985 195.8405444743 130.0184857230 130.7978793556 39217.9646536984
-1664.1692069182 181.8257217539 133.9675683114 130.9858961333 39274.3407696083
-1622.6119785115 196.6303502654 141.9771907299 131.3537091560 39384.7448313906
-1620.4624153739 193.2712152406 146.3650506562 131.3737155032 39390.7377106775
-1603.6674887021 185.8335936638 125.1944244826 131.5243854016 39435.9055571971
-1582.6654184976 174.6286898447 140.2624481585 131.7027470832 39489.3836145340
-1568.5943011539 194.7962014912 133.7975874169 131.8265128481 39526.4801621392
-1521.9623231409 197.4607604364 133.0418543123 132.3176453025 39674.0114546541
-1515.0440776274 180.7645332961 148.6471294720 132.4216399791 39705.1781503966
-1510.7036392270 178.3688049992 130.7151915925 132.4908854470 39725.9263069516
-1510.4922247955 179.0856309765 130.0047288477 132.4943279312 39726.9573748996
-1510.3554073070 179.6095184811 129.5654572042 132.4966554589 39727.6544931479
-1491.3476497450 184.3858050485 128.2523371001 132.7639736705 39807.8475558697
-1478.4449428007 175.6981133782 139.5028067297 132.9556362553 39865.3182764024
-1458.4498267532 179.4957639303 149.6406597091 133.1654705014 39928.2448533321
-1425.0517443267 189.5229614464 135.0979368820 133.5234985938 40035.7106330377
-1404.2136350465 178.6271838144 132.1784127406 133.7321677754 40098.2874872446
-1386.7105963960 171.2265224626 147.2824124198 133.9161915815 40153.4651686425
-1384.5980203830 170.2886325357 141.5938513231 133.9369125390 40159.6718464177
-1370.3857780604 191.9687923308 148.0236578030 134.0735922898 40200.6418343161
-1362.8343470558 173.7612328263 149.3287024471 134.1524019254 40224.2566285521
-1353.4404567258 190.3987295231 134.8538645775 134.2633755002 40257.5157787105
-1349.8844041533 193.8789183757 146.4174087288 134.3080241946 40270.8915853310
-1348.0584979725 190.4347166634 151.9903380534 134.3309558601 40277.7604877252
-1333.8369309837 179.8113404995 132.4729539905 134.4676218236 40318.7262579851
-1316.0471321448 177.3870192234 149.9455522263 134.6272488811 40366.5815130245
-1314.6208321253 175.4180766267 147.7201431331 134.6382929224 40369.8893377891
-1299.5855974668 190.4084133276 134.1514588961 134.7484140180 40402.8926164314
-1293.4702747938 193.3579520479 144.5645177375 134.7914878198 40415.7963307636
-1290.0156383823 189.6727027529 149.9762971075 134.8164534420 40423.2744725411
-1289.6241189359 189.0370217414 150.4182392336 134.8193506172 40424.1421633672
-1247.3367500867 169.0409423057 142.5604671673 135.1387495086 40519.9933690945
-1234.7327339087 184.8695332351 131.5781139187 135.2292437315 40547.1109430251
-1225.2538170743 187.1655653113 146.7836714065 135.2944152294 40566.6371004789
-1218.3144785292 176.5027198189 150.1440712827 135.3406237485 40580.4800278245
