X Y Z LocalTime TrackLength
100.0000000000 100.0000000000 100.0000000000 0.0000000000 0.0000000000
99.9987625063 100.0482022237 76.4610009313 0.0785178910 23.5390620581
100.0053916261 100.0994204157 58.4473401071 0.1386052740 41.5527984652
100.0190837190 100.1352622688 45.5427800563 0.1816504656 54.4574163064
100.1495189182 100.3076682477 -26.4465638236 0.4217822753 126.4471149067
100.1875051369 100.3508235256 -50.9813879389 0.5036219066 150.9820093730
100.1944543807 100.3560770318 -54.8209998894 0.5164295131 154.8216312586
100.2776322524 100.4422015284 -96.9004375894 0.6567920505 196.9012491407
100.3078430917 100.4769841475 -111.4664488492 0.7053793026 211.4673342439
100.3289677949 100.4963780191 -120.7747123958 0.7364284912 220.7756423363
100.4677281473 100.5675988576 -168.0924948059 0.8942645628 268.0936940262
100.6739794214 100.6956473320 -236.0869206192 1.1210711196 336.0885808545
100.9128453304 100.8540132190 -293.9387503888 1.3140465296 393.9411424128
101.2024030117 100.9949055393 -354.6861680673 1.5166810573 454.6894351925
101.2447920655 101.0104923804 -362.9026138566 1.5440885987 462.9060053976
101.3400159230 101.0450990629 -380.7695214590 1.6036871767 480.7732017940
101.4976383910 101.0939273964 -408.7566047743 1.6970437091 508.7607755546
101.5307447191 101.1033308003 -414.0869282027 1.7148241341 514.0912101963
101.5603589835 101.1108941655 -418.7875591209 1.7305040907 518.7919405664
102.0496803374 101.2161104189 -482.9288104189 1.9444628965 582.9351673733
102.1514439254 101.2306683388 -495.0276559535 1.9848217790 595.0344502924
102.6662625253 101.3481300694 -558.5701508909 2.1967841563 658.5791627427
103.3366872671 101.5003370884 -633.1086516203 2.4454285270 733.1208639551
103.3455475260 101.5035143067 -634.1913131630 2.4490400356 734.2035664165
104.0358541042 101.7590804063 -723.9259216806 2.7483726889 823.9412405896
104.1009652236 101.7785897661 -732.9231204346 2.7783849856 832.9386964282
104.1583247116 101.7957519637 -740.8682725157 2.8048879265 840.8840743599
104.3006836459 101.8389886408 -760.1172359093 2.8690975085 860.1336145086
104.3365497820 101.8495856510 -764.9632839967 2.8852626747 864.9798069934
104.7692480469 101.9050150359 -825.7859391880 3.0881506230 925.8040733712
105.2080716092 101.9440955732 -886.6177817808 3.2910692335 986.6375320345
105.3638367120 101.9683661901 -906.6170059172 3.3577815719 1006.6373794444
105.4227760315 101.9816795770 -914.3577123305 3.3836025893 1014.3783219402
105.9360763672 102.1487628952 -990.4876207581 3.6375511447 1090.5101783942
106.2454936747 102.2762354091 -1037.6833119226 3.7949830646 1137.7070684351
106.3944359830 102.3519634014 -1058.8220071148 3.8654964018 1158.8464262795
106.4940970384 102.3989709125 -1072.9777239667 3.9127162458 1173.0025729069
106.6402970114 102.4543566158 -1095.6947647016 3.9884939712 1195.7201541610
106.7177426702 102.4822004533 -1107.8589642672 4.0290703233 1207.8846328034
106.7543550677 102.4962568351 -1113.7694866194 4.0487861480 1213.7952854029
107.0856208185 102.6304926428 -1171.5053942079 4.2413761980 1271.5323188763
107.5907017747 102.7060159770 -1265.8868409831 4.5562035794 1365.9151988202
107.6215178616 102.7051605916 -1270.8742980513 4.5728402719 1370.9027512575
107.6686703368 102.7044360524 -1278.8410830234 4.5994150856 1378.8696760719
107.7559162154 102.6997075099 -1294.6464934202 4.6521370929 1394.6753291309
107.8152234407 102.6913331813 -1306.4760270160 4.6915966960 1406.5050149848
108.0569597769 102.6655208384 -1349.6992085860 4.8357760667 1449.7288906194
108.0972601498 102.6610061432 -1356.7533161082 4.8593064378 1456.7831149101
108.1686081251 102.6574891542 -1369.0578253192 4.9003505758 1469.0878321746
108.6558316872 102.5733956897 -1453.0355679164 5.1804751756 1553.0670733057
109.2812299271 102.3510877931 -1553.3822797525 5.5152032824 1653.4160451895
109.3768241243 102.3339268796 -1566.9334445761 5.5604062874 1666.9675589079
109.8394192968 102.2731541034 -1635.3236087583 5.7885367505 1735.3593429745
109.8636772332 102.2694067026 -1639.1439147489 5.8012801893 1739.1797278705
109.8638524109 102.2693843337 -1639.1708989525 5.8013702009 1739.2067126520
110.2708045841 102.2466028059 -1704.1867340387 6.0182440615 1804.2238511124
110.7555866316 102.2797842342 -1789.6930940895 6.3034673345 1889.7316368767
110.9745881526 102.3108927948 -1832.6674341426 6.4468162766 1932.7065562953
111.0154647470 102.3203603452 -1840.1116098757 6.4716477815 1940.1508505040
111.4190965390 102.4561049512 -1921.7971220347 6.7441251665 2021.8375130465
111.7979246711 102.5773865505 -1988.7907790837 6.9675960051 2088.8323763778
111.8770525578 102.5951690872 -2000.2906193177 7.0059563172 2100.3325031928
111.8901718651 102.5992129550 -2002.2395909732 7.0124575516 2102.2815231998
112.0830267034 102.6529261154 -2030.3703022715 7.1062939295 2130.4129509402
112.4338724344 102.7335457699 -2079.8029163449 7.2711878389 2179.8468892349
112.6717264288 102.7882371291 -2113.7776438939 7.3845183152 2213.8224996477
112.8173348557 102.8132915168 -2135.3162532729 7.4563651106 2235.3616180633
112.9273092574 102.8308220281 -2152.5424823126 7.5138268566 2252.5882085228
113.1377916312 102.8718766972 -2185.1764490675 7.6226844599 2285.2228855391
113.7142006984 102.9901173297 -2272.7898695476 7.9149381120 2372.8383272143
113.9420312752 103.0645898493 -2312.3755220748 8.0469841249 2412.4247137964
114.2216581727 103.1702996273 -2379.9910520871 8.2725275783 2480.0409315784
114.6351167573 103.3606756100 -2460.2592552707 8.5402779271 2560.3104636009
114.8025380537 103.4041972698 -2489.2934363957 8.6371273006 2589.3451644897
115.1925821264 103.7919492203 -2574.1626933109 8.9202268321 2674.2162682052
115.3957513639 104.0912775686 -2643.9176683098 9.1529076373 2743.9722109741
115.4382680944 104.1530688557 -2661.0616819110 9.2100944885 2761.1163900527
115.4453970306 104.1625646508 -2663.9260239931 9.2196489923 2763.9807567739
115.4765766692 104.2031091996 -2677.1430192221 9.2637364961 2777.1978517690
115.4777250587 104.2044745708 -2677.5962523783 9.2652483317 2777.6510884366
115.6585642992 104.4241361617 -2736.5407464040 9.4618683939 2836.5962893746
115.6711514274 104.4440773617 -2740.7684288484 9.4759706514 2840.8240376520
115.7630803826 104.5986208701 -2770.7974113045 9.5761384035 2870.8535632472
115.8437535354 104.7569011997 -2798.2122655052 9.6675864821 2898.2689970022
115.9281361067 105.0147440628 -2838.5789849704 9.8022384774 2938.6366373968
116.0080318050 105.2540470099 -2874.2442190396 9.9212079315 2974.3027705748
116.0469815646 105.3883548853 -2891.9658994809 9.9803229660 2992.0250042973
116.0780889864 105.5126447644 -2906.7355783361 10.0295911912 3006.7952398898
116.1516065685 105.7126574163 -2932.5897920044 10.1158345390 3032.6503349637
116.2253455043 105.8626969258 -2953.4957268634 10.1855714976 3053.5569403606
116.4881484368 106.2489835224 -3017.7235417677 10.3998182022 3117.7864770458
117.0908056376 106.7823921788 -3133.7192204741 10.7867476289 3233.7850253814
117.2128425598 106.8982892831 -3162.4113385946 10.8824559303 3262.4776415244
117.4681227203 107.1423935878 -3226.5932495443 11.0965470966 3326.6605489692
117.5391554939 107.2085827431 -3245.4574920584 11.1594723028 3345.5250430373
117.5717561197 107.2377873679 -3253.7363398110 11.1870879669 3353.8040067789
117.7802043504 107.4199917476 -3315.4573503284 11.3929692755 3415.5256601361
117.9827185217 107.6702808714 -3399.3232628594 11.6727180580 3499.3922340075
117.9928875258 107.6821699706 -3403.5001699706 11.6866508255 3503.5691704823
118.0332749700 107.7156408191 -3418.7169118603 11.7374087410 3518.7860038345
118.0930532129 107.7612004140 -3438.6976996278 11.8040579816 3538.7669349517
118.1723401627 107.8544598497 -3468.3565468970 11.9029901421 3568.4260395419
118.2120495979 107.9381548206 -3492.6437925030 11.9840043532 3592.7134792378
118.2206837979 107.9685263063 -3501.8731801288 12.0147904729 3601.9429212365
118.2362448081 107.9981258322 -3512.9907416275 12.0518748535 3613.0605335670
118.2549960345 108.0261866695 -3522.3122175374 12.0829681704 3622.3820709478
118.3075325497 108.2687945365 -3604.1340220961 12.3558977368 3704.2042941240
118.3183741202 108.3072425019 -3624.8442888997 12.4249799157 3724.9146015798
118.3312601654 108.3478861437 -3655.3928046498 12.5268789488 3755.4631520037
118.3867095749 108.3886364660 -3694.4408455715 12.6571294637 3794.5112618416
118.4301824851 108.4490721305 -3733.3278616613 12.7868428936 3833.3983576271
118.4380370081 108.4743188099 -3744.6299184639 12.8245426201 3844.7004459293
118.3995220693 108.5805911226 -3800.6039333623 13.0112523169 3900.6745934573
118.3449157445 108.6496454851 -3850.6950621516 13.1783386833 3950.7658138381
118.3335136960 108.6736703919 -3865.4473699183 13.2275471911 3965.5181465939
118.3224080404 108.6982079645 -3877.3621453122 13.2672907263 3977.4329530711
118.3080648947 108.7385605338 -3894.2364637917 13.3235776050 3994.3073272574
118.3035258572 108.7737172277 -3910.2337866168 13.3769390893 4010.3046905816
118.2607556109 109.0125783454 -4054.5150693308 13.8582105789 4154.5863135720
118.2582739488 109.0158395496 -4056.7912650294 13.8658031668 4156.8625129600
118.1093981231 109.4972088256 -4246.9034441651 14.4999516819 4346.9755993788
118.1132722595 109.5197658740 -4254.0551028953 14.5238071824 4354.1272949409
118.1225555277 109.5543095328 -4265.7040576605 14.5626641166 4365.7763052289
118.1509104288 109.6304729452 -4290.3634804899 14.6449195873 4390.4358650951
118.1642174557 109.6634883455 -4298.1609313647 14.6709293754 4398.2333995359
118.1687303032 109.9280482744 -4440.1238298586 15.1444686281 4540.1969528657
118.1701762131 109.9115407036 -4476.0010684926 15.2641422904 4576.0742022970
118.1541528221 109.9091602633 -4547.8431295486 15.5037817437 4647.9162960276
118.1475627266 109.9075209723 -4558.3963143730 15.5389834051 4658.4694835310
118.1060759135 109.9029326399 -4657.8022426584 15.8705660946 4757.8754823595
118.0868571366 109.9071923242 -4677.8925137484 15.9375800932 4777.9657650979
118.0457762516 109.8928855591 -4712.7871497965 16.0539762222 4812.8604348846
117.9494987166 109.7636275948 -4790.9676335335 16.3147589386 4891.0411221953
117.9485918368 109.5832641956 -4856.4197028135 16.5330844873 4956.4934658659
117.8903332218 109.3942803933 -4910.5004303883 16.7134796782 5010.5745718649
117.8755134237 109.2725706612 -4939.5110334663 16.8102495494 5039.5854384991
117.8758770768 109.2256766169 -4950.1350357129 16.8456877703 5050.2095447535
117.8759824567 109.2185126851 -4951.7800417988 16.8511749749 5051.8545664457
117.9167970833 108.9487975681 -5010.2423234414 17.0461863825 5110.3175046946
117.9453139886 108.7754206789 -5040.2478717925 17.1462758870 5140.3235721730
117.9763423644 108.5583603410 -5075.0272482190 17.2622897662 5175.1036463620
117.9940428335 108.4573419093 -5091.5672016499 17.3174622019 5191.6439190490
118.0081391378 108.3922245157 -5102.0086464093 17.3522918401 5202.0855768608
118.1368006300 107.8671059528 -5202.8309347919 17.6886038002 5302.9093764893
118.1791468402 107.5983108387 -5262.9662804121 17.8891958821 5363.0453591548
118.2349835011 107.0808201763 -5347.6855729585 18.1717944995 5447.7662924985
118.1350042390 106.3325989688 -5451.6036310435 18.5184371520 5551.6871584102
118.1211669241 106.2811310985 -5458.8499277689 18.5426088713 5558.9336539341
118.0498844287 106.0635459179 -5487.9535242128 18.6396910751 5588.0381555167
117.7951273586 105.3330289280 -5575.6454222186 18.9322113091 5675.7335164847
117.7078216831 105.1301629711 -5600.8283662455 19.0162158429 5700.9174320936
117.4745907267 104.6452398110 -5667.1260374212 19.2373684699 5767.2173127719
117.4611185771 104.6152614410 -5671.4863744734 19.2519134096 5771.5777737606
117.1007499539 104.0261321285 -5763.2052506467 19.5578634790 5863.2993007194
117.0450063053 103.9591455455 -5775.9478544914 19.6003692506 5876.0422044841
116.7503066935 103.7618169578 -5835.3530487096 19.7985272837 5935.4484775003
116.4738260721 103.6065960126 -5895.2980654799 19.9984852376 5995.3943533151
116.4547014258 103.5981603776 -5900.1612283792 20.0147071613 6000.2575612283
116.4348887478 103.5897615102 -5905.3870804608 20.0321388845 6005.4834577211
116.2638275920 103.5425867693 -5950.4649506349 20.1825037182 6050.5616883715
116.2142284143 103.5318876843 -5965.7244383897 20.2334041987 6065.8212615822
116.2080078108 103.5307950607 -5968.0177050690 20.2410537460 6068.1145369635
116.1703684974 103.5269392346 -5982.6241040124 20.2897756378 6082.7209859132
115.9875372080 103.4760794264 -6047.7397527968 20.5069791008 6147.8369366336
115.8670973536 103.4364477219 -6101.9666971028 20.6878613066 6202.0640460206
115.8311247740 103.4377275652 -6122.8994498794 20.7576855942 6222.9968319232
115.8201311901 103.4385436951 -6129.8065294944 20.7807251733 6229.9039205311
115.7771121795 103.4625858072 -6168.5551692230 20.9099768956 6268.6525997945
115.7443085442 103.4686492174 -6197.7889937463 21.0074905531 6297.8864478971
115.7261284801 103.4741182270 -6208.5074421149 21.0432435234 6308.6049135901
115.5128945195 103.4390314488 -6400.8039246910 21.6846762930 6500.9017700971
115.5219948645 103.4413248870 -6413.3332394102 21.7264696221 6513.4310890518
115.5776362190 103.4789832277 -6582.2763590840 22.2900035544 6682.3744136248
115.6265502918 103.5237154731 -6624.3197974087 22.4302456177 6724.4179140539
115.6538586182 103.5559865289 -6646.2585154136 22.5034254785 6746.3566752228
115.7943023878 103.7046814409 -6773.5296158817 22.9279569455 6873.6280446638
115.8060409341 103.7144530360 -6778.8939102626 22.9458503875 6878.9923609008
115.8351974806 103.7338413063 -6789.2116411336 22.9802668514 6889.3101522017
116.0460781104 103.9601052408 -6869.9079898524 23.2494430207 6970.0071346445
116.0629661282 103.9809790605 -6877.1564600200 23.2736214919 6977.2556543285
116.1719395177 104.1395084525 -6915.9927165121 23.4031669580 7016.0923957590
116.4218573106 104.9573618024 -7074.2660075898 23.9311178510 7174.3681745223
116.5963754836 105.4114290779 -7142.5970141441 24.1590515089 7242.7009577496
116.5976911265 105.4146416828 -7143.0525064354 24.1605709125 7243.1564632704
116.6248851028 105.4849880653 -7152.6551368676 24.1926028448 7252.7593902872
116.6467778767 105.5429227055 -7160.5153628178 24.2188225642 7260.6198604902
116.6537523066 105.5650322128 -7163.8441660993 24.2299265319 7263.9487445405
116.6879992560 105.7149565412 -7185.9813351003 24.3037700005 7286.0864502258
116.7742181926 106.0239783463 -7232.3533874038 24.4584543010 7332.4596244507
116.9057107176 106.4470025584 -7302.0573599647 24.6909665486 7402.1650347798
117.0668948960 106.8537361931 -7374.2527794918 24.9317890975 7474.3618117437
117.0892916126 106.9088977724 -7385.3498922207 24.9688056335 7485.4590847288
117.0951534125 106.9254134638 -7388.9311807220 24.9807516755 7489.0404161561
117.2375311953 107.2151501083 -7455.5404978436 25.2029391676 7555.6505416192
117.2541643222 107.2319604410 -7460.4348418287 25.2192651411 7560.5449428276
117.4825287839 107.5151314517 -7535.9816345231 25.4712651754 7636.0926470214
117.6743059041 107.7918044406 -7604.2522029757 25.6989941684 7704.3640732137
117.8216597186 107.9013176036 -7640.0907704801 25.8185403932 7740.2031177684
117.8904112453 107.9427605950 -7654.8597193380 25.8678050578 7754.9722858228
117.9675157589 107.9860910897 -7670.8446532680 25.9211259026 7770.9574656670
118.3100793722 108.1974256326 -7740.1258079075 26.1522269835 7840.2398187381
118.4331346793 108.3028701685 -7772.5918631663 26.2605235560 7872.7063028025
118.4462949347 108.3147175505 -7776.5364614870 26.2736814592 7876.6509409253
118.4793505743 108.3459333398 -7786.5502291089 26.3070841547 7886.6648122010
118.6879191188 108.5163754028 -7841.4033974369 26.4900569618 7941.5186681204
118.8529146585 108.6051862348 -7872.4268274964 26.5935419282 7972.5426692045
119.0616445198 108.7503849997 -7914.4441659753 26.7336993252 8014.5607872836
119.1893185525 108.8673920330 -7944.6310511448 26.8343936463 8044.7481741072
119.2316083499 108.9050071055 -7954.4953865974 26.8672980867 8054.6126723532
119.3240584009 108.9828775632 -7975.0906154517 26.9359975952 8075.2082580224
119.3374731944 108.9938557321 -7977.8860829196 26.9453224552 8078.0037792604
119.5977714830 109.2300049833 -8032.2931040118 27.1268086266 8132.4119529249
119.7776731793 109.3669774797 -8076.7142150563 27.2749835018 8176.8336504648
120.0535274555 109.5332479977 -8137.5493620428 27.4779106609 8237.6696717447
120.1318990144 109.5821652751 -8153.9071757941 27.5324753535 8254.0277476432
120.2063926452 109.6267557720 -8167.9366343440 27.5792735110 8268.0574757643
120.1137841594 109.6520912728 -8209.1834122789 27.7168597055 8309.3047667412
120.0973306414 109.6513952517 -8212.7845844269 27.7288720548 8312.9059765906
120.0646701557 109.6480476214 -8219.8500217459 27.7524400838 8319.9714904001
120.0191359931 109.6404294792 -8229.3560089815 27.7841490350 8329.4775901437
119.9881416179 109.6358229784 -8235.3515413953 27.8041482622 8335.4732045849
119.7709046353 109.5802297163 -8272.9237152472 27.9294778430 8373.0460554388
119.0561417720 109.4392167569 -8384.6409275928 28.3021344589 8484.7657187210
118.9396579934 109.4017869830 -8404.1927533447 28.3673536415 8504.3179292513
118.8862717100 109.3817920786 -8413.9388869236 28.3998638258 8514.0642325358
118.8726883773 109.3786480127 -8416.3714293995 28.4079780517 8516.4968149744
118.7309097597 109.3528255075 -8440.3282240116 28.4878908051 8540.4540459259
118.7212881501 109.3513446142 -8441.9428955307 28.4932768703 8542.0687467921
117.8558332630 109.3831191837 -8565.5121181571 28.9054697493 8665.6410964028
117.4417361875 109.3484929590 -8621.7356580186 29.0930165125 8721.8661900309
116.0857399438 109.1890045624 -8766.9813259440 29.5775255714 8867.1184140563
115.7720168709 109.1772459749 -8795.8441142100 29.6738072160 8895.9829139779
114.8660907631 109.1048483360 -8876.2110345789 29.9418996878 8976.3550118656
113.8656386832 108.9840258007 -8962.3682925500 30.2293091719 9062.5182076116
113.7805557841 108.9741378346 -8969.2221981016 30.2521731373 9069.3726485629
113.1073122377 108.9101171735 -9025.2323452516 30.4390165896 9125.3868948384
112.4314966440 108.7826130752 -9084.0235239347 30.6351363705 9184.1821150139
112.1252784957 108.7141291267 -9112.8227292856 30.7312059326 9212.9830341979
111.7848857173 108.6314450658 -9145.3676197938 30.8397703486 9245.5298156695
111.7058990732 108.6116504077 -9152.8762303462 30.8648178636 9253.0388679870
111.6198200750 108.5908769113 -9160.9924329545 30.8918922270 9261.1555539130
111.2952183206 108.5000592846 -9192.2158173188 30.9960483514 9292.3807630260
109.5445111858 107.6590728314 -9371.6528245275 31.5946227847 9471.8289870290
109.4947323073 107.6187944106 -9376.7497653863 31.6116257001 9476.9263302032
108.8382099765 107.1178129929 -9441.0463045102 31.8261136253 9541.2281828224
108.7696815216 107.0702832765 -9448.1922025829 31.8499514115 9548.3745677456
108.4481876849 106.8621931258 -9480.4985858756 31.9577215344 9580.6832261955
107.9684115868 106.6208512937 -9526.4474404092 32.1110009606 9626.6352295867
107.3752612843 106.2974400069 -9585.1580261334 32.3068514683 9685.3497236557
105.8229776720 105.1946536810 -9739.7918839824 32.8226938142 9839.9954458358
104.9633056516 104.5605553456 -9826.9854839871 33.1135623338 9927.1956349794
104.3208529276 104.0454599064 -9903.0378306379 33.3672606650 10003.2524759714
103.3685345843 102.9275505067 -10040.6654523084 33.8263634334 10140.8880747768
102.6029767037 101.9183555217 -10149.5057494676 34.1894403833 10249.7358237507
102.5930137586 101.9052145393 -10150.9538010680 34.1942708794 10251.1839692598
102.3092579576 101.5468438781 -10190.6309262608 34.3266283760 10290.8637360515
102.2648093638 101.4872699842 -10197.0217306240 34.3479472579 10297.2549728078
102.1101795490 101.2730859259 -10218.6628875822 34.4201398040 10318.8977444761
101.9545537189 101.0586456056 -10239.7513349464 34.4904888823 10339.9878585299
101.7430356519 100.6445577122 -10273.8129431836 34.6041168258 10374.0526470784
101.5701543106 100.3019767674 -10300.6478441730 34.6936376191 10400.8902951359
101.3522972547 99.7804337096 -10340.0067138965 34.8249382847 10440.2532319217
100.3331244204 97.6104104194 -10495.1780541232 35.3425963349 10595.4432899225
99.9759920167 96.7267026127 -10560.7050995119 35.5611942714 10660.9772932574
99.0274287944 94.1381038645 -10750.2595485155 36.1935472974 10850.5521072197
99.0176235386 94.1015618059 -10752.7057680728 36.2017079878 10852.9986193490
98.8357135268 93.4005962335 -10799.1634470335 36.3566930361 10899.4619553450
98.7469469432 93.0829837473 -10820.4615980807 36.4277445750 10920.7626616949
98.7443984216 93.0737862387 -10821.0951450485 36.4298581012 10921.3962805472
98.7384713140 93.0509484275 -10822.6594023388 36.4350764982 10922.9607157722
98.6616223105 92.7552197377 -10842.6445030071 36.5017474451 10942.9481540756
98.5787739268 92.3957656956 -10866.1955893362 36.5803150917 10966.5021321667
98.3002491209 91.1949412584 -10948.9020661850 36.8562250153 11049.2178444200
98.1721211914 90.7695077302 -10981.2505608761 36.9641382146 11081.5693959471
98.1593657844 90.7278298522 -10984.3873493037 36.9746024302 11084.7064872116
98.0230980404 90.2468549830 -11018.4532685929 37.0882464016 11118.7760807705
97.9655441066 89.9961453771 -11035.7680145402 37.1460085818 11136.0927389035
97.9420200861 89.8904672896 -11043.0148035481 37.1701839784 11143.3403367921
97.9221309446 89.8075655895 -11048.5052814472 37.1885004589 11148.8314766702
97.9597417145 89.7967340727 -11057.6418009504 37.2189805539 11157.9682043467
96.1845322791 89.7345061633 -11172.7577082987 37.6029875961 11273.1169650679
95.4655365006 89.9147440776 -11202.2418512701 37.7013756320 11302.6117054395
94.6955313003 90.4383344534 -11220.3333920670 37.7618090762 11320.7277723036
91.6173571021 91.9594566574 -11356.4838126283 38.2160576859 11456.9484911679
91.3790940081 91.7194109322 -11388.2946816407 38.3221821670 11488.7626897199
91.3591955631 91.7303626253 -11390.1167329841 38.3282611605 11490.5848874795
90.3974592438 92.5630733102 -11435.7737590617 38.4806248611 11536.2627861762
90.1344462565 92.6813360980 -11448.4868892793 38.5230472024 11548.9794587381
87.4219516833 89.9940836871 -11592.2731546489 39.0028009209 11692.8524708507
84.5329458117 88.3976396005 -11621.1505545551 39.0997576193 11721.9180690032
82.7339819160 87.0454237476 -11640.8281381100 39.1658283818 11741.7241170969
82.7247271675 87.0366527001 -11640.9385339089 39.1661991217 11741.8352468333
81.6214427876 85.8381195632 -11654.8360523542 39.2128791508 11755.8282674110
79.1258555834 82.4738843189 -11695.5533825363 39.3494254496 11796.7635632345
78.3465190306 81.4437998006 -11708.0622868230 39.3913783696 11809.3394973001
77.2744270721 80.3731626280 -11724.5909766805 39.4467494044 11825.9379007375
74.1094865443 77.0938526349 -11767.6456428204 39.5911757673 11869.2358946363
71.0915517147 73.7812750858 -11805.8962824049 39.7196491082 11907.7506876015
68.7506476753 71.4458446963 -11831.3005310884 39.8051107263 11933.3699974656
56.8517013507 62.6001815857 -11938.2621804478 40.1652402986 12041.3570178567
55.0799308608 60.9965492564 -11955.8849382462 40.2245672665 12059.1413376526
54.8805208309 60.8177019999 -11957.8067184203 40.2310404874 12061.0817008537
49.8788015200 56.5622537964 -12012.0031451005 40.4131473855 12115.6780668012
40.1404600981 51.0012993685 -12111.0233089308 40.7455044359 12215.3347360559
37.2581487587 47.8084774845 -12153.3349656255 40.8873807565 12257.8681381767
34.9595261469 37.0991501026 -12266.6905004619 41.2672585081 12371.7792359181
39.2436811245 8.4604401142 -12526.7081930571 42.1400510923 12633.6248374613
39.6775810472 5.9378738901 -12549.1074768358 42.2152607731 12656.1706085902
39.7094798059 5.7919370614 -12550.3609456366 42.2194720740 12657.4329500830
40.3333889262 1.3496976147 -12590.6305014787 42.3546263103 12697.9508510550
40.2887784454 0.5060124538 -12596.1845471873 42.3733682213 12703.5688375492
42.3017657580 -17.0941802124 -12728.6276512399 42.8190742389 12837.2285340362
56.7368848067 -44.7835490626 -12922.5795504485 43.4743758238 13033.7839698548
64.1929349782 -56.3112306475 -12997.7031654509 43.7290771131 13110.1500943336
68.9021166459 -62.2495245425 -13040.0586529859 43.8726146487 13153.1815839466
69.3631546379 -62.7611341070 -13043.8117308572 43.8853443675 13156.9973543480
78.4798774350 -74.3997771985 -13119.8513183237 44.1437014408 13234.4599005101
84.2008865020 -80.8929612775 -13162.6317566041 44.2892967820 13278.1083957764
87.5857440070 -84.2442779520 -13185.8519108257 44.3683711866 13301.8127622994
89.5639280371 -86.4176431585 -13200.6083995719 44.4185650079 13316.8590691358
101.4956617082 -98.5199469942 -13293.6572499230 44.7340595380 13411.4585468856
102.1446948371 -99.1556266365 -13298.5336115542 44.7506074119 13416.4188338465
104.3909121928 -101.3472103499 -13315.7883435688 44.8091140171 13433.9571574900
114.1921530808 -108.7099335114 -13379.2206362231 45.0246283943 13498.5715218153
118.5518976683 -111.2563716430 -13406.7191714517 45.1179029211 13526.5330945464
131.8275200032 -116.9764243471 -13486.2193648632 45.3874714984 13607.3581885166
138.3693919504 -118.7844389331 -13522.4598152862 45.5104877224 13644.2367627797
143.1474582516 -120.2084675735 -13550.4446879552 45.6053211296 13672.6656914024
148.6417669636 -121.6065385531 -13579.7771668555 45.7050017584 13702.5478556463
148.9771307178 -121.6663139497 -13581.6102877402 45.7112219735 13704.4123663280
149.4529887745 -121.7580634041 -13584.2596229406 45.7202071482 13707.1056816919
151.9376891651 -122.1070070202 -13597.9841572275 45.7667539905 13721.0586851796
164.3059067062 -121.8060146690 -13663.5887245822 45.9894846123 13787.8371245828
172.2230621612 -120.1704892254 -13705.6674784581 46.1324145512 13830.6864323832
174.1182164104 -119.8390477820 -13715.4320828282 46.1656149748 13840.6385378005
184.2327110832 -118.3047182968 -13771.6234826292 46.3561036577 13897.7484041026
185.1659516812 -118.0350823696 -13776.9366967153 46.3741226247 13903.1496531672
190.2915238932 -116.6368287650 -13804.3037744366 46.4671092680 13931.0248956748
197.8731286883 -115.1490430651 -13843.9519381111 46.6018326311 13971.4135895052
199.7072918229 -114.7486005265 -13853.4388530876 46.6340946231 13981.0843764428
216.0109309947 -111.9477568970 -13928.7454791912 46.8912327848 14058.1815977370
217.9742726272 -111.5293605319 -13937.5136024121 46.9212395999 14067.1763533833
224.2841178285 -109.9381068167 -13968.1672752685 47.0257545493 14098.5078837480
232.8729269330 -107.0251393658 -14010.1583036330 47.1690454497 14141.4654199032
237.2457980018 -105.4372487511 -14032.6708728276 47.2457208279 14164.4505182208
254.1270655189 -96.3626325578 -14124.5953903922 47.5589722562 14258.3776945271
255.1195089017 -95.8531063982 -14129.7757671826 47.5766506803 14263.6768532409
255.2047115871 -95.8093041850 -14130.2121936081 47.5781413280 14264.1236714278
263.7346976533 -91.6976661189 -14174.9169850248 47.7305605115 14309.8182370286
272.1101922760 -87.2671889323 -14215.8468139158 47.8706930846 14351.8287889468
273.2325398324 -86.7457500994 -14221.5503562502 47.8901630666 14357.6649790655
282.1525815445 -82.7143445391 -14270.0590174235 48.0552257551 14407.1506717483
301.1562524728 -69.6077557064 -14388.0061632090 48.4561348915 14527.3730195823
301.4579961627 -69.3758533451 -14389.8453341671 48.4624005899 14529.2511551853
312.5879105535 -58.5314992116 -14463.1742148126 48.7124559022 14604.2243696394
331.1660597393 -39.3065994287 -14580.0343795154 49.1122515883 14724.1128873853
331.3255682314 -39.1237984507 -14580.9978416739 49.1155661786 14725.1064278476
350.2159158294 -15.7732946770 -14711.5511602014 49.5622675632 14859.0676296727
354.9757882184 -10.5535503238 -14744.3570869723 49.6742131787 14892.6269516810
373.8085084391 11.1561167991 -14864.9954656987 50.0877412839 15016.6356050462
375.4554891422 13.4955756804 -14877.9997350400 50.1321671527 15029.9527256378
376.2873060427 13.9033519566 -14885.4811827688 50.1573163181 15037.4912947363
378.5707006964 15.1157438759 -14904.0751285147 50.2199392434 15056.2635405373
384.4402468151 19.1098341325 -14953.3455279584 50.3859971418 15106.0476718027
385.4515658227 19.6210326705 -14959.7466857858 50.4076837954 15112.5483115287
389.5846923680 22.0578027188 -14986.3513135369 50.4978633823 15139.5819176306
393.5576700351 24.5760413887 -15012.6353791322 50.5869357101 15166.2835617039
394.0447112761 24.8717600801 -15015.6821303143 50.5972763365 15169.3831567658
394.5567603684 25.1710851655 -15018.7759963043 50.6077858585 15172.5333785854
421.8558097756 47.6886311439 -15185.4755606536 51.1761864058 15343.0142284697
437.1986481437 65.9821799826 -15299.6479081535 51.5653117982 15459.7023583407
439.3163910602 69.6606238558 -15318.5112206954 51.6298225082 15479.0405152173
439.7833063077 70.2808554155 -15322.0732916354 51.6419850241 15482.6862223037
450.7327083361 86.8913315940 -15405.5997770901 51.9283954253 15568.5633582239
451.8502182761 88.9119819401 -15415.6210399188 51.9627060907 15578.8482057360
460.0785636860 102.5983239862 -15482.2519974975 52.1912400475 15647.3673763762
466.8021202388 118.2361108973 -15546.1694658726 52.4119202806 15713.5312794739
472.7578588059 139.6841161778 -15627.3825282449 52.6928522068 15797.7653367793
473.3102342759 141.6130053407 -15634.6621328055 52.7180449066 15805.3169314186
473.9299369053 143.7421205390 -15642.4740533470 52.7451377863 15813.4381277452
474.3330813591 145.1338054521 -15647.7642089120 52.7634372109 15818.9233979204
475.0401211822 147.9910326275 -15658.1351697395 52.7994062986 15829.7053608276
476.5132702841 157.0468720081 -15691.7737465385 52.9157587967 15864.5859048626
477.7089745936 165.2076550230 -15722.0101227247 53.0203207251 15895.9314165361
478.8872392144 180.1755391996 -15773.9962285616 53.2008874666 15950.0662410355
480.0204678206 192.4800919014 -15814.9801277731 53.3436881625 15992.8767831113
481.5123901726 208.9582658796 -15869.7263987886 53.5344710347 16050.0751238360
482.4709044112 218.6470068735 -15902.0940335996 53.6472317114 16083.8787463858
482.8063610906 225.5831404757 -15924.8079863830 53.7264698751 16107.6320159738
483.6104613337 242.2059069922 -15982.3123552818 53.9261536299 16167.4995337363
483.5944053795 243.3177876041 -15985.9431275249 53.9388218147 16171.2967937683
483.2219002014 248.7659182842 -16003.8438429195 54.0012563463 16190.0124648850
482.3125055371 256.3507333766 -16028.8599786341 54.0885098774 16216.1687372706
474.5192441964 303.6327773935 -16201.3919907032 54.6853695746 16395.1955852232
473.4317028242 310.0536126490 -16224.4918731557 54.7654184469 16419.1918835523
468.7364943021 332.7313776201 -16310.0581756863 55.0610058373 16507.8222770745
468.6991848902 333.0073044363 -16311.1032332457 55.0646139681 16508.9037927924
468.4716870357 334.5635039982 -16316.8430024828 55.0844680760 16514.8550547903
468.2962145818 335.7597275529 -16321.2414349445 55.0996859310 16519.4165767460
466.2391687101 344.9742393393 -16355.7521730628 55.2190239494 16555.1922163685
458.3491711800 367.5476033911 -16446.6512687202 55.5325592914 16649.2062582290
457.4243784515 369.9257531481 -16456.4144601662 55.5662211126 16659.2965326028
451.0864972104 384.3490464488 -16513.9690954117 55.7652526687 16718.9685403647
447.1694227171 391.5559934655 -16547.0776138992 55.8790305164 16753.0771015728
445.0685457575 395.0219528052 -16563.7339328097 55.9362092415 16770.2171277141
442.9791420455 398.3442516585 -16579.8616477285 55.9915741457 16786.8134022305
441.4933591670 400.6457340902 -16591.4721361071 56.0313665473 16798.7414202555
439.6651330255 403.4636309336 -16606.1427859946 56.0815687917 16813.7900336770
431.9106414112 413.6375243071 -16666.0193963341 56.2858104620 16875.0244950800
429.2696760899 416.6119917736 -16684.5480983919 56.3490297704 16893.9753857031
424.7035646079 421.0205929665 -16713.2107816750 56.4469660960 16923.3343900660
416.4009032589 428.7107315772 -16765.3187890802 56.6248367186 16976.6608091743
415.9826304739 429.1093022895 -16768.1680180851 56.6345357483 16979.5680484409
413.5106127510 431.2119622035 -16783.4663699030 56.6867101960 16995.2078732726
411.6651566086 432.8047731887 -16794.4260024997 56.7241687375 17006.4362595098
403.0251162451 440.9298337252 -16850.3171207609 56.9147493105 17063.5740585142
390.4723779019 453.7369266185 -16924.1337875383 57.1681006117 17139.5367618869
385.3659948598 458.5098037439 -16950.0440191009 57.2576294665 17166.3751137697
383.1229718704 460.6367245221 -16961.4075476804 57.2969179142 17178.1520333288
382.7528294020 460.9737976733 -16963.2066710727 57.3031481776 17180.0195141360
382.0535888633 461.5825751556 -16966.5508545306 57.3147258444 17183.4898661777
375.2074601966 467.3014145233 -16996.8415066258 57.4200687686 17215.0694427539
373.0832183018 469.0647757060 -17006.3567207604 57.4531246445 17224.9780394817
372.6231824246 469.4244188993 -17008.4184058568 57.4602734065 17227.1208357297
369.5114376911 471.6624974541 -17021.6551459599 57.5062543369 17240.9039671589
365.8274827324 474.1109666291 -17036.7744151201 57.5588179292 17256.6604240618
359.0177560831 478.2903333960 -17063.3219081099 57.6513180831 17284.3895808748
358.7480305386 478.4511300803 -17064.3809023396 57.6550031593 17285.4941541885
356.5073928017 479.7278407006 -17072.9687944501 57.6849212001 17294.4621384716
356.0421917997 479.9924883096 -17074.7620342737 57.6911645755 17296.3335478715
347.0261571463 484.9658921225 -17111.1250359721 57.8172514125 17334.1326394217
330.9842983367 493.9886375597 -17176.2465093373 58.0429613431 17401.8054467629
313.2864737857 502.2234158616 -17241.9393193910 58.2715656995 17470.3463211803
296.2640749765 507.6274279594 -17302.7470941701 58.4830318362 17533.7474633708
291.4307961002 508.8135585184 -17319.3852690141 58.5409809237 17551.1183658665
285.4795200960 510.4867143352 -17339.5505554791 58.6113604369 17572.2157456977
269.9363368067 518.8339712141 -17403.7570517890 58.8334789233 17638.8115547756
218.1267175286 543.8321136930 -17621.0584716856 59.5823434199 17863.4812719884
209.6617881221 547.1107896995 -17656.7569780049 59.7052413095 17900.3241937783
200.0522171358 550.2232176255 -17700.8950793129 59.8563092916 17945.6136474527
185.6866895863 552.6650169582 -17768.4927089551 60.0870297421 18014.7893074745
185.4561571791 552.6868518373 -17769.5212289616 60.0905470102 18015.8435756448
183.4915347399 552.8325369390 -17778.0583646893 60.1197775873 18024.6054449837
181.4521708091 552.9679108634 -17786.6006868439 60.1490811035 18033.3891784237
174.7397735156 553.5954967708 -17815.2652579916 60.2473164074 18062.8377294357
164.3557677447 554.6128578397 -17859.2165139507 60.3980075604 18108.0141919050
155.1103056055 555.9471306271 -17900.9720849217 60.5407560658 18150.8090674994
147.8961036630 556.3310824837 -17932.0668498290 60.6472670022 18182.7387713963
142.4790287361 556.3718170580 -17955.5318687623 60.7276124495 18206.8238366553
137.5750319574 556.2413598498 -17977.5162171261 60.8027571331 18229.3497274166
137.5207232070 556.2382684976 -17977.7631704651 60.8036007782 18229.6026009123
102.6855757740 545.7566905631 -18145.5114763951 61.3763251899 18401.3928109514
98.3711193112 544.4712988516 -18165.4415916657 61.4444770089 18421.8222783493
91.7884891872 541.7503165896 -18195.9267532363 61.5489012248 18453.1263278630
86.6614887927 539.4801837104 -18220.6295393002 61.6333930998 18478.4544716496
75.4281236265 534.2737589875 -18272.0936915704 61.8099666186 18531.3920641549
72.8594833770 533.2559455799 -18282.9856120345 61.8474510030 18542.6280973772
63.3760347239 529.3512544159 -18327.2085798141 61.9988704095 18588.0229320461
47.3818023956 521.0417967011 -18400.8901946005 62.2519032167 18663.8907172590
33.4418508668 512.9320360172 -18462.6337327698 62.4647391032 18727.7028850444
6.3911226008 490.0213044641 -18591.2955943628 62.9099579785 18861.2271555568
4.9153704493 488.6263214218 -18599.3842673346 62.9377804928 18869.5669062894
4.8330965761 488.5473903655 -18599.8350803020 62.9393318711 18870.0319136926
-5.5356479773 477.1923035260 -18657.2641302811 63.1376594384 18929.4931480559
-13.8844550981 468.0994538375 -18701.7553407726 63.2916710828 18975.6652789978
-14.2679564317 467.6717125688 -18703.8798896195 63.2990136452 18977.8661407798
-14.3348470460 467.5959063293 -18704.2476544998 63.3002861170 18978.2475488759
-23.5174463173 455.0806014241 -18759.8455709544 63.4928670566 19035.9854566022
-31.9206552938 437.8760095439 -18826.4036594108 63.7239409925 19105.2674112200
-34.3265687861 428.5385079124 -18858.6050104990 63.8361242999 19138.8977586419
-34.6217454879 427.2833620642 -18862.7917579482 63.8507401386 19143.2787510597
-36.7812093134 416.1405974401 -18898.5717412216 63.9760102773 19180.8329006815
-36.9995221600 414.6862022681 -18903.2764822977 63.9924559019 19185.7623686310
-37.6670647044 409.5865126436 -18919.3898588957 64.0488888201 19202.6786331160
-39.8923902926 391.3766821553 -18980.1528158561 64.2606421797 19266.1662465600
-39.9103876516 382.3263490931 -19009.6631683443 64.3636254823 19297.0382364975
-39.7900472056 374.7404490629 -19033.1500907361 64.4459607978 19321.7197824381
-39.7566674319 373.8773801060 -19035.7875329417 64.4552197715 19324.4950559446
-38.8113508034 345.7517933696 -19124.6780324105 64.7660369917 19417.6964010098
-33.7681796705 321.3342235756 -19209.5782862268 65.0611614862 19506.1903410204
-32.0763754468 314.6003396447 -19234.3016953962 65.1468040421 19531.8633321743
-31.7704990124 312.9975351919 -19239.9553241190 65.1664347273 19537.7474845474
-29.2941965967 298.6593279790 -19291.2933071931 65.3443699076 19591.0935361821
-23.1960591527 281.2168342649 -19355.4578763171 65.5671100113 19657.8763983308
-11.1319486535 258.7142597804 -19448.4111801070 65.8886857551 19754.3054189994
-7.4447996785 252.8950152793 -19469.6955005450 65.9633044899 19776.6734591561
2.8414094518 240.3030475257 -19520.9672602226 66.1427473682 19830.4716560258
2.9853190892 240.1414596099 -19521.6457654921 66.1451233809 19831.1838301697
3.8843921838 239.1228920632 -19525.9208926439 66.1600891646 19835.6696752468
5.8473230141 236.9741057853 -19534.9324367114 66.1916803310 19845.1390259867
17.0583252089 226.7301986379 -19582.8427787838 66.3593560263 19895.4085477982
18.7127952207 225.4015888283 -19589.5999481378 66.3829852455 19902.4912510883
20.7241304555 223.8204859383 -19597.4740320958 66.4106087725 19910.7712666621
29.0062345916 217.2953515072 -19629.0655009100 66.5217146468 19944.0784795946
33.4327746230 213.9422837073 -19646.3088068095 66.5821577941 19962.1968175166
46.4417282307 205.4765474262 -19693.2801429072 66.7472077574 20011.6789687736
81.2366036365 193.6393550920 -19817.0381565908 67.1779761004 20140.8706362409
93.6347524902 190.3625665336 -19863.5129606619 67.3388437568 20189.0986576128
105.1823884347 189.2801598125 -19917.9222993856 67.5244758986 20244.7529480790
114.2300136656 190.4023644124 -19959.5641015740 67.6666743128 20287.3828511214
114.8926704975 190.5847192967 -19963.1558648224 67.6788747146 20291.0397653663
141.7585206044 199.1060586020 -20092.3989109612 68.1199662965 20423.3306270218
145.1883282058 200.6276445433 -20111.4690740136 68.1847980428 20442.7645303429
146.0178528456 201.0240425739 -20116.2228111711 68.2009515335 20447.6063538590
148.1064913809 202.1575437561 -20128.7422792688 68.2434612112 20460.3486129667
152.7835977585 204.8874602117 -20158.2250829736 68.3434599582 20490.3256194544
155.1358046789 206.2437154065 -20172.7593039084 68.3927826349 20505.1102102114
155.3396898255 206.3571943281 -20173.9990563759 68.3969914521 20506.3717329687
168.6496306290 213.5854623793 -20248.6981924690 68.6511950911 20582.5918941734
176.1292907911 218.9618893471 -20303.0679152260 68.8351392737 20637.7400748169
177.6141216309 220.1783785664 -20314.8354112585 68.8749155875 20649.6629493046
179.2005970691 221.3509589904 -20326.2334817479 68.9135052123 20661.2300954443
182.4843595959 223.5780918761 -20350.7160938980 68.9962439590 20686.0322949792
193.5547444397 233.7950471898 -20440.8904836907 69.3012321871 20777.4871494623
206.9452543383 248.7560010268 -20539.8820351757 69.6380923304 20878.5040772775
208.2615698902 251.0997201370 -20552.7111457957 69.6818284766 20891.6138838482
208.5253239367 251.6082797652 -20555.6794553091 69.6919146263 20894.6370000856
208.5751753107 251.7046226226 -20556.2302996309 69.6937877548 20895.1984246798
210.4069802762 255.4314927003 -20578.5037875441 69.7693842590 20917.8592420359
211.1739853902 257.1690604324 -20589.0541780292 69.8051519543 20928.5803012458
213.0907676837 263.2477645966 -20625.5575182358 69.9287866028 20965.6438211380
213.7274313076 265.0706913708 -20635.1237625145 69.9613483116 20975.4038590059
224.4738721071 296.4894222897 -20785.2433673520 70.4738610992 21129.1402771095
226.1935230000 305.2752906671 -20827.4136495320 70.6176867607 21172.2580725184
227.4522791402 310.5094474598 -20851.8229436430 70.7010856627 21197.2579098062
233.7678521320 340.8651027333 -20993.9364564596 71.1860227548 21342.7198974872
233.7392077191 341.2166230692 -20995.7635630179 71.1922312721 21344.5807373052
233.6670235217 352.1678767758 -21053.4227590909 71.3879674145 21403.2659059185
230.4938585740 369.5365355255 -21188.5824701043 71.8426950949 21539.6599143642
229.6593263341 371.6293432826 -21203.7483394191 71.8938454711 21554.9920206912
226.7683725900 376.6827844654 -21239.6575127001 72.0152054466 21591.3734025687
218.9244341549 390.9302691098 -21335.4451865751 72.3391951691 21688.5321563130
218.8248964921 391.1781263595 -21336.9115081415 72.3441679596 21690.0226120094
215.4900505698 397.1427888609 -21376.8467864518 72.4793307583 21730.5427409443
202.9111909014 432.5485038152 -21665.4979328416 73.4488452022 22021.5995755053
194.0324997624 440.6104728743 -21747.4116797183 73.7250150497 22104.4116628312
188.8767177520 444.6719398715 -21798.8613549646 73.8980280822 22156.2821469180
181.3247528953 450.9637914017 -21893.2984973036 74.2146949837 22251.2443461581
180.3655598523 451.5123944461 -21901.8611169508 74.2435008375 22259.8784059021
180.3430464240 451.5242339907 -21902.0427504385 74.2441127657 22260.0618119771
179.8918405999 451.9873072911 -21905.8833986106 74.2571074702 22263.9565417833
177.2971181822 454.7960698766 -21928.2364869629 74.3327650583 22286.6350946423
165.4612495954 465.2482762332 -22007.8987721317 74.6036617795 22367.8673906492
154.3987882600 473.9882006695 -22079.2947711175 74.8464438066 22440.6652264578
152.9609738467 475.0293796967 -22088.1289220458 74.8765104327 22449.6769735175
150.4703139629 476.4374815127 -22102.5796652041 74.9256653661 22464.4105205700
150.3941534357 476.4748743969 -22103.0306750795 74.9271965888 22464.8694422176
142.8347881121 480.3934393073 -22145.6620247565 75.0722229966 22508.3472318531
142.6668664157 480.4992553957 -22146.7316826074 75.0758529038 22509.4351527438
131.7434501737 485.2579078963 -22205.6352740043 75.2763503344 22569.5491651076
126.5009763864 486.6600182751 -22230.1128409331 75.3600165159 22594.6286567458
81.8521569501 484.2107363519 -22405.7287039976 75.9648663142 22776.1196595812
78.0938326771 482.6025907875 -22422.0797951137 76.0210863519 22792.9710708546
78.0557944477 482.5851380255 -22422.2528186851 76.0216803078 22793.1490840526
77.3384974404 482.2487160429 -22425.5761335609 76.0330794298 22796.5655612846
62.5118981078 472.2166161177 -22497.4012360659 76.2800461710 22870.6189993881
