X Y Z LocalTime TrackLength
100.0000000000 100.0000000000 100.0000000000 0.0000000000 0.0000000000
99.9987625063 100.0482022237 76.4610009313 0.0785178910 23.5390620581
100.0053653337 100.0994218410 58.4473401071 0.1386052740 41.5527984652
100.0190435798 100.1352681410 45.5427800562 0.1816504656 54.4574163064
100.1492424831 100.3078108283 -26.4465638240 0.4217822753 126.4471149067
100.1871862264 100.3509877758 -50.9813879403 0.5036219066 150.9820093730
100.1941347505 100.3562420186 -54.8209998910 0.5164295131 154.8216312586
100.2772431628 100.4424615374 -96.9004375934 0.6567920505 196.9012491407
100.3074389181 100.4772567402 -111.4664488544 0.7053793026 211.4673342439
100.3285580235 100.4966563969 -120.7747124017 0.7364284912 220.7756423363
100.4671863990 100.5680384999 -168.0924948159 0.8942645628 268.0936940262
100.6732898772 100.6964050737 -236.0869206387 1.1210711196 336.0885808545
100.9119102139 100.8551043073 -293.9387504256 1.3140465296 393.9411424128
101.2012347407 100.9965211506 -354.6861681299 1.5166810573 454.6894351925
101.2436197761 101.0121177907 -362.9026139243 1.5440885987 462.9060053976
101.3388230167 101.0467733258 -380.7695215382 1.6036871767 480.7732017940
101.4964001856 101.0957207625 -408.7566048729 1.6970437091 508.7607755546
101.5295044956 101.1051288562 -414.0869283056 1.7148241341 514.0912101963
101.5591171915 101.1126958682 -418.7875592277 1.7305040907 518.7919405664
102.0482289596 101.2182505385 -482.9288105902 1.9444628965 582.9351673733
102.1499860169 101.2328447604 -495.0276561399 1.9848217790 595.0344502924
102.6646670847 101.3504120900 -558.5701511561 2.1967841563 658.5791627427
103.3346971017 101.5031172853 -633.1086519934 2.4454285270 733.1208639551
103.3435571024 101.5062946076 -634.1913135379 2.4490400356 734.2035664165
104.0331686211 101.7626455374 -723.9259221934 2.7483726889 823.9412405896
104.0982723075 101.7821701104 -732.9231209644 2.7783849856 832.9386964282
104.1556262938 101.7993445727 -740.8682730604 2.8048879265 840.8840743599
104.2979560410 101.8426561890 -760.1172364914 2.8690975085 860.1336145086
104.3338196731 101.8532572853 -764.9632845884 2.8852626747 864.9798069934
104.7662555591 101.9092335251 -825.7859398884 3.0881506230 925.8040733712
105.2049784533 101.9483684639 -886.6177826065 3.2910692335 986.6375320345
105.3607242630 101.9727258571 -906.6170067884 3.3577815719 1006.6373794444
105.4196586717 101.9860508318 -914.3577132195 3.3836025893 1014.3783219402
105.9326515513 102.1534222093 -990.4876218045 3.6375511447 1090.5101783942
106.2418828650 102.2813078631 -1037.6833130734 3.7949830646 1137.7070684351
106.3907776306 102.3571253049 -1058.8220083221 3.8654964018 1158.8464262795
106.4904142744 102.4041701669 -1072.9777252120 3.9127162458 1173.0025729069
106.6365659199 102.4596558671 -1095.6947660009 3.9884939712 1195.7201541610
106.7139984774 102.4875255164 -1107.8589655954 4.0290703233 1207.8846328034
106.7506067024 102.5015869659 -1113.7694879615 4.0487861480 1213.7952854029
107.0816254984 102.6364451137 -1171.5053956752 4.2413761980 1271.5323188763
107.5862260719 102.7123805837 -1265.8868426485 4.5562035794 1365.9151988202
107.6170402533 102.7115283372 -1270.8742997291 4.5728402719 1370.9027512575
107.6641901946 102.7108133974 -1278.8410847203 4.5994150856 1378.8696760719
107.7514290866 102.7060968835 -1294.6464951522 4.6521370929 1394.6753291309
107.8107340519 102.6977417394 -1306.4760287720 4.6915966960 1406.5050149848
108.0524728453 102.6719408815 -1349.6992104398 4.8357760667 1449.7288906194
108.0927713479 102.6674326664 -1356.7533179783 4.8593064378 1456.7831149101
108.1641164521 102.6639386680 -1369.0578272181 4.9003505758 1469.0878321746
108.6514429275 102.5798849725 -1453.0355700149 5.1804751756 1553.0670733057
109.2774161633 102.3581487245 -1553.3822821171 5.5152032824 1653.4160451895
109.3730115932 102.3410239046 -1566.9334469836 5.5604062874 1666.9675589079
109.8357038525 102.2803338276 -1635.3236113725 5.7885367505 1735.3593429745
109.8599603380 102.2765881915 -1639.1439173740 5.8012801893 1739.1797278705
109.8601355025 102.2765658152 -1639.1709015778 5.8013702009 1739.2067126520
110.2671631605 102.2538569007 -1704.1867368468 6.0182440615 1804.2238511124
110.7519080563 102.2870320451 -1789.6930971173 6.3034673345 1889.7316368767
110.9708531867 102.3182102482 -1832.6674372701 6.4468162766 1932.7065562953
111.0117245143 102.3276851832 -1840.1116130223 6.4716477815 1940.1508505040
111.4150980614 102.4635893770 -1921.7971253721 6.7441251665 2021.8375130465
111.7935962957 102.5855225840 -1988.7907826014 6.9675960051 2088.8323763778
111.8727139583 102.6033294204 -2000.2906228746 7.0059563172 2100.3325031928
111.8858321983 102.6073735438 -2002.2395945368 7.0124575516 2102.2815231998
112.0786278929 102.6612442930 -2030.3703059318 7.1062939295 2130.4129509402
112.4293294906 102.7421763280 -2079.8029201829 7.2711878389 2179.8468892349
112.6671237265 102.7970419704 -2113.7776478570 7.3845183152 2213.8224996477
112.8127034194 102.8221869822 -2135.3162573134 7.4563651106 2235.3616180633
112.9226626549 102.8397709262 -2152.5424864121 7.5138268566 2252.5882085228
113.1330925827 102.8809838447 -2185.1764532811 7.6226844599 2285.2228855391
113.7091556601 102.9994048825 -2272.7898740800 7.9149381120 2372.8383272143
113.9368668313 103.0741210370 -2312.3755267386 8.0469841249 2412.4247137964
114.2162302458 103.1802285685 -2379.9910569163 8.2725275783 2480.0409315784
114.6292286645 103.3713416976 -2460.2592603683 8.5402779271 2560.3104636009
114.7965979599 103.4150057801 -2489.2934415985 8.6371273006 2589.3451644897
115.1861782516 103.8033016920 -2574.1626988205 8.9202268321 2674.2162682052
115.3885388247 104.1032245855 -2643.9176740117 9.1529076373 2743.9722109741
115.4310127380 104.1650313464 -2661.0616876584 9.2100944885 2761.1163900527
115.4381394162 104.1745266602 -2663.9260297477 9.2196489923 2763.9807567739
115.4692958553 104.2150787459 -2677.1430250078 9.2637364961 2777.1978517690
115.4704440050 104.2164439582 -2677.5962581651 9.2652483317 2777.6510884366
115.6509352813 104.4363547607 -2736.5407523653 9.4618683939 2836.5962893746
115.6635175169 104.4562959372 -2740.7684348244 9.4759706514 2840.8240376520
115.7552994829 104.6109061051 -2770.7974173939 9.5761384035 2870.8535632472
115.8358283412 104.7692445403 -2798.2122717078 9.6675864821 2898.2689970022
115.9198969061 105.0271862382 -2838.5789913473 9.8022384774 2938.6366373968
115.9995293856 105.2665476947 -2874.2442255830 9.9212079315 2974.3027705748
116.0383985350 105.4008682546 -2891.9659061186 9.9803229660 2992.0250042973
116.0694399548 105.5251645580 -2906.7355850606 10.0295911912 3006.7952398898
116.1427756193 105.7252120048 -2932.5897988733 10.1158345390 3032.6503349637
116.2163984141 105.8752873166 -2953.4957338465 10.1855714976 3053.5569403606
116.4783186406 106.2619781255 -3017.7235490692 10.3998182022 3117.7864770458
117.0785917222 106.7970999094 -3133.7192283482 10.7867476289 3233.7850253814
117.2005241214 106.9130853615 -3162.4113466162 10.8824559303 3262.4776415244
117.4552739026 107.1577161871 -3226.5932578769 11.0965470966 3326.6605489692
117.5262534871 107.2239312036 -3245.4575004808 11.1594723028 3345.5250430373
117.5588411664 107.2531389163 -3253.7363482740 11.1870879669 3353.8040067789
117.7668291337 107.4357225989 -3315.4573590459 11.3929692755 3415.5256601361
117.9686729614 107.6865335397 -3399.3232718849 11.6727180580 3499.3922340075
117.9788373805 107.6984211081 -3403.5001790119 11.6866508255 3503.5691704823
118.0191943549 107.7318967812 -3418.7169209527 11.7374087410 3518.7860038345
118.0789337428 107.7774788991 -3438.6977087927 11.8040579816 3538.7669349517
118.1581291102 107.8707943929 -3468.3565561789 11.9029901421 3568.4260395419
118.1977600446 107.9545230118 -3492.6438018711 11.9840043532 3592.7134792378
118.2063795170 107.9848898237 -3501.8731895233 12.0147904729 3601.9429212365
118.2219223485 108.0144860688 -3512.9907510495 12.0518748535 3613.0605335670
118.2406605659 108.0425463288 -3522.3122269867 12.0829681704 3622.3820709478
118.2925361829 108.2854685614 -3604.1340317336 12.3558977368 3704.2042941240
118.3033390259 108.3239087300 -3624.8442985693 12.4249799157 3724.9146015798
118.3161698192 108.3645402047 -3655.3928143535 12.5268789488 3755.4631520037
118.3715541348 108.4052969184 -3694.4408553244 12.6571294637 3794.5112618416
118.4149782580 108.4657878055 -3733.3278714580 12.7868428936 3833.3983576271
118.4228231574 108.4910321573 -3744.6299282723 12.8245426201 3844.7004459293
118.3841917013 108.5973314379 -3800.6039432122 13.0112523169 3900.6745934573
118.3294763006 108.6662711878 -3850.6950720249 13.1783386833 3950.7658138381
118.3180644813 108.6902862475 -3865.4473797988 13.2275471911 3965.5181465939
118.3069483273 108.7148151506 -3877.3621552001 13.2672907263 3977.4329530711
118.2925844450 108.7551541753 -3894.2364736911 13.3235776050 3994.3073272574
118.2880251416 108.7903050401 -3910.2337965255 13.3769390893 4010.3046905816
118.2451925655 109.0290165296 -4054.5150793028 13.8582105789 4154.5863135720
118.2427104422 109.0322767486 -4056.7912750023 13.8658031668 4156.8625129600
118.0929672016 109.5122030411 -4246.9034542487 14.4999516819 4346.9755993788
118.0968340691 109.5347594606 -4254.0551129840 14.5238071824 4354.1272949409
118.1061015186 109.5693036758 -4265.7040677571 14.5626641166 4365.7763052289
118.1343960287 109.6454843019 -4290.3634906044 14.6449195873 4390.4358650951
118.1476944140 109.6785003036 -4298.1609414869 14.6709293754 4398.2333995359
118.1512964836 109.9443214867 -4440.1238399965 15.1444686281 4540.1969528657
118.1527205733 109.9278217879 -4476.0010786305 15.2641422904 4576.0742022970
118.1367842730 109.9254252782 -4547.8431396862 15.5037817437 4647.9162960276
118.1301921410 109.9237942589 -4558.3963245107 15.5389834051 4658.4694835310
118.0886716001 109.9191774737 -4657.8022527959 15.8705660946 4757.8754823595
118.0694549000 109.9234545805 -4677.8925238861 15.9375800932 4777.9657650979
118.0283449337 109.9091771813 -4712.7871599345 16.0539762222 4812.8604348846
117.9320496767 109.7798047923 -4790.9676436732 16.3147589386 4891.0411221953
117.9310841406 109.5993440978 -4856.4197129570 16.5330844873 4956.4934658659
117.8726995720 109.4103788948 -4910.5004405388 16.7134796782 5010.5745718649
117.8577789883 109.2886770391 -4939.5110436225 16.8102495494 5039.5854384991
117.8580862644 109.2417824447 -4950.1350458714 16.8456877703 5050.2095447535
117.8581810652 109.2346184512 -4951.7800519577 16.8511749749 5051.8545664457
117.8986056812 108.9648467836 -5010.2423336143 17.0461863825 5110.3175046946
117.9270031555 108.7914585424 -5040.2478819746 17.1462758870 5140.3235721730
117.9577189994 108.5743671921 -5075.0272584143 17.2622897662 5175.1036463620
117.9753173412 108.4733330221 -5091.5672118514 17.3174622019 5191.6439190490
117.9893341098 108.4081986771 -5102.0086566151 17.3522918401 5202.0855768608
118.1174975900 107.8833544126 -5202.8309450306 17.6886038002 5302.9093764893
118.1594552668 107.6145068635 -5262.9662906745 17.8891958821 5363.0453591548
118.2146949335 107.0971761820 -5347.6855832674 18.1717944995 5447.7662924985
118.1135812222 106.3491107832 -5451.6036414270 18.5184371520 5551.6871584102
118.0996757160 106.2976630370 -5458.8499381577 18.5426088713 5558.9336539341
118.0282490961 106.0801254984 -5487.9535346242 18.6396910751 5588.0381555167
117.7731324173 105.3493817638 -5575.6454327171 18.9322113091 5675.7335164847
117.6856735006 105.1465935612 -5600.8283767807 19.0162158429 5700.9174320936
117.4527515432 104.6615509268 -5667.1260480482 19.2373684699 5767.2173127719
117.4392376348 104.6315924900 -5671.4863851085 19.2519134096 5771.5777737606
117.0791045149 104.0422659042 -5763.2052614502 19.5578634790 5863.2993007194
117.0232865532 103.9753472781 -5775.9478653225 19.6003692506 5876.0422044841
116.7286932249 103.7779746117 -5835.3530596498 19.7985272837 5935.4484775003
116.4523610362 103.6226379873 -5895.2980765281 19.9984852376 5995.3943533151
116.4332262107 103.6142306279 -5900.1612394354 20.0147071613 6000.2575612283
116.4134036344 103.6058608349 -5905.3870915253 20.0321388845 6005.4834577211
116.2423759933 103.5587286202 -5950.4649617676 20.1825037182 6050.5616883715
116.1927717696 103.5480877384 -5965.7244495426 20.2334041987 6065.8212615822
116.1865503822 103.5470048495 -5968.0177162244 20.2410537460 6068.1145369635
116.1489132744 103.5431929649 -5982.6241151828 20.2897756378 6082.7209859132
115.9660268684 103.4925977387 -6047.7397640399 20.5069791008 6147.8369366336
115.8456524868 103.4529234999 -6101.9667083908 20.6878613066 6202.0640460206
115.8096931204 103.4542405995 -6122.8994611801 20.7576855942 6222.9968319232
115.7987032184 103.4550724301 -6129.8065407990 20.7807251733 6229.9039205311
115.7557333728 103.4791222247 -6168.5551805432 20.9099768956 6268.6525997945
115.7229275134 103.4852167499 -6197.7890050755 21.0074905531 6297.8864478971
115.7047587669 103.4907116736 -6208.5074534491 21.0432435234 6308.6049135901
115.4912992662 103.4559321894 -6400.8039360798 21.6846762930 6500.9017700971
115.5004061075 103.4582120877 -6413.3332507967 21.7264696221 6513.4310890518
115.5562038367 103.4959023660 -6582.2763704578 22.2900035544 6682.3744136248
115.6051458169 103.5406124863 -6624.3198087716 22.4302456177 6724.4179140539
115.6324945577 103.5728548621 -6646.2585267698 22.5034254785 6746.3566752228
115.7728110700 103.7217433055 -6773.5296272061 22.9279569455 6873.6280446638
115.7845665839 103.7314954667 -6778.8939215852 22.9458503875 6878.9923609008
115.8137535341 103.7508390851 -6789.2116524523 22.9802668514 6889.3101522017
116.0246864861 103.9772775185 -6869.9080011387 23.2494430207 6970.0071346445
116.0416087221 103.9981243536 -6877.1564713045 23.2736214919 6977.2556543285
116.1507041175 104.1565944520 -6915.9927277836 23.4031669580 7016.0923957590
116.4012151107 104.9756768703 -7074.2660188204 23.9311178510 7174.3681745223
116.5757900528 105.4297505661 -7142.5970253983 24.1590515089 7242.7009577496
116.5771114924 105.4329607465 -7143.0525176900 24.1605709125 7243.1564632704
116.6044129084 105.5032652015 -7152.6551481291 24.1926028448 7252.7593902872
116.6263969517 105.5611645218 -7160.5153740849 24.2188225642 7260.6198604902
116.6334093317 105.5832616945 -7163.8441773686 24.2299265319 7263.9487445405
116.6678264822 105.7331474084 -7185.9813463839 24.3037700005 7286.0864502258
116.7543965619 106.0420913857 -7232.3533987192 24.4584543010 7332.4596244507
116.8860380639 106.4651816873 -7302.0573713290 24.6909665486 7402.1650347798
117.0472253428 106.8719684898 -7374.2527909223 24.9317890975 7474.3618117437
117.0697019468 106.9270953669 -7385.3499036632 24.9688056335 7485.4590847288
117.0755918720 106.9436003386 -7388.9311921680 24.9807516755 7489.0404161561
117.2180647068 107.2332752286 -7455.5405093540 25.2029391676 7555.6505416192
117.2347254780 107.2500566428 -7460.4348533441 25.2192651411 7560.5449428276
117.4630314717 107.5333864962 -7535.9816461137 25.4712651754 7636.0926470214
117.6547054479 107.8100902061 -7604.2522146508 25.6989941684 7704.3640732137
117.8021115502 107.9194797777 -7640.0907822077 25.8185403932 7740.2031177684
117.8709178073 107.9608220968 -7654.8597310892 25.8678050578 7754.9722858228
117.9480775194 108.0040443837 -7670.8446650455 25.9211259026 7770.9574656670
118.2906647528 108.2153632206 -7740.1258198077 26.1522269835 7840.2398187381
118.4137728765 108.3207418574 -7772.5918751207 26.2605235560 7872.7063028025
118.4269525634 108.3325656247 -7776.5364734477 26.2736814592 7876.6509409253
118.4600534616 108.3637278107 -7786.5502410856 26.3070841547 7886.6648122010
118.6686479132 108.5340903232 -7841.4034095089 26.4900569618 7941.5186681204
118.8337197113 108.6227353924 -7872.4268396374 26.5935419282 7972.5426692045
119.0425491342 108.7678189503 -7914.4441782119 26.7336993252 8014.5607872836
119.1703264231 108.8847009127 -7944.6310634489 26.8343936463 8044.7481741072
119.2126710825 108.9222477331 -7954.4953989240 26.8672980867 8054.6126723532
119.3052094545 108.9999971010 -7975.0906278267 26.9359975952 8075.2082580224
119.3186427816 109.0109508645 -7977.8860953015 26.9453224552 8078.0037792604
119.5789794512 109.2470498252 -8032.2931165352 27.1268086266 8132.4119529249
119.7588951792 109.3839528951 -8076.7142276779 27.2749835018 8176.8336504648
120.0347274770 109.5501687790 -8137.5493748125 27.4779106609 8237.6696717447
120.1131580492 109.5989712963 -8153.9071886093 27.5324753535 8254.0277476432
120.1877108364 109.6434511862 -8167.9366472019 27.5792735110 8268.0574757643
120.0949740129 109.6692249526 -8209.1834250973 27.7168597055 8309.3047667412
120.0785176679 109.6685568559 -8212.7845972377 27.7288720548 8312.9059765906
120.0458483217 109.6652614147 -8219.8500345417 27.7524400838 8319.9714904001
120.0002978884 109.6577123839 -8229.3560217562 27.7841490350 8329.4775901437
119.9692932946 109.6531564241 -8235.3515541558 27.8041482622 8335.4732045849
119.7519757966 109.5978369069 -8272.9237279063 27.9294778430 8373.0460554388
119.0375186080 109.4577686413 -8384.6409399293 28.3021344589 8484.7657187210
118.9209763173 109.4204785758 -8404.1927656305 28.3673536415 8504.3179292513
118.8675565464 109.4005645310 -8413.9388991863 28.3998638258 8514.0642325358
118.8539667751 109.3974441420 -8416.3714416567 28.4079780517 8516.4968149744
118.7121542808 109.3717822523 -8440.3282362115 28.4878908051 8540.4540459259
118.7025294316 109.3703183564 -8441.9429077267 28.4932768703 8542.0687467921
117.8375273832 109.4035405672 -8565.5121300230 28.9054697493 8665.6410964028
117.4233996290 109.3696364909 -8621.7356697277 29.0930165125 8721.8661900309
116.0673827090 109.2125951782 -8766.9813371420 29.5775255714 8867.1184140563
115.7536382434 109.2013967120 -8795.8441252912 29.6738072160 8895.9829139779
114.8476636283 109.1306298375 -8876.2110453229 29.9418996878 8976.3550118656
113.8471680874 109.0115715059 -8962.3683029222 30.2293091719 9062.5182076116
113.7620670606 109.0018211729 -8969.2222084427 30.2521731373 9069.3726485629
113.0888265610 108.9388871862 -9025.2323553471 30.4390165896 9125.3868948384
112.4129572432 108.8123747125 -9084.0235337868 30.6351363705 9184.1821150139
112.1066624787 108.7441757310 -9112.8227390320 30.7312059326 9212.9830341979
111.7661861604 108.6617643050 -9145.3676294280 30.8397703486 9245.5298156695
111.6871656232 108.6420961845 -9152.8762399562 30.8648178636 9253.0388679870
111.6010514699 108.6214593005 -9160.9924425383 30.8918922270 9261.1555539130
111.2763536539 108.5309194334 -9192.2158268030 30.9960483514 9292.3807630260
109.5266699350 107.6925786716 -9371.6528334866 31.5946227847 9471.8289870290
109.4768219034 107.6523843834 -9376.7497743336 31.6116257001 9476.9263302032
108.8203642683 107.1513805804 -9441.0463133069 31.8261136253 9541.2281828224
108.7517574935 107.1039632247 -9448.1922113724 31.8499514115 9548.3745677456
108.4300842187 106.8961635806 -9480.4985946322 31.9577215344 9580.6832261955
107.9502707910 106.6550486609 -9526.4474491308 32.1110009606 9626.6352295867
107.3570472892 106.3316705334 -9585.1580348446 32.3068514683 9685.3497236557
105.8077558592 105.2281697767 -9739.7918927653 32.8226938142 9839.9954458358
104.9488245132 104.5932322478 -9826.9854931800 33.1135623338 9927.1956349794
104.3066940263 104.0777181172 -9903.0378403087 33.3672606650 10003.2524759714
103.3565128844 102.9570587993 -10040.6654630116 33.8263634334 10140.8880747768
102.5922772616 101.9467417370 -10149.5057615443 34.1894403833 10249.7358237507
102.5822919056 101.9336201805 -10150.9538131664 34.1942708794 10251.1839692598
102.2983338946 101.5754873787 -10190.6309389628 34.3266283760 10290.8637360515
102.2537925040 101.5159936076 -10197.0217434265 34.3479472579 10297.2549728078
102.0989204383 101.3020176814 -10218.6629007422 34.4201398040 10318.8977444761
101.9430550217 101.0877876143 -10239.7513484676 34.4904888823 10339.9878585299
101.7312286636 100.6738967771 -10273.8129573388 34.6041168258 10374.0526470784
101.5580154480 100.3315340186 -10300.6478588622 34.6936376191 10400.8902951359
101.3398529503 99.8101719912 -10340.0067293827 34.8249382847 10440.2532319217
100.3187235487 97.6382636011 -10495.1780731352 35.3425963349 10595.4432899225
99.9617144407 96.7546111330 -10560.7051201005 35.5611942714 10660.9772932574
99.0102218379 94.1625185907 -10750.2595739710 36.1935472974 10850.5521072197
99.0003559456 94.1259978066 -10752.7057936023 36.2017079878 10852.9986193490
98.8181497481 93.4251729529 -10799.1634739806 36.3566930361 10899.4619553450
98.7290465336 93.1077015934 -10820.4616256920 36.4277445750 10920.7626616949
98.7264822626 93.0985097963 -10821.0951726793 36.4298581012 10921.3962805472
98.7205166885 93.0756852743 -10822.6594300174 36.4350764982 10922.9607157722
98.6433346650 92.7800858200 -10842.6445313054 36.5017474451 10942.9481540756
98.5601164790 92.4207595788 -10866.1956183866 36.5803150917 10966.5021321667
98.2800802966 91.2199215222 -10948.9020977654 36.8562250153 11049.2178444200
98.1516324377 90.7946563832 -10981.2505933845 36.9641382146 11081.5693959471
98.1388090262 90.7530063308 -10984.3873819043 36.9746024302 11084.7064872116
98.0021849727 90.2722033888 -11018.4533022515 37.0882464016 11118.7760807705
97.9443296370 90.0215986212 -11035.7680487502 37.1460085818 11136.0927389035
97.9206458436 89.9159727125 -11043.0148379908 37.1701839784 11143.3403367921
97.9006268619 89.8331143855 -11048.5053160732 37.1885004589 11148.8314766702
97.9382380198 89.8223049661 -11057.6418356135 37.2189805539 11157.9682043467
96.1621568113 89.7644655088 -11172.7577404125 37.6029875961 11273.1169650679
95.4427584114 89.9459676408 -11202.2418821809 37.7013756320 11302.6117054395
94.6707494535 90.4700579933 -11220.3334219906 37.7618090762 11320.7277723036
91.6007371091 91.9877840780 -11356.4838287648 38.2160576859 11456.9484911679
91.3618420919 91.7480513954 -11388.2946983362 38.3221821670 11488.7626897199
91.3419686573 91.7590172704 -11390.1167498196 38.3282611605 11490.5848874795
90.3818719887 92.5928118383 -11435.7737834917 38.4806248611 11536.2627861762
90.1179272834 92.7109430019 -11448.4869154432 38.5230472024 11548.9794587381
87.3968083289 90.0271443323 -11592.2731961569 39.0028009209 11692.8524708507
84.5130584567 88.4338710052 -11621.1506185705 39.0997576193 11721.9180690032
82.7195977636 87.0828197171 -11640.8282302623 39.1658283818 11741.7241170969
82.7103294898 87.0740659219 -11640.9386262961 39.1661991217 11741.8352468333
81.6095921738 85.8737543807 -11654.8361747741 39.2128791508 11755.8282674110
79.1125833702 82.5096404166 -11695.5536030009 39.3494254496 11796.7635632345
78.3344640381 81.4759792472 -11708.0625456309 39.3913783696 11809.3394973001
77.2640813855 80.4037221581 -11724.5912881086 39.4467494044 11825.9379007375
74.0984334497 77.1287846610 -11767.6461384871 39.5911757673 11869.2358946363
71.0808300518 73.8190920856 -11805.8969740833 39.7196491082 11907.7506876015
68.7406158171 71.4835410136 -11831.3013893654 39.8051107263 11933.3699974656
56.8491545356 62.6779041451 -11938.2638604200 40.1652402986 12041.3570178567
55.0814679297 61.0748986473 -11955.8867609484 40.2245672665 12059.1413376526
54.8819509146 60.8963677400 -11957.8085590778 40.2310404874 12061.0817008537
49.8815270419 56.6523835571 -12012.0054222922 40.4131473855 12115.6780668012
40.1521562971 51.1261163888 -12111.0263839239 40.7455044359 12215.3347360559
37.2696503856 47.9404054703 -12153.3383693320 40.8873807565 12257.8681381767
34.9607644057 37.2399677228 -12266.6946840040 41.2672585081 12371.7792359181
39.2004697661 8.6485864429 -12526.7147826341 42.1400510923 12633.6248374613
39.6282605722 6.1297700113 -12549.1143083380 42.2152607731 12656.1706085902
39.6598923789 5.9838954026 -12550.3677912792 42.2194720740 12657.4329500830
40.2727969983 1.5653360168 -12590.6377661665 42.3546263103 12697.9508510550
40.2259666473 0.7222439612 -12596.1918931467 42.3733682213 12703.5688375492
42.1914235748 -16.8332734628 -12728.6366956272 42.8190742389 12837.2285340362
56.5182829170 -44.4609903619 -12922.5917454681 43.4743758238 13033.7839698548
63.9266934722 -55.9902573505 -12997.7168986696 43.7290771131 13110.1500943336
68.6145266412 -61.9289117327 -13040.0732895221 43.8726146487 13153.1815839466
69.0744816001 -62.4408666753 -13043.8264554067 43.8853443675 13156.9973543480
78.1398363327 -74.0888283105 -13119.8679420192 44.1437014408 13234.4599005101
83.8377955372 -80.5880695679 -13162.6495519519 44.2892967820 13278.1083957764
87.2158756251 -83.9419043816 -13185.8703979823 44.3683711866 13301.8127622994
89.1910509597 -86.1136046302 -13200.6273442194 44.4185650079 13316.8590691358
101.0546422479 -98.2258340722 -13293.6789827091 44.7340595380 13411.4585468856
101.7021802743 -98.8617664263 -13298.5555009220 44.7506074119 13416.4188338465
103.9446215473 -101.0533884214 -13315.8107795584 44.8091140171 13433.9571574900
113.7132575000 -108.4358614058 -13379.2453322794 45.0246283943 13498.5715218153
118.0701168979 -110.9918223738 -13406.7448456924 45.1179029211 13526.5330945464
131.3165435679 -116.7418919819 -13486.2479653108 45.3874714984 13607.3581885166
137.8695561428 -118.5688766392 -13522.4898702057 45.5104877224 13644.2367627797
142.6536360212 -120.0067082381 -13550.4758522488 45.6053211296 13672.6656914024
148.1618738138 -121.4200855338 -13579.8096168692 45.7050017584 13702.5478556463
148.4966921386 -121.4805035185 -13581.6428170839 45.7112219735 13704.4123663280
148.9717713023 -121.5733330566 -13584.2922652935 45.7202071482 13707.1056816919
151.4554114098 -121.9290917476 -13598.0173858013 45.7667539905 13721.0586851796
163.8333760595 -121.6633907218 -13663.6248454461 45.9894846123 13787.8371245828
171.7221819478 -120.0504699890 -13705.7054721527 46.1324145512 13830.6864323832
173.6141209210 -119.7243395800 -13715.4705294690 46.1656149748 13840.6385378005
183.6764932263 -118.2215797924 -13771.6643234186 46.3561036577 13897.7484041026
184.6085639978 -117.9544230786 -13776.9777756296 46.3741226247 13903.1496531672
189.7115189852 -116.5727796420 -13804.3461567261 46.4671092680 13931.0248956748
197.2539503176 -115.1115343757 -13843.9962540961 46.6018326311 13971.4135895052
199.0853838848 -114.7176107508 -13853.4836562822 46.6340946231 13981.0843764428
215.3318051677 -111.9809005823 -13928.7945788502 46.8912327848 14058.1815977370
217.2926147565 -111.5700284412 -13937.5632419476 46.9212395999 14067.1763533833
223.5705876739 -110.0040993427 -13968.2186553169 47.0257545493 14098.5078837480
232.1272880082 -107.1281294475 -14010.2122048316 47.1690454497 14141.4654199032
236.4801605155 -105.5588240927 -14032.7261051977 47.2457208279 14164.4505182208
253.3392159471 -96.5740187620 -14124.6562945160 47.5589722562 14258.3776945271
254.3310315857 -96.0669551423 -14129.8370089743 47.5766506803 14263.6768532409
254.4162928301 -96.0235602259 -14130.2734646754 47.5781413280 14264.1236714278
262.9333745564 -91.9541529298 -14174.9811345475 47.7305605115 14309.8182370286
271.2998709100 -87.5654943130 -14215.9139477528 47.8706930846 14351.8287889468
272.4213338298 -87.0478067134 -14221.6178909842 47.8901630666 14357.6649790655
281.3248293979 -83.0646221964 -14270.1297350572 48.0552257551 14407.1506717483
300.3061946106 -70.0953913039 -14388.0846348603 48.4561348915 14527.3730195823
300.6083565866 -69.8650733745 -14389.9239353601 48.4624005899 14529.2511551853
311.7556274081 -59.0961820923 -14463.2581108643 48.7124559022 14604.2243696394
330.3605798115 -40.0306031524 -14580.1275873864 49.1122515883 14724.1128873853
330.5207329702 -39.8488232467 -14581.0911360159 49.1155661786 14725.1064278476
349.4340779516 -16.6872634726 -14711.6550182457 49.5622675632 14859.0676296727
354.2099536015 -11.4973235917 -14744.4636498359 49.6742131787 14892.6269516810
373.0905517501 10.0278708060 -14865.1132892385 50.0877412839 15016.6356050462
374.7445577705 12.3643331127 -14878.1187515841 50.1321671527 15029.9527256378
375.5753670974 12.7656977465 -14885.6005462363 50.1573163181 15037.4912947363
377.8515656135 13.9585077983 -14904.1954642865 50.2199392434 15056.2635405373
383.7249046103 17.8972854587 -14953.4685818334 50.3859971418 15106.0476718027
384.7364350983 18.4010714094 -14959.8701796555 50.4076837954 15112.5483115287
388.8658990208 20.8011166242 -14986.4766793917 50.4978633823 15139.5819176306
392.8365141316 23.2836966844 -15012.7626171288 50.5869357101 15166.2835617039
393.3244471020 23.5755558482 -15015.8096008188 50.5972763365 15169.3831567658
393.8373818462 23.8708250646 -15018.9037094116 50.6077858585 15172.5333785854
421.1859284585 46.0752133521 -15185.6178787827 51.1761864058 15343.0142284697
436.6120723311 64.1660758672 -15299.8004553153 51.5653117982 15459.7023583407
438.7541428915 67.8337341836 -15318.6655961496 51.6298225082 15479.0405152173
439.2243858096 68.4494744084 -15322.2280061971 51.6419850241 15482.6862223037
450.2806371892 84.9309503259 -15405.7632379948 51.9283954253 15568.5633582239
451.4109208278 86.9435064957 -15415.7855490758 51.9627060907 15578.8482057360
459.7362479131 100.5424343366 -15482.4237984266 52.1912400475 15647.3673763762
466.5758837493 116.1084374638 -15546.3493105028 52.4119202806 15713.5312794739
472.6959299294 137.4924366112 -15627.5732041436 52.6928522068 15797.7653367793
473.2629743374 139.4150740745 -15634.8538139720 52.7180449066 15805.3169314186
473.8989907632 141.5374978054 -15642.6668485708 52.7451377863 15813.4381277452
474.3123000734 142.9243035495 -15647.9577336654 52.7634372109 15818.9233979204
475.0416312511 145.7746485758 -15658.3301812950 52.7994062986 15829.7053608276
476.5878179437 154.8361230433 -15691.9734187829 52.9157587967 15864.5859048626
477.8491521434 162.9863396111 -15722.2140283832 53.0203207251 15895.9314165361
479.1479162628 177.9686389180 -15774.2078601211 53.2008874666 15950.0662410355
480.3794901200 190.2576828139 -15815.1981564475 53.3436881625 15992.8767831113
482.0035259223 206.7196489242 -15869.9529936200 53.5344710347 16050.0751238360
483.0397624414 216.3947302615 -15902.3256723335 53.6472317114 16083.8787463858
483.4310219128 223.3191476263 -15925.0432289144 53.7264698751 16107.6320159738
484.3698022436 239.9141149277 -15982.5562205494 53.9261536299 16167.4995337363
484.3627951211 241.0241760895 -15986.1875697180 53.9388218147 16171.2967937683
484.0347435665 246.4638747145 -16004.0911168681 54.0012563463 16190.0124648850
483.1875715655 254.0340199877 -16029.1112101207 54.0885098774 16216.1687372706
475.8178212438 301.1193512784 -16201.6677859317 54.6853695746 16395.1955852232
474.7895638464 307.5209313908 -16224.7711846241 54.7654184469 16419.1918835523
470.3171477833 330.1371798067 -16310.3500350903 55.0610058373 16507.8222770745
470.2823923565 330.4128605298 -16311.3952453506 55.0646139681 16508.9037927924
470.0699954724 331.9673974068 -16317.1358770157 55.0844680760 16514.8550547903
469.9060795773 333.1624572117 -16321.5349728233 55.0996859310 16519.4165767460
467.9400684178 342.3469461965 -16356.0508771922 55.2190239494 16555.1922163685
460.2899460640 364.8910851260 -16446.9632119470 55.5325592914 16649.2062582290
459.3886579854 367.2680726588 -16456.7278368339 55.5662211126 16659.2965326028
453.2065937961 381.6944737260 -16514.2913864634 55.7652526687 16718.9685403647
449.3673779349 388.9013312102 -16547.4046206421 55.8790305164 16753.0771015728
447.3023417367 392.3625468297 -16564.0633134080 55.9362092415 16770.2171277141
445.2473067225 395.6813826051 -16580.1933732299 55.9915741457 16786.8134022305
443.7840882841 397.9815144527 -16591.8055300686 56.0313665473 16798.7414202555
441.9849771337 400.7969184247 -16606.4782551823 56.0815687917 16813.7900336770
434.3561543572 411.0005613496 -16666.3629256830 56.2858104620 16875.0244950800
431.7465593322 413.9838761787 -16684.8941642658 56.3490297704 16893.9753857031
427.2314377867 418.4161390613 -16713.5609698124 56.4469660960 16923.3343900660
419.0249113014 426.1528526695 -16765.6764200795 56.6248367186 16976.6608091743
418.6113832455 426.5536231226 -16768.5260359870 56.6345357483 16979.5680484409
416.1603976515 428.6677359671 -16783.8265642530 56.6867101960 16995.2078732726
414.3274702282 430.2686325148 -16794.7878582492 56.7241687375 17006.4362595098
405.7938399724 438.4429122021 -16850.6871314748 56.9147493105 17063.5740585142
393.4148245115 451.3237833375 -16924.5162918281 57.1681006117 17139.5367618869
388.3652426544 456.1293286504 -16950.4314986485 57.2576294665 17166.3751137697
386.1424743559 458.2661406638 -16961.7972634594 57.2969179142 17178.1520333288
385.7765789141 458.6058699038 -16963.5967547917 57.3031481776 17180.0195141360
385.0844995452 459.2190993417 -16966.9416201315 57.3147258444 17183.4898661777
378.3058521246 464.9877752857 -16997.2388568578 57.4200687686 17215.0694427539
376.1964723119 466.7625140869 -17006.7561450528 57.4531246445 17224.9780394817
375.7410672639 467.1254958829 -17008.8182752041 57.4602734065 17227.1208357297
372.6478233864 469.3842194311 -17022.0579447410 57.5062543369 17240.9039671589
368.9844123946 471.8589443020 -17037.1806534123 57.5588179292 17256.6604240618
362.2197243605 476.0922111927 -17063.7344666733 57.6513180831 17284.3895808748
361.9522980292 476.2551743219 -17064.7937130413 57.6550031593 17285.4941541885
359.7244029373 477.5473186679 -17073.3836790770 57.6849212001 17294.4621384716
359.2629324388 477.8155260458 -17075.1773523261 57.6911645755 17296.3335478715
350.3041022165 482.8621398351 -17111.5487016324 57.8172514125 17334.1326394217
334.3884471752 492.0144947273 -17176.6852936126 58.0429613431 17401.8054467629
316.8093475824 500.3990448402 -17242.3945195161 58.2715656995 17470.3463211803
299.8660528999 505.9523900297 -17303.2176128587 58.4830318362 17533.7474633708
295.0464391983 507.1822963316 -17319.8601354454 58.5409809237 17551.1183658665
289.1104908643 508.9097240298 -17340.0308505016 58.6113604369 17572.2157456977
273.6965462531 517.3908768631 -17404.2524264367 58.8334789233 17638.8115547756
222.4509620899 542.8423104143 -17621.6026921834 59.5823434199 17863.4812719884
214.0310501021 546.2094682774 -17657.3092122307 59.7052413095 17900.3241937783
204.4656415890 549.4222220214 -17701.4563324894 59.8563092916 17945.6136474527
190.1521351494 552.0145801658 -17769.0671504285 60.0870297421 18014.7893074745
189.9227805525 552.0388273442 -17770.0958807219 60.0905470102 18015.8435756448
187.9667680433 552.2056601319 -17778.6348063303 60.1197775873 18024.6054449837
185.9361271406 552.3631215229 -17787.1789856958 60.1490811035 18033.3891784237
179.2514313521 553.0640051474 -17815.8496753212 60.2473164074 18062.8377294357
168.9068709899 554.1960756157 -17859.8103909921 60.3980075604 18108.0141919050
159.6896195319 555.6333103613 -17901.5744058966 60.5407560658 18150.8090674994
152.4943032856 556.0980771165 -17932.6757220959 60.6472670022 18182.7387713963
147.0951622563 556.1998717725 -17956.1456547986 60.7276124495 18206.8238366553
142.2110758847 556.1251429289 -17978.1344475521 60.8027571331 18229.3497274166
142.1569601236 556.1226643128 -17978.3814501555 60.8036007782 18229.6026009123
107.4620253787 546.0664975013 -18146.1627828451 61.3763251899 18401.3928109514
103.1661388029 544.8354973131 -18166.0970203510 61.4444770089 18421.8222783493
96.6043412467 542.1994901402 -18196.5887571510 61.5489012248 18453.1263278630
91.4905456749 539.9959600359 -18221.2967542754 61.6333930998 18478.4544716496
80.2669403432 534.9425994729 -18272.7724741960 61.8099666186 18531.3920641549
77.7015075930 533.9585982964 -18283.6669996534 61.8474510030 18542.6280973772
68.2340697172 530.1865073511 -18327.8996560696 61.9988704095 18588.0229320461
52.2298964795 522.1134512736 -18401.5985333859 62.2519032167 18663.8907172590
38.2609858004 514.2128798624 -18463.3575592600 62.4647391032 18727.7028850444
11.1112116026 491.7750245737 -18592.0538954853 62.9099579785 18861.2271555568
9.6299977030 490.3977781024 -18600.1445665563 62.9377804928 18869.5669062894
9.5470532164 490.3202083310 -18600.5954929389 62.9393318711 18870.0319136926
-0.9148312256 479.1414869739 -18658.0398514835 63.1376594384 18929.4931480559
-9.3416613165 470.1838184380 -18702.5434423951 63.2916710828 18975.6652789978
-9.7288000518 469.7622966193 -18704.6685752760 63.2990136452 18977.8661407798
-9.7964169061 469.6876425818 -18705.0364430060 63.3002861170 18978.2475488759
-19.0930050593 457.3325063061 -18760.6501590517 63.4928670566 19035.9854566022
-27.6679556268 440.2876401369 -18827.2279197598 63.7239409925 19105.2674112200
-30.1772980000 430.9653076195 -18859.4392017537 63.8361242999 19138.8977586419
-30.4857432586 429.7172941186 -18863.6272901837 63.8507401386 19143.2787510597
-32.7695350649 418.5911621269 -18899.4191367760 63.9760102773 19180.8329006815
-33.0037294138 417.1436823725 -18904.1254229946 63.9924559019 19185.7623686310
-33.7281038952 412.0634031813 -18920.2442050754 64.0488888201 19202.6786331160
-36.1582355810 393.8879122038 -18981.0264417764 64.2606421797 19266.1662465600
-36.2782404461 384.8638610482 -19010.5463466571 64.3636254823 19297.0382364975
-36.2440685122 377.3051367435 -19034.0412617814 64.4459607978 19321.7197824381
-36.2205371434 376.4445700951 -19036.6796145943 64.4552197715 19324.4950559446
-35.6035895807 348.5159407479 -19125.5995304304 64.7660369917 19417.6964010098
-30.8694511316 324.2083472650 -19210.5263387820 65.0611614862 19506.1903410204
-29.2645287002 317.5083150454 -19235.2571976669 65.1468040421 19531.8633321743
-28.9792591102 315.9089887030 -19240.9125933381 65.1664347273 19537.7474845474
-26.6947956135 301.6480829765 -19292.2662481071 65.3443699076 19591.0935361821
-20.8415432030 284.2425934955 -19356.4510565978 65.5671100113 19657.8763983308
-9.1256764193 261.7336074927 -19449.4325990818 65.8886857551 19754.3054189994
-5.5206135087 255.9046435971 -19470.7245346478 65.9633044899 19776.6734591561
4.5707162674 243.2497914453 -19522.0145389316 66.1427473682 19830.4716560258
4.7121529610 243.0870526674 -19522.6932892637 66.1451233809 19831.1838301697
5.5978978723 242.0633070271 -19526.9699551045 66.1600891646 19835.6696752468
7.5345997304 239.9081303048 -19535.9848040501 66.1916803310 19845.1390259867
18.5808666046 229.5784873638 -19583.9126054121 66.3593560263 19895.4085477982
20.2185555595 228.2414012248 -19590.6722391774 66.3829852455 19902.4912510883
22.2106686698 226.6478082291 -19598.5493217063 66.4106087725 19910.7712666621
30.3954504350 220.0523382437 -19630.1532505000 66.5217146468 19944.0784795946
34.7764996257 216.6641531445 -19647.4031965461 66.5821577941 19962.1968175166
47.6445692536 208.0827007972 -19694.3933059664 66.7472077574 20011.6789687736
82.0973483392 195.9495248152 -19818.1961561480 67.1779761004 20140.8706362409
94.4410707334 192.5417168308 -19864.6870502095 67.3388437568 20189.0986576128
105.9649935058 191.3371961311 -19919.1110939059 67.5244758986 20244.7529480790
114.9538437316 192.3630401159 -19960.7642807918 67.6666743128 20287.3828511214
115.6134432690 192.5386484332 -19964.3568986797 67.6788747146 20291.0397653663
142.3345886754 200.7317681837 -20093.6348666245 68.1199662965 20423.3306270218
145.7401909809 202.2110497752 -20112.7097129287 68.1847980428 20442.7645303429
146.5670898118 202.5981221873 -20117.4646100053 68.2009515335 20447.6063538590
148.6442415656 203.7058238126 -20129.9870724092 68.2434612112 20460.3486129667
153.3006617927 206.3732126898 -20159.4767315522 68.3434599582 20490.3256194544
155.6398619931 207.6993922267 -20174.0144057549 68.3927826349 20505.1102102114
155.8433997362 207.8101856393 -20175.2544577753 68.3969914521 20506.3717329687
169.1233148662 214.8457341370 -20249.9729301641 68.6511950911 20582.5918941734
176.5891486388 220.1029555836 -20304.3544975405 68.8351392737 20637.7400748169
178.0677641176 221.2982739959 -20316.1244785430 68.8749155875 20649.6629493046
179.6477331839 222.4483064933 -20327.5251170792 68.9135052123 20661.2300954443
182.9219873222 224.6231135589 -20352.0129136003 68.9962439590 20686.0322949792
193.9910611835 234.6274353826 -20442.2070802295 69.3012321871 20777.4871494623
207.4258682272 249.3216758913 -20541.2248185075 69.6380923304 20878.5040772775
208.7558539921 251.6477146862 -20554.0574771879 69.6818284766 20891.6138838482
209.0220128175 252.1505779145 -20557.0265454902 69.6919146263 20894.6370000856
209.0724769738 252.2457728217 -20557.5775336402 69.6937877548 20895.1984246798
210.9269060683 255.9400556739 -20579.8565383312 69.7693842590 20917.8592420359
211.7041272476 257.6623969773 -20590.4094680072 69.8051519543 20928.5803012458
213.6607838433 263.6919312609 -20626.9213442448 69.9287866028 20965.6438211380
214.3099513457 265.5001260253 -20636.4901946038 69.9613483116 20975.4038590059
225.2887283161 296.5660369732 -20786.6539531680 70.4738610992 21129.1402771095
227.0892739482 305.3076783891 -20828.8364957064 70.6176867607 21172.2580725184
228.3967378219 310.5111011053 -20853.2531613421 70.7010856627 21197.2579098062
234.9895797796 340.5784675394 -20995.4086297136 71.1860227548 21342.7198974872
234.9646507475 340.9276833624 -20997.2362276386 71.1922312721 21344.5807373052
235.0127514075 351.7615958712 -21054.9105130897 71.3879674145 21403.2659059185
232.0564410683 368.9755338200 -21190.0944589357 71.8426950949 21539.6599143642
231.2495315309 371.0504511294 -21205.2633435469 71.8938454711 21554.9920206912
228.4279686005 376.0763119783 -21241.1803297519 72.0152054466 21591.3734025687
220.8076326860 390.2579736140 -21336.9895445988 72.3391951691 21688.5321563130
220.7114042000 390.5051024110 -21338.4562101401 72.3441679596 21690.0226120094
217.4656764218 396.4458678387 -21378.4002637708 72.4793307583 21730.5427409443
205.5982020246 431.5780831270 -21667.0957829140 73.4488452022 22021.5995755053
196.9153923500 439.6691882303 -21749.0250753437 73.7250150497 22104.4116628312
191.8617087328 443.7546130200 -21800.4830262689 73.8980280822 22156.2821469180
184.5084099125 450.0619339365 -21894.9323638933 74.2146949837 22251.2443461581
183.5635171926 450.6170488161 -21903.4963951082 74.2435008375 22259.8784059021
183.5413715474 450.6290814092 -21903.6780611242 74.2441127657 22260.0618119771
183.0997267629 451.0947942294 -21907.5194991350 74.2571074702 22263.9565417833
180.5654875381 453.9210440788 -21929.8772491190 74.3327650583 22286.6350946423
168.9907954988 464.4784297524 -22009.5589605841 74.6036617795 22367.8673906492
158.1531827722 473.3237984268 -22080.9722928876 74.8464438066 22440.6652264578
156.7352068704 474.3794418005 -22089.8086612944 74.8765104327 22449.6769735175
154.2742769200 475.8166145230 -22104.2629965407 74.9256653661 22464.4105205700
154.1992207636 475.8549412366 -22104.7141131172 74.9271965888 22464.8694422176
146.7402302760 479.8680887201 -22147.3561440845 75.0722229966 22508.3472318531
146.5751802473 479.9759141720 -22148.4260485408 75.0758529038 22509.4351527438
135.7933962814 484.8753997736 -22207.3444578781 75.2763503344 22569.5491651076
130.5811995857 486.3516865664 -22231.8288107255 75.3600165159 22594.6286567458
86.1487393767 484.5597925667 -22407.5011542647 75.9648663142 22776.1196595812
82.4031707815 483.0101225907 -22423.8571040763 76.0210863519 22792.9710708546
82.3650855491 482.9932826573 -22424.0301780344 76.0216803078 22793.1490840526
81.6476241165 482.6668402853 -22427.3544466172 76.0330794298 22796.5655612846
66.4922854975 473.8263756430 -22499.2555893596 76.2800461710 22870.6189993881
