X Y Z LocalTime TrackLength
0.0000000000 0.0000000000 -2940.0000000000 0.0000000000 0.0000000000
0.0000000000 0.0283559008 -2879.8522099434 0.2065798909 60.1477989940
0.0021117577 0.2363511771 -2766.5257398375 0.5958047102 173.4744749958
0.0064207377 1.2177361379 -2545.8044854356 1.3538884602 394.1980217048
0.0069911619 1.4671231971 -2507.2440904875 1.4863285183 432.7592236934
0.0080971157 1.8663050783 -2451.6370850306 1.6773180423 488.3676637138
0.0081087037 1.8795770680 -2450.0000000000 1.6829408655 490.0048026074
0.0081828630 1.9605152886 -2439.5231527013 1.7189251171 500.4821128478
-0.0043918329 1.9880379200 -2435.7416090738 1.7319164133 504.2637957721
-0.0502303813 2.1148266209 -2415.8198410096 1.8003634994 524.1865704252
-0.0812050111 2.1392619410 -2411.5491096629 1.8150427959 528.4575079219
-0.0962794678 2.1486256239 -2410.0868472187 1.8200701976 529.9198806240
-0.1377617418 2.1768594975 -2406.0327389692 1.8340095911 533.9743211061
-0.2037989013 2.1970202556 -2400.0000000000 1.8547539346 540.0075049910
-0.3606268080 2.2329819533 -2383.9849144690 1.9098296755 556.0233987980
-0.6289561883 2.3038696183 -2356.5170828963 2.0042913763 583.4926326689
-1.3675270094 2.5611168355 -2281.3360304364 2.2628393688 658.6777575376
-1.4069882266 2.5771719240 -2277.3431159192 2.2765710610 662.6708993213
-2.2967691093 3.0073771307 -2187.2398075100 2.5864387150 752.7796358213
-2.3102788869 3.0149325889 -2185.8698196684 2.5911501572 754.1497111057
-3.2974629636 3.6520762736 -2085.8767332366 2.9350323272 854.1497109674
-4.2857160615 4.4483108206 -1985.8847976367 3.2789145600 954.1497108291
-5.2848824878 5.4056198171 -1885.8943828733 3.6227968681 1054.1497106908
-6.2816692975 6.5264943998 -1785.9056441332 3.9666792791 1154.1497105525
-6.5950230532 6.9094072684 -1754.4440657805 4.0748835256 1185.6151796679
-7.1375013115 7.6081385434 -1700.0000000000 4.2621318849 1240.0664330696
-7.4008062700 7.9641875900 -1673.5810953345 4.3529946638 1266.4890492046
-8.7022588030 9.8487443699 -1546.5647381606 4.7898529499 1393.5260796602
-9.1727406924 10.5721388053 -1500.0000000000 4.9500086430 1440.0988146654
-10.2103987965 12.2407532259 -1400.0193178156 5.2938917069 1540.0988145271
-11.2477519411 14.0748524393 -1300.0415312978 5.6377748390 1640.0988143888
-11.3898006323 14.3372926364 -1286.3717668137 5.6847940631 1653.7718358026
-11.5212935926 14.5832911267 -1273.7155135090 5.7283273720 1666.4311625614
-11.8333956581 15.1783759456 -1243.6314132663 5.8318073811 1696.5227666884
-12.0570342544 15.6130513313 -1222.1136814334 5.9058223720 1718.0460504725
-13.0990891386 17.7326402237 -1122.1415889129 6.2497059092 1818.0460503342
-14.0313368774 19.7754631151 -1032.3215856735 6.5586787031 1907.8941254266
-15.0704777365 22.2116374817 -932.3566820649 6.9025623788 2007.8941252883
-15.2504166778 22.6506461290 -915.0265714762 6.9621801418 2025.2307293836
-15.4062269099 23.0352573035 -900.0000000000 7.0138737828 2040.2630297400
-15.6537847396 23.6539423814 -876.1205987994 7.0960231403 2064.1517273019
-16.0991703596 24.8016723612 -832.5835426035 7.2457999289 2107.7061878568
-16.3383478195 25.4261502652 -809.2874231028 7.3259445693 2131.0119033483
-16.8353049138 26.7527139880 -760.5840731353 7.4934984862 2179.7358524579
-16.8576754520 26.8135463780 -758.3678706082 7.5011229153 2181.9530025794
-17.2139095760 27.7922399644 -723.1555933234 7.6222653723 2217.1806801963
-17.2297436237 27.8368222862 -721.5556795544 7.6277696315 2218.7812933191
-17.4434525560 28.4412280008 -700.0000000000 7.7019290327 2240.3465039166
-17.8467924626 29.5999023960 -659.4481942357 7.8414442101 2280.9168652536
-18.7419394715 32.2724075093 -569.2170352542 8.1518865580 2371.1920393303
-19.2943577036 33.9850803606 -513.5386748204 8.3434558609 2426.8994754876
-19.7491621796 35.4359372328 -467.5789121436 8.5015909076 2472.8843829579
-20.3191947429 37.3088079394 -409.7667539295 8.7005120370 2530.7296806182
-20.3310268642 37.3479912153 -408.5768526286 8.7046063584 2531.9202856888
-20.6102439813 38.2788877121 -380.5206523471 8.8011455130 2559.9933139951
-21.6039422658 41.6945869488 -280.5839554819 9.1450313414 2659.9933138568
-21.9648051454 42.9682321161 -244.4702754405 9.2693046003 2696.1312484583
-22.0145562315 43.1455760103 -239.4932593276 9.2864315750 2701.1116716762
-23.0117163302 46.7905800863 -139.5646976704 9.6303175371 2801.1116715379
-23.3111383728 47.9112384392 -109.6624149883 9.7332246580 2831.0364448169
-23.4080573197 48.2767500678 -100.0000000000 9.7664777935 2840.7062563779
-23.5307581146 48.7416255437 -87.7652712469 9.8085837973 2852.9504286086
-23.7170684478 49.4542402681 -69.1793569207 9.8725483485 2871.5509325832
-23.8874697125 50.1153376420 -52.0721108217 9.9314246320 2888.6717958649
-24.0425149845 50.7197191924 -36.5895165083 9.9847103614 2904.1669578725
-24.1916838686 51.2979541216 -21.8708995257 10.0353673076 2918.8976841028
-24.4137260123 52.1617772138 -0.0931920211 10.1103206480 2940.6936481066
-24.6438861782 53.0732014234 22.8448582714 10.1892676942 2963.6509526226
-24.8284124471 53.8085858160 41.2239289458 10.2525245811 2982.0456552371
-25.0703795247 54.7878362974 65.4418545017 10.3358789641 3006.2845787266
-25.1910641354 55.2787225692 77.5193258696 10.3774481276 3018.3726244724
-25.2474614397 55.5075041685 83.1347854319 10.3967759327 3023.9930255131
-25.3556307868 55.9455487032 93.8506397073 10.4336589720 3034.7183747973
-25.4176214394 56.1984841839 100.0000000000 10.4548247584 3040.8732469729
-25.7182949504 57.4201303222 129.5638035570 10.5565827639 3070.4638083284
-26.4795716443 60.5749199079 204.3962186648 10.8141634379 3145.3665670893
-26.6788720625 61.4266237008 224.2342371464 10.8824502407 3165.2238604774
-27.4951400975 64.9689138146 305.2142398803 11.1612110293 3246.2854166387
-28.1160969201 67.7333317570 366.8243090192 11.3733045214 3307.9606020323
-29.1290373346 72.3293031179 466.7134916988 11.7171924475 3407.9606018939
-30.1474165434 77.0900849484 566.5948997664 12.0610804537 3507.9606017555
-30.2371890421 77.5179599313 575.4013121926 12.0914019524 3516.7778596082
-31.2697940594 82.4523214627 675.2741529732 12.4352900456 3616.7778594698
-31.3495876564 82.8396873907 682.9843324498 12.4618392986 3624.4981759786
-31.5254727592 83.6979419065 700.0000000000 12.5204316731 3641.5363824677
-31.8677436053 85.3821187168 733.1308550584 12.6345179481 3674.7117830198
-32.0291438705 86.1768309889 748.6469118671 12.6879486674 3690.2490169896
-32.1601864238 86.8336702586 761.4261436646 12.7319552695 3703.0457891132
-33.1572478187 91.9514980984 859.2042323140 13.0686804818 3800.9628122454
-33.2067469290 92.2135961647 864.1260865871 13.0856310106 3805.8918887409
-33.2487007316 92.4403795210 868.3773337790 13.1002720617 3810.1493872593
-33.2986688014 92.7105759597 873.4363207444 13.1176949840 3815.2158309925
-33.5605372856 94.1363579924 900.0000000000 13.2091803758 3841.8190357780
-34.5432629757 99.5891742872 999.8463763084 13.5530690383 3941.8190356396
-34.7292676475 100.6385055309 1018.7343010016 13.6181257877 3960.7370005362
-34.9123821277 101.6763873412 1037.3244807123 13.6821579809 3979.3570304473
-35.8924469879 107.3469806571 1137.1587516894 14.0260467907 4079.3570303089
-36.4268853981 110.4917958846 1191.3436879235 14.2127053881 4133.6357829650
-37.4088944359 116.4127618185 1291.1634036006 14.5565943142 4233.6357828266
-38.2170726887 121.3947855390 1373.0284800257 14.8386538449 4315.6563011570
-38.9344281724 125.9115312733 1445.7227711211 15.0891358044 4388.4943142871
-39.3389499880 128.4981722173 1486.7436043568 15.2304890132 4429.5986105424
-39.4703930638 129.3403265114 1500.0000000000 15.2761704610 4442.8823798589
-39.5116578778 129.6037979412 1504.1374606733 15.2904282672 4447.0284262814
-39.6655216972 130.5807360174 1519.4472931708 15.3431868660 4462.3701685540
-40.3870799016 135.2087169932 1591.1522749983 15.5902981366 4534.2279729205
-41.4847396085 142.4093152116 1700.0000000000 15.9654511245 4643.3191480742
-42.5006521474 149.1696607240 1799.7660436588 16.3093407113 4743.3191479358
-43.5085670729 156.0926320050 1899.5210154306 16.6532303736 4843.3191477974
-44.5168833891 163.1723927038 1999.2649781737 16.9971201076 4943.3191476590
-45.5275381267 170.4203064740 2098.9968393816 17.3410099218 5043.3191475206
-46.0959892165 174.5450775235 2154.8191233904 17.5335103999 5099.2965043481
-46.5620183975 177.9579933430 2200.4692454102 17.6909429256 5145.0764007365
-46.6373596835 178.5144578735 2207.8666729532 17.7164551377 5152.4951110963
-47.6528792399 186.0997072608 2307.5733955386 18.0603452807 5252.4951109579
-48.5900115697 193.2797450089 2400.0000000000 18.3791652632 5345.2049268591
-48.7167098325 194.2625151355 2412.5144479474 18.4223359324 5357.7585437801
-49.6302975213 201.4255236451 2502.7595895402 18.7336721578 5448.2921307157
-50.4326127507 207.7958594807 2581.7045733718 19.0060527801 5527.4977884064
-53.2105340016 230.6030728398 2854.7669435793 19.9484070895 5801.5252776625
