X Y Z LocalTime TrackLength
0.0000000000 0.0000000000 -2940.0000000000 0.0000000000 0.0000000000
0.0000000000 0.0048313421 -2915.1725630937 0.0852707734 24.8274375367
0.0002125954 0.0345308078 -2873.4118468789 0.2286995837 66.5881650700
-0.0015309887 0.2214513027 -2770.7128020287 0.5814240173 169.2873912120
-0.0016746870 0.3581892369 -2725.1110391613 0.7380457696 214.8893600700
-0.0012874940 0.5703197619 -2669.0793686807 0.9304901508 270.9214339264
-0.0014282758 0.8507174932 -2608.9123326600 1.1371384967 331.0891255712
-0.0015007071 0.9254128075 -2594.7613280793 1.1857413883 345.2403273285
-0.0003733072 1.8651558233 -2450.0000000000 1.6829410025 490.0047368675
