X Y Z LocalTime TrackLength
0.0000000000 0.0000000000 -2940.0000000000 0.0000000000 0.0000000000
0.0000000000 0.0033514736 -2919.3216494193 0.0710205786 20.6783509453
-0.0029615362 0.2129620239 -2773.0184701731 0.5735050646 166.9817126158
-0.0257034117 1.5955354590 -2484.2475980573 1.5653121862 455.7561426613
-0.0312813554 1.8518683287 -2450.0000000000 1.6829402697 490.0047008651
-0.0315142035 1.8627109284 -2448.6037571813 1.6877358681 491.4009880630
-0.0826702587 2.0292465251 -2418.1625381604 1.7922969467 521.8439781960
-0.0765506820 2.0379112907 -2416.8367962457 1.7968531111 523.1697663445
-0.0576803719 2.0756730282 -2410.3605452594 1.8191109044 529.6462116342
-0.0680756812 2.1301450424 -2403.1264787234 1.8439771627 536.8805625143
-0.0891541526 2.1488823685 -2400.0000000000 1.8547259504 540.0071810464
-0.7303539033 2.5783184077 -2321.3011206072 2.1253125474 618.7098493101
-0.8100860715 2.6387562822 -2311.5206592192 2.1589403886 628.4908224295
-0.9077922869 2.7151041844 -2299.5449812384 2.2001160334 640.4671423693
-1.5163072462 3.2417663498 -2224.9432373137 2.4566183653 715.0732314230
-2.3310219953 4.0948693841 -2124.9502061097 2.8004274891 815.0732312857
-2.3328002193 4.0969196756 -2124.7307958206 2.8011818995 815.2926583596
-3.1429205616 5.1104500933 -2024.7392246989 3.1449911089 915.2926582223
-3.9489342141 6.2828530884 -1924.7493569750 3.4888003981 1015.2926580850
-4.1867211114 6.6599539826 -1895.2362640892 3.5902807477 1044.8091181330
-4.9892266070 8.0330255348 -1795.2489224220 3.9340901251 1144.8091179957
-5.7570389690 9.4981417961 -1700.0000000000 4.2616143426 1240.0724114810
-6.1784124398 10.3664494456 -1647.6205886224 4.4417303297 1292.4607163346
-7.3555899652 13.0489826560 -1500.0000000000 4.9493641953 1440.1104096437
-8.1588850435 15.0674934215 -1400.0236119606 5.2931741325 1540.1104095064
-8.4714734650 15.8944803831 -1361.1363228118 5.4269070794 1579.0077477917
-8.4718390256 15.8954630349 -1361.0907201016 5.4270639075 1579.0533625526
-9.1564247226 17.7975086226 -1275.5351967509 5.7212945372 1664.6327710516
-9.9580474386 20.1737822537 -1175.5666589067 6.0651046829 1764.6327709143
-10.7586603670 22.7086973433 -1075.6020098628 6.4089149084 1864.6327707771
-10.7968254552 22.8329867745 -1070.8511703357 6.4252548999 1869.3853890723
-11.3842077823 24.7878731251 -997.8865584149 6.6762129405 1942.3785517646
-12.1714272100 27.5430712190 -900.0000000000 7.0129014327 2040.3070517855
-12.3001191834 28.0109043746 -883.9165927108 7.0682230472 2056.3977765290
-12.6945612694 29.4795510518 -834.1576492106 7.2393794557 2106.1799536670
-12.8170753301 29.9520636096 -818.3763072413 7.2936633565 2121.9688432800
-13.4305125651 32.3253130613 -740.9602816147 7.5599614784 2199.4236731045
-13.5046998585 32.6267491626 -731.4694914242 7.5926093128 2208.9195388595
-13.7504369643 33.6368156489 -700.0000000000 7.7008639274 2240.4061955198
-14.2014673188 35.5668780088 -641.3290165807 7.9026963939 2299.1106512241
-14.3754774310 36.3285467520 -618.6120296539 7.9808461232 2321.8410696020
-15.1416467890 39.7797528323 -518.6745492228 8.3246573832 2421.8410694647
-15.9151718380 43.3948475659 -418.7429196811 8.6684687261 2521.8410693274
-16.2579319555 45.0539340812 -374.3329824612 8.8212662051 2566.2833089252
-17.0348630248 48.9021753761 -274.4100859318 9.1650776200 2666.2833087879
-17.8116114962 52.9133096673 -174.4935943137 9.5088891206 2766.2833086507
-18.0587137490 54.2276744786 -142.5768262647 9.6187189554 2798.2280847432
-18.2506602387 55.2576813831 -117.8300652112 9.7038774124 2822.9970158565
-18.3894029117 56.0051415015 -100.0000000000 9.7652349556 2840.8432808368
-18.5512220644 56.8870069198 -79.1318011281 9.8370484532 2861.7307317209
-18.5618279678 56.9440617531 -77.7850200514 9.8416831413 2863.0787625101
-18.7662355715 58.0549642685 -51.6746732967 9.9315375441 2889.2135307873
-18.8446858850 58.4830205145 -41.6484216314 9.9660414388 2899.2492225763
-18.8966575996 58.7681463144 -34.9796751582 9.9889910227 2905.9242639589
-19.1090747875 59.9432056490 -7.6706747345 10.0829723253 2933.2593588237
-19.2940820373 60.9676086480 15.8580708301 10.1639460959 2956.8111211712
-19.6202382688 62.7584283033 56.5756243246 10.3040777486 2997.5693432674
-19.7456266789 63.4611164862 72.4416212221 10.3586821539 3013.4513882742
-19.9629918990 64.6908843256 100.0000000000 10.4535284728 3041.0380488151
-20.7620716279 69.2533066129 199.8926604313 10.7973407973 3141.0380486778
-21.5645749177 73.9724289061 299.7780132455 11.1411531955 3241.0380485405
-22.3705948357 78.8531015272 399.6555742901 11.4849656699 3341.0380484032
-23.1709947828 83.8930635397 499.5252692750 11.8287782009 3441.0380482659
-23.9747331475 89.0967586488 599.3865400229 12.1725908307 3541.0380481286
-23.9902343421 89.1982279575 601.3061468563 12.1792001122 3542.9603973952
-24.7045969025 93.9398755177 689.8249015208 12.4839851151 3631.6089438291
-24.7862231029 94.4930315444 700.0000000000 12.5190211893 3641.7993939525
-25.1982648832 97.3093999943 751.3517580529 12.6958461364 3693.2299780891
-25.5471563731 99.6460314845 793.6668270853 12.8415574263 3735.6109496039
-25.9477366663 102.3598972930 841.9483074463 13.0078232200 3783.9703029178
-26.4127618989 105.4665418610 896.6394984800 13.1961686801 3838.7516331658
-26.4417826944 105.6611133230 900.0000000000 13.2077423129 3842.1178878799
-26.7753441184 107.9026238647 938.5457344045 13.3404965356 3880.7301828322
-27.5503404510 113.1776646874 1027.7246259494 13.6476530059 3970.0683199061
-27.6490640204 113.8627279630 1039.1557670546 13.6870267854 3981.5203959341
-28.0596554712 116.7360061332 1086.7281411973 13.8508911629 4029.1812310656
-28.1581030462 117.4307000349 1098.1426031687 13.8902097013 4040.6172371014
-28.5224254763 120.0197293119 1140.3751314592 14.0356888524 4082.9306193620
-29.0106339260 123.5468551039 1197.1325101980 14.2312120955 4139.7995847992
-29.1925761803 124.8680417859 1218.1887568235 14.3037514164 4160.8980246349
-30.0523528454 131.2238768821 1317.9828547333 14.6475651158 4260.8980244976
-30.1941661469 132.2940954251 1334.5428495194 14.7046215174 4277.4931716202
-31.0467681771 138.8358879290 1434.3249914783 15.0484353215 4377.4931714828
-31.0525104869 138.8803842504 1434.9952772096 15.0507450136 4378.1649570575
-31.5877577579 143.0644124709 1497.5514844205 15.2663103469 4440.8632183903
-31.6088304765 143.2298514440 1500.0000000000 15.2747481906 4443.3174071959
-31.6499274252 143.5523977959 1504.7782643096 15.2912145232 4448.1067218620
-31.7650847684 144.4653123006 1518.2732266207 15.3377198195 4461.6330178685
-32.3718569029 149.2815491338 1588.7387018003 15.5805642168 4532.2655048923
-32.5043580286 150.3108949861 1603.5729140951 15.6316910154 4547.1359778608
-33.3681942480 157.0871593287 1700.0000000000 15.9640519994 4643.8047382562
-33.9841933453 162.0842608314 1769.7735513355 16.2045673167 4713.7597199083
-34.8633269081 169.3629862161 1869.5044147334 16.5483817951 4813.7597197710
-34.8656028253 169.3820677606 1869.7631036884 16.5492736560 4814.0191215068
-35.3168559935 173.1934728318 1921.1486606942 16.7264368005 4865.5478131115
-35.4890810477 174.6583775329 1940.7490274911 16.7940162688 4885.2036007853
-35.9885678697 178.9527365587 1997.7347270150 16.9905044792 4942.3530643522
-36.6644382627 184.7938029093 2074.1274747366 17.2539308942 5018.9717794289
-37.2261908592 189.7364526517 2137.8302130110 17.4736170747 5082.8684504998
-37.2919893114 190.3182841999 2145.2737888400 17.4992882517 5090.3350212375
-37.9197247626 195.9054476906 2216.1700414720 17.7438053958 5161.4538628591
-38.1298106220 197.7952813386 2239.9304080413 17.8257582562 5185.2901929837
-38.3582875177 199.8681491481 2265.8548094192 17.9151781477 5211.2983374654
-38.4753458898 200.9354527875 2279.1545200316 17.9610533202 5224.6413184923
-38.8397838923 204.2683851777 2320.5229044398 18.1037504141 5266.1453474934
-39.5417109330 210.7482878914 2400.0000000000 18.3779220003 5345.8892590226
-40.0943449883 215.9282508231 2462.6451331000 18.5940488672 5408.7506180338
-40.5766258533 220.5133778440 2517.4388614584 18.7831037345 5463.7379697484
-41.8195992560 232.5827236184 2658.9205877679 19.2713250257 5605.7390319016
-44.2303518354 256.9259894480 2933.6919015897 20.2197682960 5881.5973371709
