X Y Z LocalTime TrackLength
0.0000000000 0.0000000000 -2940.0000000000 0.0000000000 0.0000000000
0.0000217837 0.0007174880 -2930.9719652889 0.0310071269 9.0280347528
-0.0007719580 0.1122607319 -2820.4527909004 0.4105896764 119.5472793498
-0.0068247400 0.5086236070 -2687.2201630864 0.8681844815 252.7805212418
-0.0032530323 0.9574158531 -2592.5396195760 1.1933723594 347.4621439851
-0.0068328440 1.8875426234 -2450.0000000000 1.6829410885 490.0048281147
-0.0077361398 1.9503525096 -2441.7436780545 1.7112985973 498.2614807733
-0.0037035477 1.9631370719 -2439.5155079347 1.7189541001 500.4896972968
-0.0495992301 2.1198552652 -2412.0443718082 1.8133443900 527.9623677195
-0.1416157849 2.0690782081 -2400.0000000000 1.8547501158 540.0074033550
-0.5180254276 1.0245572521 -2300.0061745914 2.1985875300 640.0074032173
-0.6356894310 0.7338648566 -2268.9176629624 2.3054869228 671.0974968562
-0.6763038081 0.6370393799 -2258.1745894016 2.3424274033 681.8410835292
-0.7396562538 0.4897374082 -2241.3883587208 2.4001474017 698.6280800722
-1.1183624880 -0.2954009648 -2141.3921689565 2.7439849734 798.6280799345
-1.1404659526 -0.3362277607 -2135.5809324460 2.7639668297 804.4395018968
-1.5187251532 -0.9543464566 -2035.5835690943 3.1078045032 904.4395017591
-1.8968410559 -1.4140551903 -1935.5853514889 3.4516422518 1004.4395016215
-2.1519536226 -1.6375150995 -1868.2950552336 3.6830146956 1071.7306557789
-2.5306738404 -1.8336478774 -1768.2959755833 4.0268526007 1171.7306556412
-2.7584773950 -1.8771068234 -1707.5151786986 4.2358415917 1232.5118973765
-2.7863287300 -1.8784299831 -1700.0000000000 4.2616818119 1240.0271278076
-2.7889578130 -1.8785167113 -1699.2887280077 4.2641274523 1240.7384046642
-2.7927029584 -1.8786612864 -1698.2735602694 4.2676180093 1241.7535793210
-2.9463982644 -1.8705053513 -1656.4919533447 4.4112800625 1283.5354709497
-3.3485855400 -1.6888080257 -1550.1128843907 4.7770553000 1389.9155011631
-3.5288219581 -1.5291691968 -1500.0000000000 4.9493646665 1440.0289659387
-3.8857765871 -1.0864110633 -1400.0016281666 5.2932032531 1540.0289658011
-3.9440598596 -0.9973231070 -1383.3458335959 5.3504734833 1556.6851007661
-4.0159542954 -0.8817797686 -1362.8634890906 5.4209012656 1577.1678974344
-4.3677556331 -0.2254534520 -1262.8662726324 5.7647399849 1677.1678972967
-4.7182031843 0.5905027821 -1162.8702265620 6.1085787751 1777.1678971590
-5.0285214030 1.4475523410 -1074.2668240331 6.4132478617 1865.7759955144
-5.0971138419 1.6551165619 -1054.6234453177 6.4807936371 1885.4205906603
-5.4444871433 2.8066826833 -954.6306903051 6.8246326502 1985.4205905227
-5.5762629395 3.2928052285 -916.1822042190 6.9568449219 2023.8723764859
-5.6294172754 3.5053904893 -900.0000000000 7.0124907806 2040.0560643450
-5.6851783041 3.7333848424 -882.9580980625 7.0710930748 2057.0995826545
-5.7653666224 4.0719075224 -857.9930515276 7.1569410310 2082.0670533294
-5.9407415486 4.8398289463 -804.2824405065 7.3416390714 2135.7834424031
-6.0430701948 5.3045071857 -773.5959133792 7.4471641355 2166.4736587131
-6.0726723985 5.4360820158 -765.0171392064 7.4766649972 2175.0534929132
-6.1296631982 5.6923043582 -748.6200379803 7.5330519432 2191.4526950264
-6.1630919893 5.8425654693 -739.1654153520 7.5655649905 2200.9085707363
-6.2610837774 6.2897210009 -711.5497021288 7.6605318125 2228.5280781505
-6.2984372444 6.4789870583 -700.1291827117 7.6998056985 2239.9502268828
-6.2988702521 6.4811668344 -700.0000000000 7.7002499459 2240.0794287103
-6.5982110383 8.0310515570 -610.6959677518 8.0073608537 2329.3974184405
-6.6908688550 8.5407542167 -582.8861699669 8.1029986607 2357.2120413595
-7.0239080926 10.4742808030 -482.9054298850 8.4468387199 2457.2120412218
-7.0562819673 10.6677625735 -473.3119790494 8.4798317478 2466.8074975652
-7.3966437983 12.7713667785 -373.3346974766 8.8236718753 2566.8074974275
-7.4961295182 13.4159006721 -344.1079180767 8.9241903200 2596.0415524201
-7.6711956593 14.5984461849 -292.0620793252 9.1031920792 2648.1011197616
-7.9559262122 16.6222037257 -206.9610228103 9.3958882242 2733.2267188113
-7.9909274535 16.8769332997 -196.5974302502 9.4315334144 2743.5935005321
-8.3157513725 19.3325949811 -100.0000000000 9.7637836978 2840.2226948076
-8.4526869370 20.4151251246 -59.1462663019 9.9043054989 2881.0909988350
-8.5259249269 21.0348813729 -36.3957455721 9.9825604644 2903.8500776016
-8.6811482260 22.3725745657 12.1051405911 10.1493905318 2952.3696577060
-8.8139106308 23.5148452813 52.5788509272 10.2886118964 2992.8597025021
-8.8980844492 24.2635621612 78.4616649041 10.3776453516 3018.7534805076
-8.9556883016 24.7524164778 95.1664011784 10.4351080428 3035.4654676567
-8.9724600724 24.8948094911 100.0000000000 10.4517352578 3040.3011924921
-9.3179474627 27.9232078403 199.9535255465 10.7955764842 3140.3011923543
-9.4355328948 28.9875871424 233.8367835633 10.9121392904 3174.2013683436
-9.5408423006 29.9678082118 264.5102312939 11.0176617423 3204.8906553727
-9.6866736662 31.3573823795 307.2107638081 11.1645624198 3247.6140416168
-9.7194009032 31.6737820050 316.8077482316 11.1975789492 3257.2162960287
-9.8920939917 33.3595968975 367.2195245596 11.3710134482 3307.6565490707
-9.9006644951 33.4445258462 369.7272506797 11.3796410452 3310.1657275567
-10.2470689791 36.9068218263 469.6666840262 11.7234828856 3410.1657274189
-10.5863972749 40.5214818443 569.6007508185 12.0673248021 3510.1657272812
-10.6751252218 41.4930780156 595.8173136970 12.1575307548 3536.4004380905
-11.0113066102 45.2983116848 695.7443120803 12.5013727794 3636.4004379528
-11.0257732316 45.4641883266 700.0000000000 12.5160168212 3640.6593819557
-11.1099270786 46.4359921209 724.7840163557 12.6013006777 3665.4625867181
-11.1519083074 46.9383877815 737.4835434066 12.6450013987 3678.1721167081
-11.1739143372 47.1996462073 744.0377916918 12.6675556995 3684.7316068530
-11.2996501232 48.6763918608 780.8071735871 12.7940870563 3721.5308472828
-11.3191764643 48.9153153867 786.6763601925 12.8142846335 3727.4049274013
-11.3435072352 49.2098000660 793.8814141910 12.8390794909 3734.6160380325
-11.6972394809 53.6434232263 900.0000000000 13.2042806176 3840.8278066717
-11.7640129058 54.4845807484 919.6294806810 13.2718374774 3860.4754151708
-12.1103733722 58.8476816861 1019.5336504830 13.6156802006 3960.4754150331
-12.4575439177 63.3760199822 1119.4304544950 13.9595230005 4060.4754148954
-12.5454584039 64.5527994748 1144.8556979315 14.0470399929 4085.9280287469
-12.6772190470 66.3255161614 1182.7152421597 14.1773607499 4123.8292822772
-12.8694092929 68.9650647972 1238.1896779956 14.3683226039 4179.3668136453
-12.9089536720 69.5051945479 1249.4237771240 14.4069951269 4190.6139593918
-13.1359361164 72.6525777157 1314.0729353317 14.6295513951 4255.3400868566
-13.4801754270 77.6819786640 1413.9457354201 14.9733944682 4355.3400867189
-13.5303007845 78.4796377262 1429.2817314990 15.0261977987 4370.6968946464
-13.5488726718 78.7748485302 1434.9376085334 15.0456717222 4376.3605012181
-13.7617414799 82.2090146693 1500.0000000000 15.2696969331 4441.5138125800
-13.8490635611 83.5792831004 1525.6412502659 15.3579889486 4467.1917991293
-13.8818565644 84.0859558663 1535.0761117676 15.3904770244 4476.6403124907
-13.8863272050 84.1556942340 1536.3783610287 15.3949611937 4477.9444354008
-13.9620359092 85.3497167132 1558.5926224660 15.4714546604 4500.1908922655
-14.1332791021 88.0507278563 1608.4694977010 15.6432064363 4550.1411441820
-14.1522921672 88.3496534009 1613.9423770487 15.6620528639 4555.6222140056
-14.2885922334 90.5268257785 1653.5868554931 15.7985750031 4595.3266648025
-14.3688198998 91.7774286422 1676.1410027589 15.8762461578 4617.9156004528
-14.4527354102 93.1125445821 1700.0000000000 15.9584132372 4641.8120717217
-14.8179365044 98.8089136687 1799.8369462354 16.3022593651 4741.8120715839
-15.1808639906 104.6625434012 1899.6648037141 16.6461055738 4841.8120714461
-15.5420888955 110.6712689592 1999.4834520716 16.9899518509 4941.8120713083
-15.7215779138 113.7789642894 2050.1242692745 17.1644071241 4992.5484733936
-15.9250231995 117.3647853422 2107.7569794498 17.3629595572 5050.2929884961
-16.2439307319 123.1033650890 2198.2764292214 17.6748342676 5140.9947262965
-16.4903832290 127.6739704825 2268.9337621338 17.9182963082 5211.8001668191
-16.6289180588 130.2901927295 2308.8326779917 18.0557828120 5251.7850058546
-16.6404999718 130.5129697990 2312.2149527513 18.0674379177 5255.1746291841
-16.7518555537 132.6621064780 2344.7151263122 18.1794334054 5287.7459738670
-16.8420790815 134.4283330411 2371.2535776495 18.2708873965 5314.3432873493
-16.9401099976 136.3518308705 2400.0000000000 18.3699526403 5343.1541579869
-18.0344660039 158.9454079125 2723.8912243574 19.4863561214 5667.8346624111
-18.1106984646 160.5716083469 2746.3302668215 19.5637149047 5690.3326839139
-18.5424084525 169.9740250551 2873.9591577981 20.0037549612 5818.3081947539
-18.5636039370 170.4362432989 2880.1471273467 20.0250915235 5824.5134394808
-18.7103579186 173.6684049205 2923.1833371301 20.1734879654 5867.6711019872
-18.7383021180 174.2824513072 2931.3156941266 20.2015306201 5875.8266561847
