X Y Z LocalTime TrackLength
0.0000000000 0.0000000000 -2940.0000000000 0.0000000000 0.0000000000
0.0000000000 0.0293359667 -2878.8215948260 0.2101195791 61.1784145784
0.0000529977 0.0330994608 -2875.0519798807 0.2230664721 64.9480314030
0.0006622362 0.1046426454 -2824.3584527932 0.3971755156 115.6416103295
0.0046759895 0.4497098644 -2699.9704367347 0.8243926882 240.0301249096
0.0081024749 0.7176859074 -2636.4610678805 1.0425200830 303.5400618641
0.0159207850 1.3896190770 -2517.9064124695 1.4497074080 422.0966388514
0.0204509090 1.8761558525 -2450.0000000000 1.6829407590 490.0047976619
0.0205707385 1.8872374086 -2448.5649439716 1.6878696653 491.4398988752
0.0744276184 2.0104196057 -2428.8815412627 1.7554777576 511.1242921607
0.0787060951 2.3151861710 -2418.7746763288 1.7902199026 521.2358938576
-0.2659449947 2.8389673440 -2400.0000000000 1.8547749515 540.0215304294
-1.9212588359 5.2454485551 -2300.0426759651 2.1985410544 640.0215302928
-3.5726655868 7.8174875719 -2200.0894103106 2.5423072242 740.0215301561
-4.1249699766 8.7143584417 -2166.6624849153 2.6572747442 773.4650465053
-5.7747611390 11.5016468042 -2066.7149634022 3.0010410204 873.4650463687
-5.8581369728 11.6469266421 -2061.6623239824 3.0184198373 878.5204615736
-6.0807596128 12.0368763925 -2048.1781129974 3.0647997138 892.0121467387
-6.4320281284 12.6571620382 -2026.9324440682 3.1378762873 913.2697711716
-8.0841319398 15.6696440852 -1926.9914947592 3.4816427702 1013.2697710349
-8.5122357130 16.4756832696 -1901.1360495741 3.5705805034 1039.1413196435
-9.1381221942 17.6729709888 -1863.2957555704 3.7007456713 1077.0057241181
-10.7913294080 20.9414444637 -1763.3628689369 4.0445122857 1177.0057239814
-11.4604441261 22.3063293300 -1722.9653491389 4.1834837852 1217.4318329750
-11.8412617946 23.0939711247 -1700.0000000000 4.2624882816 1240.4138404767
-12.3350876066 24.1085083077 -1670.7317308765 4.3631776025 1269.7038516538
-12.7059427546 24.8652796780 -1649.0214314121 4.4378666215 1291.4305023093
-12.7464841177 24.9479670152 -1646.6468351324 4.4460358339 1293.8068836537
-13.2728734046 26.0276513455 -1615.8664934554 4.5519290152 1324.6106540542
-13.3270444170 26.1406254943 -1612.6788490574 4.5628955477 1327.8007597699
-13.7071303109 26.9402096519 -1590.2794630423 4.6399573842 1350.2176352102
-15.2238297290 30.2185204714 -1500.0000000000 4.9505568744 1440.5693422710
-16.9012430835 34.0338691971 -1400.0869015482 5.2943242477 1540.5693421344
-17.7764614815 36.0847021852 -1348.0147996853 5.4734952317 1592.6891644052
-19.4531693059 40.1450807326 -1248.1113471894 5.8172627247 1692.6891642685
-21.1306790708 44.3688306336 -1148.2146818726 6.1610302750 1792.6891641319
-22.8088896316 48.7499451451 -1048.3248060662 6.5047978954 1892.6891639952
-24.4805788864 53.2894163243 -948.4418921116 6.8485655852 1992.6891638586
-25.1832455045 55.2342378579 -906.6084433483 6.9925510856 2034.5736905079
-25.2941184869 55.5451609817 -900.0000000000 7.0152971104 2041.1903731987
-25.3623427454 55.7363974025 -895.9342276519 7.0292913447 2045.2612122687
-25.6523690290 56.5490491690 -878.6978749043 7.0886185812 2062.5191489452
-26.7116392626 59.5705570541 -815.5139642494 7.3061032972 2125.7841361287
-27.8515514577 62.8890450851 -747.9687168125 7.5386153691 2193.4204638205
-28.6462172719 65.2681713647 -700.4184713200 7.7023052648 2241.0368238910
-28.6533122331 65.2894354742 -700.0000000000 7.7037458991 2241.4558951917
-30.3436489480 70.4052723086 -600.1452614105 8.0475142034 2341.4558950550
-31.1122987757 72.7900926298 -554.6218047821 8.2042463194 2387.0482561096
-31.2426121677 73.1975042816 -546.9037507635 8.2308192681 2394.7781541537
-31.6711881643 74.5420873788 -521.5636847897 8.3180654143 2420.1574869585
-33.3575019113 79.9407623352 -421.7237704361 8.6618339293 2520.1574868218
-33.4543289472 80.2562221005 -415.9741986306 8.6816316777 2525.9165202730
-35.1362619585 85.8152468810 -316.1430101759 9.0254002835 2625.9165201363
-36.7901707853 91.5371425619 -216.3205663441 9.3691689665 2725.9165199997
-38.4331689113 97.4243057624 -116.5075425948 9.7129377545 2825.9165198630
-38.7037149398 98.4128918686 -100.0000000000 9.7697948194 2842.4558506156
-38.9261143233 99.2290850652 -86.4259412149 9.8165487359 2856.0562442318
-39.9578537161 103.0689286286 -23.1098606537 10.0346384738 2919.4970467312
-40.0280315537 103.3305942083 -18.8333250327 10.0493693485 2923.7821547529
-40.9402128065 106.7598047011 36.8127793118 10.2410519872 2979.5412865941
-40.9819267172 106.9189886721 39.3697718558 10.2498603250 2982.1035688703
-41.4130527488 108.5653017827 65.7155845272 10.3406178813 3008.5042900881
-41.9729509247 110.7285343358 100.0000000000 10.4587272531 3042.8614473452
-42.6710031547 113.4180043708 142.1565941269 10.6039631792 3085.1095126587
-42.8376325074 114.0651624282 152.2303103026 10.6386696580 3095.2053700661
-44.4863653581 120.5631876419 252.0053331868 10.9824391815 3195.2053699294
-46.1353226393 127.2208322613 351.7698286308 11.3262087929 3295.2053697927
-47.1811140088 131.5374363407 415.1615073620 11.5446644123 3358.7524549435
-48.6313302095 137.6310223827 503.1362239368 11.8478604956 3446.9498866743
-49.0904667039 139.5796707546 530.9167333873 11.9436092020 3474.8024405090
-50.7366984955 146.6766902145 630.6509806587 12.2873791601 3574.8024403723
-51.8807290806 151.7032488559 700.0000000000 12.5264380933 3644.3428033329
-52.3206764221 153.6524535429 726.6151354386 12.6181904813 3671.0328465464
-52.7044592019 155.3556443083 749.7310722373 12.6978825168 3694.2146215858
-54.2130161330 162.1353605354 840.6411935248 13.0113152575 3785.3896858074
-55.1940220905 166.6374770799 900.0000000000 13.2159871365 3844.9270665875
-56.8555124556 174.3507878236 999.6882246314 13.5597576433 3944.9270664508
-57.1577505883 175.7684241696 1017.7984037553 13.6222142037 3963.0951602134
-58.1989850522 180.6879256838 1080.1444702046 13.8372376445 4025.6436853214
-59.8643024496 188.6758982302 1179.8109984653 14.1810083322 4125.6436851847
-60.2780765379 190.6854928894 1204.5661800195 14.2664012105 4150.4837476184
-61.9324108946 198.8097640566 1303.4324165831 14.6074675201 4249.6970299952
-63.5181217600 206.7394373877 1398.1395847647 14.9342279121 4344.7488245184
-64.1631695725 210.0009137843 1436.5830021877 15.0668785127 4383.3357355863
-65.2295248972 215.4328681750 1500.0000000000 15.2857168030 4446.9938788567
-65.9302965522 219.0299730392 1541.5788954167 15.4292071762 4488.7339661758
-66.1439024189 220.1225360652 1554.1926361348 15.4727381446 4501.3967375050
-66.2080577259 220.4526794991 1557.9989773635 15.4858742321 4505.2179080276
-67.0781260354 224.9634857306 1609.7541959263 15.6644934019 4557.1766153592
-67.8727338505 229.0836854003 1656.6778357062 15.8264472039 4604.2875013105
-68.5970827810 232.9307174463 1700.0000000000 15.9759832857 4647.7861722521
-69.1614538683 235.9087864231 1733.2147357211 16.0906405974 4681.1389248404
-69.7959802674 239.2858040460 1770.6108926664 16.2197395488 4718.6926136231
-70.3234680974 242.1124174625 1801.7232473841 16.3271508353 4749.9375591893
-72.0117663250 251.2606742581 1901.2895915445 16.6709225908 4849.9375590526
-72.4657949237 253.7430290552 1928.0127311971 16.7631979212 4876.7795863869
-74.1567012496 263.0885455190 2027.5607095822 17.1069698817 4976.7795862502
-75.3889356738 269.9957799387 2099.9876286673 17.3571189845 5049.5455669532
-76.1644194016 274.4009302499 2145.6737953535 17.5149262177 5095.4501707089
-76.2520377924 274.8998759617 2150.8269998758 17.5327268930 5100.6282148062
-77.1644283874 280.1200144113 2204.4852700095 17.7180865019 5154.5475289404
-78.8583914712 289.9227468938 2303.9892134873 18.0618587472 5254.5475288037
-79.0220667163 290.8771607317 2313.5903498206 18.0950322431 5264.1973741154
-80.0397989903 296.8450000541 2373.2823549795 18.3012895260 5324.1955961069
-80.2765330537 298.2372361355 2387.1334858069 18.3491527391 5338.1185336674
-80.4963654176 299.5332009573 2400.0000000000 18.3936144906 5351.0520188574
-81.4023682267 304.9002122055 2453.0007301809 18.5767746469 5404.3315010532
-81.6641873823 306.4604616087 2468.3228569685 18.6297279411 5419.7350882314
-82.1462506698 309.3431009897 2496.5357707708 18.7272352116 5448.0989827806
-86.6955947282 337.0247973875 2761.3642517599 19.6427376839 5714.4093353378
-88.6371636090 349.1977442122 2874.5076203943 20.0339956676 5828.2222333831
-88.7074468477 349.6433859933 2878.6126518205 20.0481926283 5832.3519814802
-89.6177242350 355.4334226686 2931.7193145497 20.2318675592 5885.7811021011
