X Y Z LocalTime TrackLength
0.0000000000 0.0000000000 -2940.0000000000 0.0000000000 0.0000000000
0.0000341044 0.0002445096 -2934.5973641541 0.0185555572 5.4026358540
0.0080614846 1.8822015303 -2450.0000000000 1.6829401270 490.0048218959
0.0094184439 1.9584513675 -2440.2622539248 1.7163858442 499.7429958665
0.0344802272 2.0866808759 -2428.9427123329 1.7552736908 511.0634682590
-0.4695907236 2.8703116026 -2400.0000000000 1.8547684813 540.0223395245
-2.0255064775 4.2891714013 -2344.6499594311 2.0451797479 595.4124219321
-4.1765765125 6.3390121487 -2267.9418827007 2.3090724546 672.1780309320
-4.6454028277 6.7986663994 -2251.1918197227 2.3666974100 688.9409570321
-7.4442905130 9.6338487967 -2151.2712221769 2.7104617586 788.9409568955
-10.2475442054 12.6294921122 -2051.3554289545 3.0542261886 888.9409567589
-11.5774311750 14.1074996574 -2003.9643550667 3.2172831907 936.3737207334
-12.2898695019 14.9137674823 -1978.5910220034 3.3045860948 961.7698557917
-12.7927125671 15.4882982489 -1960.7039505261 3.3661314975 979.6732148479
-15.6019041597 18.7902788634 -1860.7979786726 3.7098960668 1079.6732147113
-18.4076531900 22.2509441081 -1760.8972809082 4.0536607128 1179.6732145746
-20.1206317707 24.4407226161 -1700.0000000000 4.2632221424 1240.6339276811
-20.3321815973 24.7149001899 -1692.4909446089 4.2890630660 1248.1509643159
-21.0428965074 25.6432186467 -1667.2733648513 4.3758453493 1273.3956317888
-22.4271296196 27.4888596243 -1618.1290276185 4.5449723632 1322.5940927342
-23.8432182419 29.4424831904 -1567.3883095981 4.7195982587 1373.3921500404
-25.6955321242 32.0793466807 -1500.6232463823 4.9493803745 1440.2349384684
-25.7128624634 32.1046679692 -1500.0000000000 4.9515254734 1440.8589397280
-28.4901548005 36.2144768965 -1400.1231059600 5.2952906315 1540.8589395914
-28.7144944557 36.5534246704 -1392.0702945053 5.3230086400 1548.9220026743
-31.4965582074 40.8434804039 -1292.2011131314 5.6667739054 1648.9220025376
-34.2742276928 45.2846582340 -1192.3384157070 6.0105392527 1748.9220024010
-34.6382100059 45.8765887477 -1179.2804695020 6.0554914684 1761.9984248637
-37.4209101315 50.4924600534 -1079.4258343704 6.3992568848 1861.9984247270
-40.0381676986 54.9753451279 -985.5354131378 6.7225126901 1956.0322439577
-42.4245368152 59.1878481680 -900.0000000000 7.0170246325 2041.7045731773
-42.4267695242 59.1918411192 -899.9200331250 7.0172999806 2041.7846708037
-43.8778900929 61.8103128262 -847.9446078917 7.1962697786 2093.8462420631
-45.0346144215 63.9412068014 -806.3040366588 7.3396582570 2135.5573436259
-46.8512219108 67.3243243659 -741.1563685995 7.5640027805 2200.8180878259
-47.2561629886 68.0812171333 -726.7484077877 7.6136203676 2215.2515974789
-47.7843090676 69.0738737032 -707.9343910154 7.6784120905 2234.0991845427
-48.0067751492 69.4957231215 -700.0000000000 7.7057371148 2242.0478957058
-50.8012405948 74.8875119177 -600.1845832482 8.0495038566 2342.0478955692
-53.3704797810 79.9701940703 -508.6891850835 8.3646434209 2433.7203780093
-53.9167578134 81.0695467858 -489.2360997338 8.4316497120 2453.2121590834
-55.2032915236 83.6794316065 -443.4827959101 8.5892521932 2499.0578957791
-57.9873566254 89.4632663703 -343.6890381909 8.9330286673 2599.0578956423
-60.7744243225 95.4056380541 -243.9046791199 9.2768052115 2699.0578955055
-63.5571491885 101.5104051982 -144.1300024570 9.6205818339 2799.0578953687
-64.2417436728 103.0311187956 -119.6529393424 9.7049233577 2823.5917060391
-64.7906125124 104.2586692994 -100.0000000000 9.7726435465 2843.2905934521
-65.2414349785 105.2714756995 -83.8601746413 9.8282592471 2859.4684481807
-65.9369498484 106.8434078396 -58.9028810358 9.9142598910 2884.4848674157
-66.0882302694 107.1875985524 -53.4571844294 9.9330254994 2889.9435270148
-66.7672410454 108.7390692333 -28.9963126393 10.0173176359 2914.4629556418
-67.3769851517 110.1403921146 -7.0515049561 10.0929415540 2936.4609120879
-67.4760405465 110.3699863737 -3.4746231255 10.1052680643 2940.0465234924
-67.7393140582 110.9828627739 6.0635234505 10.1381381135 2949.6079653846
-68.2235559230 112.1160565682 23.6153863000 10.1986259462 2967.2030360663
-68.7484945610 113.3461464806 42.5648548401 10.2639319451 2986.1996422254
-69.9582292152 116.1946725919 86.1218621020 10.4140485181 3029.8664552521
-70.3437503446 117.1075035573 100.0000000000 10.4618798725 3043.7799235608
-73.1215513135 123.7721788070 199.7389781789 10.8056572715 3143.7799234240
-73.7249608112 125.2432153153 221.4100979097 10.8803579495 3165.5092927775
-74.3157179723 126.6896272050 242.6063771632 10.9534236805 3186.7630773815
-76.6043848179 132.3590129668 324.6793339787 11.2363538881 3269.0634488862
-77.7576534758 135.2531959286 366.0241064747 11.3788909436 3310.5254387060
-79.9796581485 140.8859862557 445.5457230428 11.6530611752 3390.2772662488
-82.7686411089 148.0948809225 545.2465317352 11.9968404917 3490.2772661120
-85.5628384401 155.4633308067 644.9355293717 12.3406198810 3590.2772659752
-86.3991570748 157.6965802279 674.7294214006 12.4433727337 3620.1664421312
-86.5292021127 158.0450743052 679.3609634747 12.4593462927 3624.8128968915
-87.1080661389 159.6021367614 700.0000000000 12.5305285251 3645.5186777205
-87.6906230218 161.1770442086 720.7817785660 12.6022048691 3666.3681869353
-91.2519412779 170.9189140871 847.4613162453 13.0391607114 3793.4716841632
-91.2655838236 170.9567387286 847.9445693128 13.0408277794 3793.9566071981
-91.7930744625 172.4234913051 866.6371208116 13.1053120800 3812.7140349701
-91.9468737084 172.8498739642 872.0585923528 13.1240150493 3818.1544219167
-92.0515936009 173.1402235755 875.7444585716 13.1367306783 3821.8531891378
-92.7402362698 175.0560084450 900.0000000000 13.2204096163 3846.1940141969
-94.7043135309 180.5221949951 968.4726865825 13.4566505910 3914.9126148747
-95.3452644848 182.3225063050 990.8227670548 13.5337661160 3937.3442452556
-95.8161611303 183.6506389608 1007.2439442374 13.5904263651 3953.8257725354
-97.2375376261 187.6877529548 1056.8329489467 13.7615374279 4003.5991401142
-99.9725268860 195.5783008421 1152.3546110026 14.0911748092 4099.4851695223
-100.5331260761 197.2116325431 1171.9049971936 14.1586468998 4119.1116732186
-100.9097674464 198.3123518427 1185.0439127439 14.2039926536 4132.3019933063
-103.7637928627 206.7488565086 1284.6465119567 14.5477732136 4232.3019931695
-104.2352138610 208.1574813041 1301.1012074636 14.6045712965 4248.8235992986
-105.0216752710 210.5165682467 1328.5483673769 14.6993157992 4276.3831786226
-107.8762404134 219.1825313497 1428.1312493562 15.0430964980 4376.3831784858
-109.9390659418 225.5361259189 1500.0000000000 15.2912324406 4448.5617162366
-109.9612186190 225.6047245265 1500.7711534259 15.2938950763 4449.3362316440
-112.4324823849 233.3089854504 1586.7391430512 15.5907426710 4535.6841300378
-113.3350381249 236.1679217328 1618.2888213542 15.6996931025 4567.3759329795
-115.6601773044 243.6486150445 1700.0000000000 15.9818887857 4649.4617723671
-117.4291845234 249.5130606212 1763.1118721343 16.1998751981 4712.8702094133
-120.2214518490 258.8971844664 1862.6314144593 16.5436566666 4812.8702092764
-120.4585024261 259.7025347201 1871.0946096798 16.5728943614 4821.3749406319
-121.5082342962 263.2879864455 1908.6255121284 16.7025563458 4859.0913307455
-122.4794320270 266.6281241557 1943.3866894294 16.8226557016 4894.0261160514
-124.4636998733 273.5080002044 2014.3614405492 17.0678923959 4965.3611415507
-126.3992010556 280.2900476113 2083.5384849205 17.3069432056 5034.8967892382
-129.1817167672 290.1653446760 2183.0107622427 17.6507258944 5134.8967891013
-129.3495460737 290.7666610897 2189.0131308369 17.6714723162 5140.9315365601
-131.2715056857 297.6789305761 2257.6160476062 17.9086037533 5209.9085912319
-134.0595128353 307.8333560946 2357.0600645196 18.2523868951 5309.9085910950
-134.5527213952 309.6474574743 2374.6703203782 18.3132719966 5327.6189082065
-135.2621925908 312.2654353909 2400.0000000000 18.4008490404 5353.0934020505
-139.3373067654 327.5030305035 2545.4409616875 18.9037826255 5499.3871952858
-140.1161597361 330.4581700129 2573.2731542239 19.0000401628 5527.3866669974
-143.7656060579 344.4766958461 2703.6444690460 19.4509934001 5658.5603059419
-147.0236702309 357.2170148758 2819.9521351940 19.8533877303 5775.6090475534
-149.2905063081 366.2155051377 2900.8695264724 20.1333917961 5857.0568008885
