X Y Z LocalTime TrackLength
-98.8200000000 2.6200556304 -1.5755561252 0.0000000000 0.0000000000
-82.3500000000 2.6200556304 -1.5755561252 0.0551905847 16.4700000000
-81.8500000000 2.6200556304 -1.5755561252 0.0568660730 16.9700039256
-81.3664941955 2.6207420621 -1.5766190616 0.0584863016 17.4535150621
-80.6002737624 2.6237238260 -1.5791167455 0.0610539409 18.2197454561
-80.1200000000 2.6253443392 -1.5808405404 0.0626633602 18.7000286748
-79.7535602774 2.6283244717 -1.5817362106 0.0638913539 19.0664837000
-78.7609005119 2.6365268159 -1.5796231761 0.0672179151 20.0591800328
-78.3900000000 2.6398704226 -1.5792922582 0.0684608691 20.4300979446
-77.9296965289 2.6432339483 -1.5788000985 0.0700034122 20.8904173257
-77.1122345839 2.6516895397 -1.5815696620 0.0727429440 21.7079275440
-76.6600000000 2.6564968911 -1.5832224735 0.0742585109 22.1601938726
-76.2754548253 2.6598014646 -1.5846020819 0.0755472106 22.5447580239
-75.3220567422 2.6716111044 -1.5834263182 0.0787423975 23.4982305428
-74.9300000000 2.6764748495 -1.5830157101 0.0800563244 23.8903201239
-74.5026611451 2.6801798045 -1.5819319778 0.0814884476 24.3176793417
-73.6212744963 2.6877391140 -1.5837794590 0.0844422107 25.1991002232
-73.2000000000 2.6914082413 -1.5843307390 0.0858540165 25.6203938570
-72.7928211077 2.6935964109 -1.5867007347 0.0872185792 26.0275881601
-71.8845396898 2.7035432655 -1.5910652404 0.0902626002 26.9359344206
-71.4700000000 2.7089808190 -1.5931000165 0.0916519301 27.3505174130
-71.0671017036 2.7124046055 -1.5931594685 0.0930021650 27.7534328429
-70.1360524774 2.7223599977 -1.5904684655 0.0961224848 28.6845397211
-69.7400000000 2.7266099765 -1.5893496469 0.0974498179 29.0806191242
-69.3005161142 2.7342001971 -1.5889663875 0.0989228425 29.5201718255
-68.4664260463 2.7527464918 -1.5928765309 0.1017187823 30.3544755143
-68.0100000000 2.7627348232 -1.5949044693 0.1032487519 30.8110185027
-67.6435989653 2.7717481010 -1.5977436251 0.1044770589 31.1775432842
-66.6311892361 2.8025031938 -1.6059287343 0.1078715814 32.1904499087
-66.2800000000 2.8131061438 -1.6084078204 0.1090490773 32.5418096133
-65.7325869464 2.8297938385 -1.6144385828 0.1108845753 33.0895143786
-65.1273816374 2.8488133532 -1.6214236367 0.1129139300 33.6950572095
-64.5500000000 2.8671540551 -1.6277675534 0.1148500004 34.2727695898
-64.0500000000 2.8854823621 -1.6313037068 0.1165268257 34.7731214274
-63.5500000000 2.9070113080 -1.6336734847 0.1182040665 35.2735939472
-61.8200000000 2.9899617660 -1.6340391388 0.1240085709 37.0056297969
-61.5172293631 3.0074894068 -1.6316149098 0.1250250104 37.3089190868
-60.3932348789 3.0759603883 -1.6271265895 0.1287989909 38.4350063489
-60.0900000000 3.0945637611 -1.6261248455 0.1298171741 38.7388147473
-58.3600000000 3.2044077541 -1.6211928153 0.1356268473 40.4723554128
-58.0562383474 3.2227815444 -1.6224114653 0.1366467673 40.7766759054
-56.9333352998 3.2897279637 -1.6261993916 0.1404168757 41.9015794249
-56.6300000000 3.3076522165 -1.6276206610 0.1414352875 42.2054483352
-54.9000000000 3.4122570853 -1.6381221627 0.1472440864 43.9386861354
-54.5980627214 3.4289528168 -1.6407520397 0.1482576347 44.2410970271
-53.4714390401 3.4965421857 -1.6472005654 0.1520404609 45.3697649747
-53.1700000000 3.5145919936 -1.6490679768 0.1530525888 45.6717507580
-51.4400000000 3.6140007299 -1.6651881268 0.1588606622 47.4047250611
-51.1397671596 3.6326166607 -1.6712810152 0.1598690738 47.7055963931
-50.0107300454 3.6997175799 -1.7162126864 0.1636628940 48.8375180822
-49.7100000000 3.7176607096 -1.7278738473 0.1646733866 49.1390090205
-47.9800000000 3.8114599506 -1.7919862656 0.1704842652 50.8727811579
-47.6683062087 3.8276300918 -1.8018557581 0.1715309037 51.1850508144
-46.5697789585 3.8846691568 -1.8356857478 0.1752195886 52.2855781961
-46.2500000000 3.9011742198 -1.8454430458 0.1762933290 52.6059321769
-45.7500000000 3.9272245106 -1.8597518128 0.1779726771 53.1068175339
-45.2500000000 3.9522642056 -1.8763400793 0.1796520989 53.6077221776
-44.7750235585 3.9787132294 -1.8933483286 0.1812480950 54.0837409798
-43.9503637542 4.0265064629 -1.9298387856 0.1840203934 54.9105902729
-43.5200000000 4.0511755294 -1.9488987037 0.1854671186 55.3420845341
-43.0893840495 4.0737969659 -1.9646126145 0.1869138634 55.7735828846
-42.2603198538 4.1167926937 -1.9923927998 0.1896989243 56.6042260283
-41.7900000000 4.1411595243 -2.0085198493 0.1912788971 57.0754555172
-41.4418913961 4.1593590684 -2.0208327656 0.1924483986 57.4242583048
-40.3868141990 4.2155085944 -2.0625930431 0.1959937741 58.4816537068
-40.0600000000 4.2329161962 -2.0754422959 0.1970919653 58.8091847573
-38.3300000000 4.3289822968 -2.1548060768 0.2029076266 60.5437201218
-38.0282854986 4.3435176505 -2.1700951885 0.2039217929 60.8461728748
-36.9002835160 4.4053967246 -2.2202468698 0.2077135918 61.9769837557
-36.6000000000 4.4218977025 -2.2336160003 0.2087230100 62.2780189480
-34.8700000000 4.5137421106 -2.3083642421 0.2145376674 64.0121213099
-34.5513388648 4.5315098774 -2.3258728632 0.2156095015 64.3317591472
-33.4780128355 4.5912388733 -2.3846920741 0.2192196538 65.4083540149
-33.1400000000 4.6099836475 -2.4030766682 0.2203565305 65.7473871244
-32.6456393254 4.6360595112 -2.4314839170 0.2220193169 66.2432538625
-31.8567250923 4.6826696410 -2.4740222683 0.2246732646 67.0346879263
-31.4100000000 4.7088886501 -2.4981224169 0.2261760405 67.4828339188
-30.9897551212 4.7359506883 -2.5181297882 0.2275897826 67.9044266200
-30.1519702723 4.7933973185 -2.5561291233 0.2304086726 68.7450381549
-29.6800000000 4.8260443845 -2.5779308799 0.2319968298 69.2186404233
-29.3392119612 4.8517232941 -2.5946267808 0.2331442291 69.5608024788
-28.2656167492 4.9305794036 -2.6503757854 0.2367589732 70.6387326295
-27.9500000000 4.9537433033 -2.6667933127 0.2378216381 70.9556245289
-27.4500000000 4.9890584142 -2.6917129134 0.2395046821 71.4574921345
-26.9500000000 5.0249942154 -2.7148571981 0.2411875950 71.9593180287
-26.5112926741 5.0559792999 -2.7333093257 0.2426638108 72.3995062810
-25.6892012920 5.1154218800 -2.7656976968 0.2454301426 73.2243801356
-25.2200000000 5.1497546689 -2.7840430568 0.2470090741 73.6951944543
-24.8661104991 5.1759034706 -2.7966866746 0.2481999055 74.0502737980
-23.8279481296 5.2513829624 -2.8339285730 0.2516930583 75.0918426504
-23.4900000000 5.2760324791 -2.8461039962 0.2528301877 75.4309071011
-22.8749314784 5.3221534864 -2.8692141759 0.2549002168 76.0481379697
-22.4109335008 5.3536858055 -2.8853771690 0.2564608951 76.5134827337
-21.7600000000 5.3984053778 -2.9069436309 0.2586503327 77.1663109807
-21.4469748408 5.4217696899 -2.9168816964 0.2597036084 77.4803638498
-20.3366242334 5.5028836743 -2.9512358515 0.2634392572 78.5942034786
-20.0300000000 5.5251219320 -2.9609442540 0.2644708385 78.9017860915
-18.3000000000 5.6542615325 -3.0124477457 0.2702917050 80.6374083985
-17.9997763777 5.6767092150 -3.0216052455 0.2713019092 80.9386089455
-16.8703675606 5.7624411561 -3.0578766621 0.2751027429 82.0718478655
-16.5700000000 5.7853357038 -3.0675671209 0.2761136021 82.3732420658
-14.8400000000 5.9141163677 -3.1259052977 0.2819352778 84.1090540054
-14.5309523467 5.9360033354 -3.1382074387 0.2829752446 84.4191198576
-13.4284410347 6.0173736342 -3.1806722651 0.2866859167 85.5254453644
-13.1100000000 6.0409505255 -3.1927778723 0.2877576720 85.8449871657
-12.5133695411 6.0853993791 -3.2153050791 0.2897657688 86.4436976812
-11.9329732093 6.1271173853 -3.2414752853 0.2917194695 87.0261796595
-11.3800000000 6.1668549794 -3.2662577318 0.2935808276 87.5811353908
-11.0248395252 6.1909108241 -3.2809926253 0.2947758265 87.9374151360
-10.0271991490 6.2550874975 -3.3225882842 0.2981318686 88.9379827601
-9.6500000000 6.2793345521 -3.3387518143 0.2994008146 89.3163072494
-9.1500000000 6.3127152304 -3.3608833119 0.3010832672 89.8179115937
-8.6500000000 6.3459477625 -3.3824290718 0.3027656108 90.3194804922
-6.9200000000 6.4536382481 -3.4623539066 0.3085858013 92.0547250844
-6.6167123933 6.4733620339 -3.4763225548 0.3096063366 92.3589751213
-5.5067600768 6.5490942407 -3.5305265072 0.3133425282 93.4728279642
-5.1900000000 6.5707812199 -3.5460285019 0.3144087903 93.7907087962
-4.6243376932 6.6083111589 -3.5741176207 0.3163127005 94.3583153048
-3.9669752574 6.6504150155 -3.6073166791 0.3185250378 95.0178609065
-3.4600000000 6.6828250064 -3.6329718156 0.3202312474 95.5265231715
-3.0737403602 6.7125544409 -3.6522963711 0.3215323413 95.9144076765
-2.1643312720 6.7782177146 -3.6991784519 0.3245948226 96.8273889483
-1.7300000000 6.8096341142 -3.7215374783 0.3260574609 97.2634307919
-1.3700629983 6.8342484103 -3.7401571704 0.3272692622 97.6246904833
-0.3290304566 6.9087217894 -3.7908856535 0.3307743748 98.6696157869
-0.0000000000 6.9322746015 -3.8070908308 0.3318822359 98.9998867752
1.7300000000 7.0574564657 -3.8885246938 0.3377069561 100.7363703472
2.0300242567 7.0822645981 -3.9035086378 0.3387180841 101.0377907425
3.1532455051 7.1746031345 -3.9588159601 0.3425032759 102.1661576532
3.4600000000 7.1996084111 -3.9739070970 0.3435369565 102.4742990431
4.0844462901 7.2512672618 -4.0074398004 0.3456418739 103.1017788497
4.6466821697 7.2980157896 -4.0402852607 0.3475376779 103.6669102519
5.1900000000 7.3430802419 -4.0717665454 0.3493696038 104.2130051231
5.5693917595 7.3763072658 -4.0937639454 0.3506493321 104.5944841664
6.4838169460 7.4553872474 -4.1453906343 0.3537332629 105.5137734084
6.9200000000 7.4931725193 -4.1701594809 0.3552043436 105.9522909100
7.2730186937 7.5235436400 -4.1896095833 0.3563947767 106.3071470609
8.3303870596 7.6149264413 -4.2483374827 0.3599606367 107.3700808074
8.6500000000 7.6422671078 -4.2661268084 0.3610384174 107.6913537846
9.1500000000 7.6842803838 -4.2939057992 0.3627242721 108.1938860345
9.6500000000 7.7250924286 -4.3233952496 0.3644101361 108.6964179328
11.3800000000 7.8587683686 -4.4255284834 0.3702412905 110.4346342250
11.6828667184 7.8829360464 -4.4443434136 0.3712625474 110.7390470873
12.7949134474 7.9776737769 -4.5171927154 0.3750148057 111.8574972565
13.1100000000 8.0041539610 -4.5376940259 0.3760778358 112.1743599288
13.6881535863 8.0510971070 -4.5757309223 0.3780280428 112.7556686269
14.3166297569 8.1021479326 -4.6124843234 0.3801470649 113.3872851282
14.8400000000 8.1447070340 -4.6427785373 0.3819116506 113.9132593512
15.2141753058 8.1753911085 -4.6673501733 0.3831738964 114.2894966013
16.1539886023 8.2540503689 -4.7304784761 0.3863450373 115.2347065509
16.5700000000 8.2890518050 -4.7583222786 0.3877487831 115.6531185035
16.9429366813 8.3210480698 -4.7848334906 0.3890077215 116.0283657188
17.9609163498 8.4077452232 -4.8560127293 0.3924437096 117.0525072861
18.3000000000 8.4367294039 -4.8797413412 0.3935882559 117.3936559784
18.9942286906 8.4985584428 -4.9260741916 0.3959320041 118.0921784968
19.2553756872 8.5218395470 -4.9452250534 0.3968140616 118.3550574763
20.0300000000 8.5921001195 -5.0006342105 0.3994304986 119.1348442926
20.3313467004 8.6178251467 -5.0235133625 0.4004482174 119.4381530457
21.4579302804 8.7141945200 -5.1108166578 0.4042534769 120.5722165922
21.7600000000 8.7406850076 -5.1339529041 0.4052738978 120.8763288918
22.4790185743 8.8047437061 -5.1916846252 0.4077038119 121.6005109360
22.8505040997 8.8404761133 -5.2194528004 0.4089595349 121.9747426761
23.4900000000 8.9020002902 -5.2673109772 0.4111212221 122.6189786083
23.8393914642 8.9353532971 -5.2935256215 0.4123022131 122.9709380806
24.8279663864 9.0317681029 -5.3715757146 0.4156454018 123.9672655539
25.2200000000 9.0705122621 -5.4020306201 0.4169712308 124.3623871007
25.6095563708 9.1082616270 -5.4322487011 0.4182884333 124.7549360538
26.6019944019 9.2052684520 -5.5095925880 0.4216445356 125.7550990862
26.9500000000 9.2391165024 -5.5367324752 0.4228213294 126.1058010481
27.4500000000 9.2847000914 -5.5761377217 0.4245112574 126.6094237944
27.9500000000 9.3289007732 -5.6147191850 0.4262005697 127.1128594543
28.4330031498 9.3712027427 -5.6502215565 0.4278319070 127.5990144053
29.2622306848 9.4422324014 -5.7076963949 0.4306313435 128.4332608479
29.6800000000 9.4778154253 -5.7368124408 0.4320416962 128.8535561603
30.1538606171 9.5202192455 -5.7710334732 0.4336422964 129.3305441216
30.8595063999 9.5818726925 -5.8225114157 0.4360255571 130.0407463869
31.4100000000 9.6298174297 -5.8632365247 0.4378849004 130.5948289334
31.7249836939 9.6582441953 -5.8880252143 0.4389494666 130.9120648215
32.8393168731 9.7597247094 -5.9812000237 0.4427174082 132.0348822202
33.1400000000 9.7871319957 -6.0063107204 0.4437341222 132.3378561489
34.8700000000 9.9438802035 -6.1508225996 0.4495836005 134.0810066129
35.2009504226 9.9719344025 -6.1756540030 0.4507013290 134.4140732081
36.2309106194 10.0582354014 -6.2520058637 0.4541793486 135.4504592269
36.6000000000 10.0892893492 -6.2796629644 0.4554258192 135.8218867021
37.0120251708 10.1248036806 -6.3112277857 0.4568177127 136.2366460580
37.9729311658 10.2150511551 -6.3870164144 0.4600666299 137.2047520746
38.3300000000 10.2487277271 -6.4148562757 0.4612738767 137.5644870685
38.9805148308 10.3102055693 -6.4643854054 0.4634730094 138.2197839257
39.3128667335 10.3400689397 -6.4906796843 0.4645963440 138.5545067450
40.0600000000 10.4080454385 -6.5479815206 0.4671214258 139.3069230319
40.3607515626 10.4333675277 -6.5713342123 0.4681373676 139.6096427433
41.4866817911 10.5236438108 -6.6651805722 0.4719412677 140.7430784452
41.7900000000 10.5477204273 -6.6903859284 0.4729659300 141.0483948803
42.4751436194 10.6018912973 -6.7466498742 0.4752802349 141.7379858395
42.9183783343 10.6376431675 -6.7842553595 0.4767779476 142.1842474517
43.5200000000 10.6862872416 -6.8351655478 0.4788108531 142.7899834395
43.8812790685 10.7184105765 -6.8718134484 0.4800343461 143.1545373950
44.8369203128 10.8016062236 -6.9695931602 0.4832704611 144.1187640212
45.2500000000 10.8376277370 -7.0118047426 0.4846692865 144.5355580387
45.7500000000 10.8834906479 -7.0624314271 0.4863629768 145.0402083144
46.2500000000 10.9317247135 -7.1131356969 0.4880574475 145.5450874041
47.1034389568 11.0071553676 -7.1976182936 0.4909469119 146.4060242141
47.2407178439 11.0190302185 -7.2116642498 0.4914117762 146.5445299560
47.9800000000 11.0850593692 -7.2854056773 0.4939151573 147.2904209460
48.3308938341 11.1178223043 -7.3218498457 0.4951042988 147.6447230217
49.3037639302 11.2016143234 -7.4172888056 0.4983972815 148.6258480771
49.7100000000 11.2366542564 -7.4572136013 0.4997723555 149.0355460845
50.0782524652 11.2692232190 -7.4933032566 0.5010190656 149.4069962988
51.1146202464 11.3197936093 -7.5950634756 0.5045183507 150.4495754130
51.4400000000 11.3355581511 -7.6270926687 0.5056170152 150.7769137644
53.1700000000 11.4167395734 -7.7926332481 0.5114565239 152.5167949790
53.4729156666 11.4308296565 -7.8198254060 0.5124784560 152.8212598313
54.5767409376 11.4879653859 -7.9229423776 0.5162045362 153.9313627461
54.9000000000 11.5047289192 -7.9532634817 0.5172957889 154.2564787587
55.4070805580 11.5307532262 -8.0003287829 0.5190073878 154.7664140010
56.1964994014 11.5622962139 -8.0727627430 0.5216703675 155.5597764544
56.6300000000 11.5798931924 -8.1124020311 0.5231327258 155.9954496570
57.0835957558 11.6000693946 -8.1497616014 0.5246619351 156.4510364274
57.8360825555 11.6363671976 -8.2129305610 0.5271995670 157.2070420177
58.3600000000 11.6619566215 -8.2569065680 0.5289664544 157.7334342342
58.6805532045 11.6774219921 -8.2864944145 0.5300482759 158.0557268532
59.7880758426 11.7353903798 -8.3909103500 0.5337874354 159.1696703282
60.0900000000 11.7511447644 -8.4192647896 0.5348067453 159.4733369959
61.8200000000 11.8318910953 -8.5751638178 0.5406437361 161.2123054791
62.1455096011 11.8496136008 -8.6053544293 0.5417427191 161.5396975624
63.1837583713 11.9062383563 -8.7029526079 0.5452485467 162.5840599701
63.5500000000 11.9264400652 -8.7374838721 0.5464853140 162.9524866884
64.0500000000 11.9522701814 -8.7830582050 0.5481729849 163.4552336373
64.5500000000 11.9767744977 -8.8284911929 0.5498604150 163.9579015917
65.1225899353 12.0040526357 -8.8804775908 0.5517926994 164.5335063062
65.7490234061 12.0318100130 -8.9369213485 0.5539062328 165.1630898428
66.2800000000 12.0553353861 -8.9848169175 0.5556977387 165.6967525621
66.6433069891 12.0723636619 -9.0175093556 0.5569236566 166.0619312118
67.6194101518 12.1193550275 -9.1070091793 0.5602180385 167.0432549321
68.0100000000 12.1383854102 -9.1429957433 0.5615363983 167.4359677848
68.4156866074 12.1584768892 -9.1806347618 0.5629058557 167.8438995822
69.3666612136 12.2091221074 -9.2694524004 0.5661167950 168.8003548467
69.7400000000 12.2290251139 -9.3045806208 0.5673774626 169.1758772958
70.2567682254 12.2574265458 -9.3514987827 0.5691220892 169.6955581040
70.9144811854 12.2852011697 -9.4160664943 0.5713427194 170.3570162631
71.4700000000 12.3082382683 -9.4707297266 0.5732183204 170.9157066608
71.7965975309 12.3161880586 -9.4977485689 0.5743188535 171.2435209708
72.8801893646 12.3391977523 -9.5724731025 0.5779661722 172.3299302414
73.2000000000 12.3458714756 -9.5945652861 0.5790426480 172.6505763499
73.9236131555 12.3595235463 -9.6432472135 0.5814779327 173.3759686408
74.1751941335 12.3666500275 -9.6593513205 0.5823246426 173.6281673488
74.9300000000 12.3892643430 -9.7071537694 0.5848649873 174.3848398929
75.2368824513 12.3995807087 -9.7263205441 0.5858978924 174.6924968441
76.3577187648 12.4367792775 -9.7980078527 0.5896707080 175.8162394918
76.6600000000 12.4469481976 -9.8174788473 0.5906882605 176.1193213735
78.3900000000 12.5036012851 -9.9256594118 0.5965110566 177.8537015562
78.6905292041 12.5119483240 -9.9394159702 0.5975215308 178.1546639051
79.8172172689 12.5435066291 -9.9925795741 0.6013100927 179.2830472591
80.1200000000 12.5519412868 -10.0067309324 0.6023281986 179.5862806139
81.8500000000 12.6062786123 -10.0857563486 0.6081456656 181.3190071585
82.3500000000 12.6238479966 -10.1023272792 0.6098264348 181.8195957667
89.3264549755 12.9087794461 -10.4338722888 0.6332968828 188.8097339663
95.8843226500 13.1764727563 -10.7456468499 0.6553591038 195.3804638741
