X Y Z LocalTime TrackLength
100.0000000000 100.0000000000 100.0000000000 0.0000000000 0.0000000000
99.9987625063 100.0482022237 76.4610009313 0.0785178910 23.5390620581
100.0053653342 100.0994218496 58.4473401071 0.1386052740 41.5527984652
100.0190435815 100.1352681530 45.5427800562 0.1816504656 54.4574163064
100.1492425054 100.3078109058 -26.4465638240 0.4217822753 126.4471149067
100.1871862583 100.3509878718 -50.9813879403 0.5036219066 150.9820093730
100.1941347825 100.3562421147 -54.8209998910 0.5164295131 154.8216312586
100.2772432156 100.4424616489 -96.9004375934 0.6567920505 196.9012491407
100.3074389745 100.4772568561 -111.4664488544 0.7053793026 211.4673342439
100.3285580810 100.4966565138 -120.7747124017 0.7364284912 220.7756423363
100.4671864945 100.5680386480 -168.0924948159 0.8942645628 268.0936940262
100.6732900329 100.6964052452 -236.0869206387 1.1210711196 336.0885808545
100.9119104239 100.8551045202 -293.9387504256 1.3140465296 393.9411424128
101.2012350322 100.9965214012 -354.6861681299 1.5166810573 454.6894351925
101.2436200693 101.0121180421 -362.9026139243 1.5440885987 462.9060053976
101.3388233276 101.0467735847 -380.7695215382 1.6036871767 480.7732017940
101.4964005373 101.0957210369 -408.7566048729 1.6970437091 508.7607755546
101.5295048480 101.1051291311 -414.0869283056 1.7148241341 514.0912101963
101.5591175444 101.1126961434 -418.7875592277 1.7305040907 518.7919405664
102.0482294320 101.2182508487 -482.9288105902 1.9444628965 582.9351673733
102.1499864986 101.2328450727 -495.0276561399 1.9848217790 595.0344502924
102.6646677162 101.3504124270 -558.5701511561 2.1967841563 658.5791627427
103.3346979361 101.5031176843 -633.1086519934 2.4454285270 733.1208639551
103.3435579370 101.5062950066 -634.1913135379 2.4490400356 734.2035664165
104.0331696802 101.7626460235 -723.9259221934 2.7483726889 823.9412405896
104.0982733696 101.7821705983 -732.9231209644 2.7783849856 832.9386964282
104.1556273580 101.7993450620 -740.8682730604 2.8048879265 840.8840743599
104.2979571349 101.8426566900 -760.1172364914 2.8690975085 860.1336145086
104.3338207675 101.8532577869 -764.9632845884 2.8852626747 864.9798069934
104.7662567807 101.9092340714 -825.7859398884 3.0881506230 925.8040733712
105.2049797949 101.9483690300 -886.6177826065 3.2910692335 986.6375320345
105.3607256406 101.9727264313 -906.6170067884 3.3577815719 1006.6373794444
105.4196600515 101.9860514074 -914.3577132195 3.3836025893 1014.3783219402
105.9326531054 102.1534228328 -990.4876218045 3.6375511447 1090.5101783942
106.2418845166 102.2813085331 -1037.6833130734 3.7949830646 1137.7070684351
106.3907793208 102.3571259954 -1058.8220083221 3.8654964018 1158.8464262795
106.4904159753 102.4041708651 -1072.9777252120 3.9127162458 1173.0025729069
106.6365676675 102.4596565871 -1095.6947660009 3.9884939712 1195.7201541610
106.7140002316 102.4875262403 -1107.8589655954 4.0290703233 1207.8846328034
106.7506084571 102.5015876908 -1113.7694879615 4.0487861480 1213.7952854029
107.0816273551 102.6364458829 -1171.5053956752 4.2413761980 1271.5323188763
107.5862280929 102.7123814161 -1265.8868426485 4.5562035794 1365.9151988202
107.6170422731 102.7115291702 -1270.8742997291 4.5728402719 1370.9027512575
107.6641922152 102.7108142313 -1278.8410847203 4.5994150856 1378.8696760719
107.7514311221 102.7060977196 -1294.6464951522 4.6521370929 1394.6753291309
107.8107360923 102.6977425761 -1306.4760287720 4.6915966960 1406.5050149848
108.0524749507 102.6719417190 -1349.6992104398 4.8357760667 1449.7288906194
108.0927734543 102.6674335047 -1356.7533179783 4.8593064378 1456.7831149101
108.1641185641 102.6639395073 -1369.0578272181 4.9003505758 1469.0878321746
108.6514451932 102.5798858068 -1453.0355700149 5.1804751756 1553.0670733057
109.2774186258 102.3581495093 -1553.3822821171 5.5152032824 1653.4160451895
109.3730140666 102.3410246898 -1566.9334469836 5.5604062874 1666.9675589079
109.8357064794 102.2803346055 -1635.3236113725 5.7885367505 1735.3593429745
109.8599629649 102.2765889701 -1639.1439173740 5.8012801893 1739.1797278705
109.8601381293 102.2765665938 -1639.1709015778 5.8013702009 1739.2067126520
110.2671661179 102.2538576750 -1704.1867368468 6.0182440615 1804.2238511124
110.7519126159 102.2870328318 -1789.6930971173 6.3034673345 1889.7316368767
110.9708578050 102.3182110535 -1832.6674372701 6.4468162766 1932.7065562953
111.0117291338 102.3276859907 -1840.1116130223 6.4716477815 1940.1508505040
111.4151028166 102.4635902309 -1921.7971253721 6.7441251665 2021.8375130465
111.7936011461 102.5855235024 -1988.7907826014 6.9675960051 2088.8323763778
111.8727188143 102.6033303439 -2000.2906228746 7.0059563172 2100.3325031928
111.8858370543 102.6073744679 -2002.2395945368 7.0124575516 2102.2815231998
112.0786328013 102.6612452422 -2030.3703059318 7.1062939295 2130.4129509402
112.4293345053 102.7421773209 -2079.8029201829 7.2711878389 2179.8468892349
112.6671288005 102.7970429863 -2113.7776478570 7.3845183152 2213.8224996477
112.8127085335 102.8221880134 -2135.3162573134 7.4563651106 2235.3616180633
112.9226677882 102.8397719654 -2152.5424864121 7.5138268566 2252.5882085228
113.1330977672 102.8809849042 -2185.1764532811 7.6226844599 2285.2228855391
113.7091610195 102.9994060075 -2272.7898740800 7.9149381120 2372.8383272143
113.9368722425 103.0741221963 -2312.3755267386 8.0469841249 2412.4247137964
114.2162357667 103.1802297780 -2379.9910569163 8.2725275783 2480.0409315784
114.6292342687 103.3713429825 -2460.2592603683 8.5402779271 2560.3104636009
114.7966036089 103.4150070858 -2489.2934415985 8.6371273006 2589.3451644897
115.1861840156 103.8033030694 -2574.1626988205 8.9202268321 2674.2162682052
115.3885446667 104.1032260950 -2643.9176740117 9.1529076373 2743.9722109741
115.4310185838 104.1650328701 -2661.0616876584 9.2100944885 2761.1163900527
115.4381452614 104.1745281843 -2663.9260297477 9.2196489923 2763.9807567739
115.4693017015 104.2150802762 -2677.1430250078 9.2637364961 2777.1978517690
115.4704498511 104.2164454886 -2677.5962581651 9.2652483317 2777.6510884366
115.6509411573 104.4363563529 -2736.5407523653 9.4618683939 2836.5962893746
115.6635233917 104.4562975304 -2740.7684348244 9.4759706514 2840.8240376520
115.7553053712 104.6109077422 -2770.7974173939 9.5761384035 2870.8535632472
115.8358342439 104.7692462267 -2798.2122717078 9.6675864821 2898.2689970022
115.9199028181 105.0271879926 -2838.5789913473 9.8022384774 2938.6366373968
115.9995352999 105.2665495096 -2874.2442255830 9.9212079315 2974.3027705748
116.0384044482 105.4008700956 -2891.9659061186 9.9803229660 2992.0250042973
116.0694458641 105.5251664164 -2906.7355850606 10.0295911912 3006.7952398898
116.1427815338 105.7252139311 -2932.5897988733 10.1158345390 3032.6503349637
116.2164043375 105.8752892896 -2953.4957338465 10.1855714976 3053.5569403606
116.4783246033 106.2619802425 -3017.7235490692 10.3998182022 3117.7864770458
117.0785978128 106.7971022825 -3133.7192283482 10.7867476289 3233.7850253814
117.2005302376 106.9130877702 -3162.4113466162 10.8824559303 3262.4776415244
117.4552800869 107.1577186871 -3226.5932578769 11.0965470966 3326.6605489692
117.5262596808 107.2239337236 -3245.4575004808 11.1594723028 3345.5250430373
117.5588473595 107.2531414397 -3253.7363482741 11.1870879669 3353.8040067789
117.7668353778 107.4357252010 -3315.4573590460 11.3929692755 3415.5256601361
117.9686792553 107.6865362283 -3399.3232718849 11.6727180580 3499.3922340075
117.9788436737 107.6984237975 -3403.5001790119 11.6866508255 3503.5691704823
118.0192006502 107.7318994795 -3418.7169209527 11.7374087410 3518.7860038345
118.0789400492 107.7774816116 -3438.6977087927 11.8040579816 3538.7669349517
118.1581354326 107.8707971327 -3468.3565561789 11.9029901421 3568.4260395419
118.1977663832 107.9545257817 -3492.6438018711 11.9840043532 3592.7134792378
118.2063858536 107.9848925956 -3501.8731895233 12.0147904729 3601.9429212365
118.2219286838 108.0144888443 -3512.9907510495 12.0518748535 3613.0605335670
118.2406668999 108.0425491070 -3522.3122269867 12.0829681704 3622.3820709478
118.2925425432 108.2854714172 -3604.1340317336 12.3558977368 3704.2042941240
118.3033453859 108.3239115981 -3624.8442985693 12.4249799157 3724.9146015798
118.3161761788 108.3645430859 -3655.3928143535 12.5268789488 3755.4631520037
118.3715604986 108.4052998148 -3694.4408553244 12.6571294637 3794.5112618416
118.4149846339 108.4657907140 -3733.3278714580 12.7868428936 3833.3983576271
118.4228295320 108.4910350682 -3744.6299282723 12.8245426201 3844.7004459293
118.3841980762 108.5973343806 -3800.6039432122 13.0112523169 3900.6745934573
118.3294826504 108.6662741481 -3850.6950720249 13.1783386833 3950.7658138381
118.3180708278 108.6902892094 -3865.4473797988 13.2275471911 3965.5181465939
118.3069546708 108.7148181137 -3877.3621552001 13.2672907263 3977.4329530711
118.2925907827 108.7551571431 -3894.2364736911 13.3235776050 3994.3073272574
118.2880314761 108.7903080132 -3910.2337965255 13.3769390893 4010.3046905816
118.2451988659 109.0290195996 -4054.5150793028 13.8582105789 4154.5863135720
118.2427167423 109.0322798184 -4056.7912750023 13.8658031668 4156.8625129600
118.0929733808 109.5122061991 -4246.9034542487 14.4999516819 4346.9755993788
118.0968402465 109.5347626193 -4254.0551129840 14.5238071824 4354.1272949409
118.1061076935 109.5693068381 -4265.7040677571 14.5626641166 4365.7763052289
118.1344022057 109.6454874894 -4290.3634906044 14.6449195873 4390.4358650951
118.1477005883 109.6785034930 -4298.1609414869 14.6709293754 4398.2333995359
118.1513027344 109.9443248790 -4440.1238399965 15.1444686281 4540.1969528657
118.1527268287 109.9278251778 -4476.0010786305 15.2641422904 4576.0742022970
118.1367905217 109.9254286530 -4547.8431396862 15.5037817437 4647.9162960276
118.1301983893 109.9237976330 -4558.3963245107 15.5389834051 4658.4694835310
118.0886778176 109.9191808540 -4657.8022527959 15.8705660946 4757.8754823595
118.0694611123 109.9234579610 -4677.8925238861 15.9375800932 4777.9657650979
118.0283511393 109.9091805613 -4712.7871599345 16.0539762222 4812.8604348846
117.9320558607 109.7798081398 -4790.9676436732 16.3147589386 4891.0411221953
117.9310903268 109.5993474005 -4856.4197129570 16.5330844873 4956.4934658659
117.8727057634 109.4103821369 -4910.5004405388 16.7134796782 5010.5745718649
117.8577851865 109.2886802486 -4939.5110436225 16.8102495494 5039.5854384991
117.8580924671 109.2417856523 -4950.1350458714 16.8456877703 5050.2095447535
117.8581872686 109.2346216566 -4951.7800519577 16.8511749749 5051.8545664457
117.8986119131 108.9648498819 -5010.2423336143 17.0461863825 5110.3175046946
117.9270094137 108.7914616005 -5040.2478819746 17.1462758870 5140.3235721730
117.9577252827 108.5743701978 -5075.0272584143 17.2622897662 5175.1036463620
117.9753236381 108.4733360122 -5091.5672118514 17.3174622019 5191.6439190490
117.9893404140 108.4082016643 -5102.0086566151 17.3522918401 5202.0855768608
118.1175039950 107.8833572194 -5202.8309450306 17.6886038002 5302.9093764893
118.1594617060 107.6145095374 -5262.9662906745 17.8891958821 5363.0453591548
118.2147014551 107.0971787352 -5347.6855832674 18.1717944995 5447.7662924985
118.1135878189 106.3491114682 -5451.6036414270 18.5184371520 5551.6871584102
118.0996823188 106.2976637191 -5458.8499381577 18.5426088713 5558.9336539341
118.0282557058 106.0801261128 -5487.9535346242 18.6396910751 5588.0381555167
117.7731390466 105.3493821320 -5575.6454327171 18.9322113091 5675.7335164847
117.6856801308 105.1465938541 -5600.8283767807 19.0162158429 5700.9174320936
117.4527581612 104.6615510313 -5667.1260480482 19.2373684699 5767.2173127719
117.4392442565 104.6315925925 -5671.4863851085 19.2519134096 5771.5777737606
117.0791111232 104.0422657599 -5763.2052614502 19.5578634790 5863.2993007194
117.0232931646 103.9753471197 -5775.9478653225 19.6003692506 5876.0422044841
116.7286997806 103.7779743517 -5835.3530596498 19.7985272837 5935.4484775003
116.4523675245 103.6226376323 -5895.2980765281 19.9984852376 5995.3943533151
116.4332326998 103.6142302703 -5900.1612394354 20.0147071613 6000.2575612283
116.4134101241 103.6058604745 -5905.3870915253 20.0321388845 6005.4834577211
116.2423824357 103.5587282161 -5950.4649617676 20.1825037182 6050.5616883715
116.1927782065 103.5480873259 -5965.7244495426 20.2334041987 6065.8212615822
116.1865568191 103.5470044361 -5968.0177162244 20.2410537460 6068.1145369635
116.1489197066 103.5431925457 -5982.6241151828 20.2897756378 6082.7209859132
115.9660331997 103.4925972932 -6047.7397640399 20.5069791008 6147.8369366336
115.8456587804 103.4529230183 -6101.9667083907 20.6878613066 6202.0640460206
115.8096994042 103.4542401114 -6122.8994611801 20.7576855942 6222.9968319232
115.7987095021 103.4550719405 -6129.8065407990 20.7807251733 6229.9039205311
115.7557396389 103.4791217331 -6168.5551805432 20.9099768956 6268.6525997945
115.7229337714 103.4852162601 -6197.7890050755 21.0074905531 6297.8864478971
115.7047650231 103.4907111815 -6208.5074534491 21.0432435234 6308.6049135901
115.4913054306 103.4559316882 -6400.8039360798 21.6846762930 6500.9017700971
115.5004122723 103.4582115880 -6413.3332507966 21.7264696221 6513.4310890518
115.5562100526 103.4959018558 -6582.2763704578 22.2900035544 6682.3744136248
115.6051520400 103.5406119963 -6624.3198087716 22.4302456177 6724.4179140539
115.6325007844 103.5728543855 -6646.2585267698 22.5034254785 6746.3566752228
115.7728173100 103.7217429139 -6773.5296272061 22.9279569455 6873.6280446638
115.7845728226 103.7314950770 -6778.8939215852 22.9458503875 6878.9923609008
115.8137597716 103.7508387010 -6789.2116524523 22.9802668514 6889.3101522017
116.0246927574 103.9772772116 -6869.9080011387 23.2494430207 6970.0071346445
116.0416149908 103.9981240499 -6877.1564713045 23.2736214919 6977.2556543285
116.1507103926 104.1565942024 -6915.9927277836 23.4031669580 7016.0923957590
116.4012213711 104.9756768882 -7074.2660188204 23.9311178510 7174.3681745223
116.5757962925 105.4297507294 -7142.5970253983 24.1590515089 7242.7009577496
116.5771177316 105.4329609098 -7143.0525176900 24.1605709125 7243.1564632704
116.6044191381 105.5032653730 -7152.6551481290 24.1926028448 7252.7593902872
116.6264031732 105.5611646987 -7160.5153740849 24.2188225642 7260.6198604902
116.6334155498 105.5832618725 -7163.8441773686 24.2299265319 7263.9487445405
116.6678326884 105.7331476368 -7185.9813463839 24.3037700005 7286.0864502258
116.7544027389 106.0420917271 -7232.3533987192 24.4584543010 7332.4596244507
116.8860442226 106.4651821891 -7302.0573713290 24.6909665486 7402.1650347798
117.0472314893 106.8719691531 -7374.2527909223 24.9317890975 7474.3618117437
117.0697080863 106.9270960381 -7385.3499036632 24.9688056335 7485.4590847288
117.0755980089 106.9436010107 -7388.9311921680 24.9807516755 7489.0404161561
117.2180708288 107.2332760207 -7455.5405093540 25.2029391676 7555.6505416192
117.2347315976 107.2500574378 -7460.4348533441 25.2192651411 7560.5449428276
117.4630376253 107.5333874057 -7535.9816461137 25.4712651754 7636.0926470214
117.6547116169 107.8100912392 -7604.2522146508 25.6989941684 7704.3640732137
117.8021177369 107.9194808680 -7640.0907822077 25.8185403932 7740.2031177684
117.8709239960 107.9608232040 -7654.8597310892 25.8678050578 7754.9722858228
117.9480837129 108.0040455105 -7670.8446650454 25.9211259026 7770.9574656670
118.2906710091 108.2153644592 -7740.1258198076 26.1522269835 7840.2398187381
118.4137791589 108.3207431511 -7772.5918751207 26.2605235560 7872.7063028025
118.4269588439 108.3325669207 -7776.5364734477 26.2736814592 7876.6509409253
118.4600597390 108.3637291142 -7786.5502410856 26.3070841547 7886.6648122010
118.6686542175 108.5340917097 -7841.4034095089 26.4900569618 7941.5186681204
118.8337260414 108.6227368286 -7872.4268396373 26.5935419282 7972.5426692045
119.0425555015 108.7678204564 -7914.4441782119 26.7336993252 8014.5607872836
119.1703328048 108.8847024706 -7944.6310634489 26.8343936463 8044.7481741072
119.2126774603 108.9222493005 -7954.4953989240 26.8672980867 8054.6126723532
119.3052158419 108.9999987046 -7975.0906278267 26.9359975952 8075.2082580224
119.3186491673 109.0109524704 -7977.8860953015 26.9453224552 8078.0037792604
119.5789858753 109.2470515432 -8032.2931165352 27.1268086266 8132.4119529249
119.7589016420 109.3839546947 -8076.7142276779 27.2749835018 8176.8336504648
120.0347339842 109.5501706740 -8137.5493748125 27.4779106609 8237.6696717447
120.1131645596 109.5989732132 -8153.9071886093 27.5324753535 8254.0277476432
120.1877173481 109.6434531211 -8167.9366472018 27.5792735110 8268.0574757643
120.0949805806 109.6692269058 -8209.1834250973 27.7168597055 8309.3047667412
120.0785242343 109.6685588063 -8212.7845972377 27.7288720548 8312.9059765906
120.0458548871 109.6652633593 -8219.8500345417 27.7524400838 8319.9714904001
120.0003044524 109.6577143202 -8229.3560217562 27.7841490350 8329.4775901437
119.9692998585 109.6531583548 -8235.3515541558 27.8041482622 8335.4732045849
119.7519823198 109.5978387913 -8272.9237279062 27.9294778430 8373.0460554388
119.0375249449 109.4577703432 -8384.6409399293 28.3021344589 8484.7657187210
118.9209826325 109.4204802500 -8404.1927656305 28.3673536415 8504.3179292513
118.8675628619 109.4005661943 -8413.9388991863 28.3998638258 8514.0642325358
118.8539730910 109.3974458028 -8416.3714416567 28.4079780517 8516.4968149744
118.7121605577 109.3717838779 -8440.3282362115 28.4878908051 8540.4540459259
118.7025357084 109.3703199803 -8441.9429077267 28.4932768703 8542.0687467921
117.8375334275 109.4035419985 -8565.5121300230 28.9054697493 8665.6410964028
117.4234055563 109.3696378385 -8621.7356697277 29.0930165125 8721.8661900309
116.0673883140 109.2125962537 -8766.9813371420 29.5775255714 8867.1184140563
115.7536437643 109.2013977265 -8795.8441252912 29.6738072160 8895.9829139779
114.8476688963 109.1306306703 -8876.2110453229 29.9418996878 8976.3550118656
113.8471730995 109.0115721275 -8962.3683029222 30.2293091719 9062.5182076116
113.7620720713 109.0018217782 -8969.2222084427 30.2521731373 9069.3726485629
113.0888313876 108.9388876413 -9025.2323553471 30.4390165896 9125.3868948384
112.4129618915 108.8123750080 -9084.0235337868 30.6351363705 9184.1821150139
112.1066670535 108.7441759500 -9112.8227390320 30.7312059326 9212.9830341979
111.7661906606 108.6617644391 -9145.3676294280 30.8397703486 9245.5298156695
111.6871701243 108.6420963027 -9152.8762399562 30.8648178636 9253.0388679870
111.6010559712 108.6214594015 -9160.9924425383 30.8918922270 9261.1555539130
111.2763580858 108.5309194506 -9192.2158268030 30.9960483514 9292.3807630260
109.5266739427 107.6925781977 -9371.6528334866 31.5946227847 9471.8289870290
109.4768259181 107.6523838992 -9376.7497743336 31.6116257001 9476.9263302032
108.8203681947 107.1513798163 -9441.0463133069 31.8261136253 9541.2281828224
108.7517614270 107.1039624457 -9448.1922113724 31.8499514115 9548.3745677456
108.4300881139 106.8961626844 -9480.4985946322 31.9577215344 9580.6832261955
107.9502745800 106.6550475743 -9526.4474491308 32.1110009606 9626.6352295867
107.3570509725 106.3316692454 -9585.1580348445 32.3068514683 9685.3497236557
105.8077592336 105.2281678417 -9739.7918927652 32.8226938142 9839.9954458358
104.9488277335 104.5932299216 -9826.9854931800 33.1135623338 9927.1956349794
104.3066971318 104.0777154937 -9903.0378403086 33.3672606650 10003.2524759714
103.3565158653 102.9570556583 -10040.6654630116 33.8263634334 10140.8880747768
102.5922802091 101.9467381479 -10149.5057615443 34.1894403833 10249.7358237507
102.5822948557 101.9336165894 -10150.9538131664 34.1942708794 10251.1839692598
102.2983368483 101.5754836352 -10190.6309389628 34.3266283760 10290.8637360515
102.2537954691 101.5159898534 -10197.0217434265 34.3479472579 10297.2549728078
102.0989234045 101.3020138364 -10218.6629007422 34.4201398040 10318.8977444761
101.9430579906 101.0877836782 -10239.7513484676 34.4904888823 10339.9878585299
101.7312316641 100.6738926939 -10273.8129573388 34.6041168258 10374.0526470784
101.5580184744 100.3315298014 -10300.6478588622 34.6936376191 10400.8902951359
101.3398560290 99.8101675925 -10340.0067293827 34.8249382847 10440.2532319217
100.3187268285 97.6382583575 -10495.1780731352 35.3425963349 10595.4432899225
99.9617178072 96.7546055596 -10560.7051201005 35.5611942714 10660.9772932574
99.0102254572 94.1625119805 -10750.2595739710 36.1935472974 10850.5521072197
99.0003595729 94.1259911945 -10752.7057936023 36.2017079878 10852.9986193490
98.8181534667 93.4251660699 -10799.1634739806 36.3566930361 10899.4619553450
98.7290502974 93.1076945996 -10820.4616256920 36.4277445750 10920.7626616949
98.7264860285 93.0985028022 -10821.0951726792 36.4298581012 10921.3962805472
98.7205204594 93.0756782794 -10822.6594300174 36.4350764982 10922.9607157722
98.6433384826 92.7800787364 -10842.6445313053 36.5017474451 10942.9481540756
98.5601203462 92.4207523611 -10866.1956183866 36.5803150917 10966.5021321667
98.2800843519 91.2199138680 -10948.9020977653 36.8562250153 11049.2178444200
98.1516365563 90.7946485938 -10981.2505933845 36.9641382146 11081.5693959471
98.1388131540 90.7529985387 -10984.3873819043 36.9746024302 11084.7064872116
98.0021891748 90.2721954517 -11018.4533022515 37.0882464016 11118.7760807705
97.9443338838 90.0215906256 -11035.7680487502 37.1460085818 11136.0927389035
97.9206501136 89.9159647088 -11043.0148379908 37.1701839784 11143.3403367921
97.9006311501 89.8331063764 -11048.5053160731 37.1885004589 11148.8314766702
97.9382423151 89.8222969474 -11057.6418356134 37.2189805539 11157.9682043467
96.1621612559 89.7644568327 -11172.7577404124 37.6029875961 11273.1169650679
95.4427626553 89.9459587847 -11202.2418821809 37.7013756320 11302.6117054395
94.6707533366 90.4700490632 -11220.3334219906 37.7618090762 11320.7277723036
91.6007386495 91.9877751469 -11356.4838287608 38.2160576859 11456.9484911679
91.3618436727 91.7480424081 -11388.2946983322 38.3221821670 11488.7626897199
91.3419702281 91.7590082785 -11390.1167498156 38.3282611605 11490.5848874795
90.3818731094 92.5928026878 -11435.7737834876 38.4806248611 11536.2627861762
90.1179282774 92.7109338232 -11448.4869154392 38.5230472024 11548.9794587381
87.3968093088 90.0271343355 -11592.2731961512 39.0028009209 11692.8524708507
84.5130591341 88.4338592146 -11621.1506185646 39.0997576193 11721.9180690032
82.7195983657 87.0828067646 -11640.8282302561 39.1658283818 11741.7241170969
82.7103300955 87.0740529655 -11640.9386262900 39.1661991217 11741.8352468333
81.6095929083 85.8737406037 -11654.8361747678 39.2128791508 11755.8282674110
79.1125845755 82.5096243740 -11695.5536029943 39.3494254496 11796.7635632345
78.3344654208 81.4759625217 -11708.0625456242 39.3913783696 11809.3394973001
77.2640828851 80.4037045755 -11724.5912881017 39.4467494044 11825.9379007375
74.0984354882 77.1287646884 -11767.6461384798 39.5911757673 11869.2358946363
71.0808324967 73.8190695624 -11805.8969740757 39.7196491082 11907.7506876015
68.7406186725 71.4835165878 -11831.3013893575 39.8051107263 11933.3699974656
56.8491584060 62.6778706815 -11938.2638604046 40.1652402986 12041.3570178567
55.0814720043 61.0748637491 -11955.8867609326 40.2245672665 12059.1413376526
54.8819550313 60.8963326924 -11957.8085590620 40.2310404874 12061.0817008537
49.8815315815 56.6523442582 -12012.0054222755 40.4131473855 12115.6780668012
40.1521609603 51.1260693672 -12111.0263839028 40.7455044359 12215.3347360559
37.2696558418 47.9403558817 -12153.3383693102 40.8873807565 12257.8681381767
34.9607749060 37.2399127026 -12266.6946839731 41.2672585081 12371.7792359181
39.2004977392 8.6485253711 -12526.7147825580 42.1400510923 12633.6248374613
39.6282904094 6.1297084328 -12549.1143082606 42.2152607731 12656.1706085902
39.6599223279 5.9838338076 -12550.3677912018 42.2194720740 12657.4329500830
40.2728304796 1.5652733415 -12590.6377660869 42.3546263103 12697.9508510550
40.2260007333 0.7221809859 -12596.1918930668 42.3733682213 12703.5688375492
42.1914709904 -16.8333417066 -12728.6366955259 42.8190742389 12837.2285340362
56.5183556562 -44.4610556645 -12922.5917453340 43.4743758238 13033.7839698548
63.9267788469 -55.9903200697 -12997.7168985255 43.7290771131 13110.1500943336
68.6146186776 -61.9289725343 -13040.0732893730 43.8726146487 13153.1815839466
69.0745742199 -62.4409272281 -13043.8264552571 43.8853443675 13156.9973543480
78.1399425055 -74.0888843200 -13119.8679418586 44.1437014408 13234.4599005101
83.8379096705 -80.5881226681 -13162.6495517855 44.2892967820 13278.1083957764
87.2159940291 -83.9419554973 -13185.8703978128 44.3683711866 13301.8127622994
89.1911720355 -86.1136545916 -13200.6273440478 44.4185650079 13316.8590691358
101.0547791071 -98.2258773557 -13293.6789825199 44.7340595380 13411.4585468856
101.7023179422 -98.8618092734 -13298.5555007321 44.7506074119 13416.4188338465
103.9447621000 -101.0534298504 -13315.8107793663 44.8091140171 13433.9571574900
113.7134082418 -108.4358956467 -13379.2453320783 45.0246283943 13498.5715218153
118.0702715924 -110.9918532249 -13406.7448454877 45.1179029211 13526.5330945464
131.3167083606 -116.7419118175 -13486.2479650940 45.3874714984 13607.3581885166
137.8697249686 -118.5688904716 -13522.4898699839 45.5104877224 13644.2367627797
142.6538079753 -120.0067174807 -13550.4758520234 45.6053211296 13672.6656914024
148.1620490198 -121.4200895365 -13579.8096166396 45.7050017584 13702.5478556463
148.4968674966 -121.4805071848 -13581.6428168541 45.7112219735 13704.4123663280
148.9719469043 -121.5733362475 -13584.2922650633 45.7202071482 13707.1056816919
151.4555882127 -121.9290924597 -13598.0173855692 45.7667539905 13721.0586851796
163.8335565258 -121.6633783689 -13663.6248452046 45.9894846123 13787.8371245828
171.7223633338 -120.0504486709 -13705.7054719053 46.1324145512 13830.6864323832
173.6143025640 -119.7243160609 -13715.4705292202 46.1656149748 13840.6385378005
183.6766767292 -118.2215443796 -13771.6643231622 46.3561036577 13897.7484041026
184.6087475049 -117.9543865391 -13776.9777753725 46.3741226247 13903.1496531672
189.7117025570 -116.5727368696 -13804.3461564651 46.4671092680 13931.0248956748
197.2541346404 -115.1114824129 -13843.9962538296 46.6018326311 13971.4135895052
199.0855683682 -114.7175565754 -13853.4836560143 46.6340946231 13981.0843764428
215.3319915265 -111.9808264907 -13928.7945785688 46.8912327848 14058.1815977370
217.2928012418 -111.5699519206 -13937.5632416647 46.9212395999 14067.1763533833
223.5707744249 -110.0040147787 -13968.2186550292 47.0257545493 14098.5078837480
232.1274740837 -107.1280338517 -14010.2122045372 47.1690454497 14141.4654199032
236.4803461761 -105.5587226806 -14032.7261048999 47.2457208279 14164.4505182208
253.3393965187 -96.5738942583 -14124.6562941970 47.5589722562 14258.3776945271
254.3312118440 -96.0668292442 -14129.8370086543 47.5766506803 14263.6768532409
254.4164730379 -96.0234342202 -14130.2734643554 47.5781413280 14264.1236714278
262.9335525731 -91.9540147109 -14174.9811342200 47.7305605115 14309.8182370286
271.3000459973 -87.5653440190 -14215.9139474179 47.8706930846 14351.8287889468
272.4215086122 -87.0476548188 -14221.6178906483 47.8901630666 14357.6649790655
281.3250021974 -83.0644573919 -14270.1297347136 48.0552257551 14407.1506717483
300.3063576214 -70.0951974811 -14388.0846344893 48.4561348915 14527.3730195823
300.6085193683 -69.8648790888 -14389.9239349889 48.4624005899 14529.2511551853
311.7557795753 -59.0959696154 -14463.2581104786 48.7124559022 14604.2243696394
330.3607112970 -40.0303591333 -14580.1275869690 49.1122515883 14724.1128873853
330.5208642302 -39.8485789716 -14581.0911355983 49.1155661786 14725.1064278476
349.4341829465 -16.6869836180 -14711.6550177939 49.5622675632 14859.0676296727
354.2100525363 -11.4970351035 -14744.4636493774 49.6742131787 14892.6269516810
373.0906243859 10.0281941983 -14865.1132887449 50.0877412839 15016.6356050462
374.7446274600 12.3646597692 -14878.1187510877 50.1321671527 15029.9527256378
375.5754364566 12.7660257895 -14885.6005457391 50.1573163181 15037.4912947363
377.8516338761 13.9588396562 -14904.1954637870 50.2199392434 15056.2635405373
383.7249688114 17.8976273673 -14953.4685813277 50.3859971418 15106.0476718027
384.7364988356 18.4014150269 -14959.8701791488 50.4076837954 15112.5483115287
388.8659604257 20.8014673094 -14986.4766788808 50.4978633823 15139.5819176306
392.8365730795 23.2840542886 -15012.7626166139 50.5869357101 15166.2835617039
393.3245057461 23.5759142964 -15015.8096003034 50.5972763365 15169.3831567658
393.8374401813 23.8711843971 -15018.9037088957 50.6077858585 15172.5333785854
421.1859600533 46.0756222015 -15185.6178782221 51.1761864058 15343.0142284697
436.6120802501 64.1665154633 -15299.8004547233 51.5653117982 15459.7023583407
438.7541454421 67.8341784952 -15318.6655955533 51.6298225082 15479.0405152173
439.2243874760 68.4499196846 -15322.2280056001 51.6419850241 15482.6862223037
450.2806147589 84.9314192013 -15405.7632373734 51.9283954253 15568.5633582239
451.4108953409 86.9439779144 -15415.7855484521 51.9627060907 15578.8482057360
459.7362016677 100.5429246247 -15482.4237977856 52.1912400475 15647.3673763762
466.5758130576 116.1089444853 -15546.3493098432 52.4119202806 15713.5312794739
472.6958238153 137.4929610563 -15627.5732034554 52.6928522068 15797.7653367793
473.2628649882 139.4156001182 -15634.8538132816 52.7180449066 15805.3169314186
473.8988778532 141.5380257024 -15642.6668478780 52.7451377863 15813.4381277452
474.3121848438 142.9248326476 -15647.9577329711 52.7634372109 15818.9233979204
475.0415112160 145.7751799157 -15658.3301805975 52.7994062986 15829.7053608276
476.5876823725 154.8366602218 -15691.9734180755 52.9157587967 15864.5859048626
477.8490022293 162.9868817356 -15722.2140276669 53.0203207251 15895.9314165361
479.1477397753 177.9691881891 -15774.2078593883 53.2008874666 15950.0662410355
480.3792913740 190.2582384449 -15815.1981557011 53.3436881625 15992.8767831113
482.0032970252 206.7202129984 -15869.9529928552 53.5344710347 16050.0751238360
483.0395157276 216.3952994722 -15902.3256715580 53.6472317114 16083.8787463858
483.4307623116 223.3197197989 -15925.0432281313 53.7264698751 16107.6320159738
484.3695113978 239.9146946372 -15982.5562197473 53.9261536299 16167.4995337363
484.3625021646 241.0247561197 -15986.1875689147 53.9388218147 16171.2967937683
484.0344401985 246.4644559691 -16004.0911160587 54.0012563463 16190.0124648850
483.1872535267 254.0346021643 -16029.1112093028 54.0885098774 16216.1687372706
475.8174080553 301.1199360749 -16201.6677850493 54.6853695746 16395.1955852232
474.7891375401 307.5215163262 -16224.7711837340 54.7654184469 16419.1918835523
470.3166741961 330.1377636518 -16310.3500341669 55.0610058373 16507.8222770745
470.2819182040 330.4134443671 -16311.3952444268 55.0646139681 16508.9037927924
470.0695181187 331.9679812919 -16317.1358760901 55.0844680760 16514.8550547903
469.9055997597 333.1630411235 -16321.5349718963 55.0996859310 16519.4165767460
467.9395694288 342.3475292708 -16356.0508762538 55.2190239494 16555.1922163685
460.2893985753 364.8916606181 -16446.9632109741 55.5325592914 16649.2062582290
459.3881052853 367.2686470287 -16456.7278358579 55.5662211126 16659.2965326028
453.2060090760 381.6950397932 -16514.2913854673 55.7652526687 16718.9685403647
449.3667768197 388.9018917603 -16547.4046196358 55.8790305164 16753.0771015728
447.3017326232 392.3631042432 -16564.0633123967 55.9362092415 16770.2171277141
445.2466899032 395.6819368038 -16580.1933722136 55.9915741457 16786.8134022305
443.7834660686 397.9820663236 -16591.8055290489 56.0313665473 16798.7414202555
441.9843483087 400.7974674098 -16606.4782541585 56.0815687917 16813.7900336770
434.3555010655 411.0010977622 -16666.3629246426 56.2858104620 16875.0244950800
431.7458987055 413.9844079838 -16684.8941632204 56.3490297704 16893.9753857031
427.2307661783 418.4166625811 -16713.5609687591 56.4469660960 16923.3343900660
419.0242198903 426.1533610741 -16765.6764190117 56.6248367186 16976.6608091743
418.6106908321 426.5541307501 -16768.5260349185 56.6345357483 16979.5680484409
416.1596998131 428.6682389740 -16783.8265631803 56.6867101960 16995.2078732726
414.3267682930 430.2691319981 -16794.7878571735 56.7241687375 17006.4362595098
405.7931168509 438.4433956556 -16850.6871303839 56.9147493105 17063.5740585142
393.4140684892 451.3242430957 -16924.5162907119 57.1681006117 17139.5367618869
388.3644742398 456.1297786344 -16950.4314975234 57.2576294665 17166.3751137697
386.1417003994 458.2665863557 -16961.7972623303 57.2969179142 17178.1520333288
385.7758040968 458.6063148553 -16963.5967536620 57.3031481776 17180.0195141360
385.0837231418 459.2195429124 -16966.9416190006 57.3147258444 17183.4898661777
378.3050604707 464.9882053544 -16997.2388557154 57.4200687686 17215.0694427539
376.1956759281 466.7629399298 -17006.7561439068 57.4531246445 17224.9780394817
375.7402699368 467.1259207861 -17008.8182740574 57.4602734065 17227.1208357297
372.6470199348 469.3846380490 -17022.0579435894 57.5062543369 17240.9039671589
368.9836020931 471.8593554241 -17037.1806522549 57.5588179292 17256.6604240618
362.2189022074 476.0926082332 -17063.7344655057 57.6513180831 17284.3895808748
361.9514754369 476.2555707891 -17064.7937118732 57.6550031593 17285.4941541885
359.7235766576 477.5477104560 -17073.3836779057 57.6849212001 17294.4621384716
359.2621054248 477.8159168405 -17075.1773511540 57.6911645755 17296.3335478715
350.3032604001 482.8625117176 -17111.5487004470 57.8172514125 17334.1326394217
334.3875785463 492.0148323622 -17176.6852924017 58.0429613431 17401.8054467629
316.8084536094 500.3993437290 -17242.3945182777 58.2715656995 17470.3463211803
299.8651400770 505.9526509317 -17303.2176115952 58.4830318362 17533.7474633708
295.0455218824 507.1825461690 -17319.8601341753 58.5409809237 17551.1183658665
289.1095673801 508.9099602082 -17340.0308492231 58.6113604369 17572.2157456977
273.6955974320 517.3910784957 -17404.2524251339 58.8334789233 17638.8115547756
222.4499321188 542.8423923093 -17621.6026907898 59.5823434199 17863.4812719884
214.0300089901 546.2095300847 -17657.3092108244 59.7052413095 17900.3241937783
204.4645889318 549.4222607721 -17701.4563310689 59.8563092916 17945.6136474527
190.1510708708 552.0145836794 -17769.0671489860 60.0870297421 18014.7893074745
189.9217161609 552.0388302753 -17770.0958792790 60.0905470102 18015.8435756448
187.9657025992 552.2056581138 -17778.6348048846 60.1197775873 18024.6054449837
185.9350606454 552.3631143441 -17787.1789842473 60.1490811035 18033.3891784237
179.2503607437 553.0639808995 -17815.8496738632 60.2473164074 18062.8377294357
168.9057940345 554.1960247811 -17859.8103895193 60.3980075604 18108.0141919050
159.6885355791 555.6332359003 -17901.5744044106 60.5407560658 18150.8090674994
152.4932156598 556.0979841030 -17932.6757205997 60.6472670022 18182.7387713963
147.0940725570 556.1997646866 -17956.1456532947 60.7276124495 18206.8238366553
142.2099847646 556.1250229521 -17978.1344460413 60.8027571331 18229.3497274166
142.1558690072 556.1225441931 -17978.3814486447 60.8036007782 18229.6026009123
107.4609490204 546.0662829380 -18146.1627812665 61.3763251899 18401.3928109514
103.1650643758 544.8352706705 -18166.0970187656 61.4444770089 18421.8222783493
96.6032718239 542.1992449060 -18196.5887555549 61.5489012248 18453.1263278630
91.4894805630 539.9957000296 -18221.2967526709 61.6333930998 18478.4544716496
80.2658853318 534.9423072681 -18272.7724725727 61.8099666186 18531.3920641549
77.7004544449 533.9582987271 -18283.6669980260 61.8474510030 18542.6280973772
68.2330236333 530.1861802164 -18327.8996544269 61.9988704095 18588.0229320461
52.2288676925 522.1130772260 -18401.5985317131 62.2519032167 18663.8907172590
38.2599748634 514.2124637782 -18463.3575575618 62.4647391032 18727.7028850444
11.1102553830 491.7745246974 -18592.0538937250 62.9099579785 18861.2271555568
9.6290449670 490.3972735107 -18600.1445647929 62.9377804928 18869.5669062894
9.5461006992 490.3197034969 -18600.5954911753 62.9393318711 18870.0319136926
-0.9157549188 479.1409484647 -18658.0398496952 63.1376594384 18929.4931480559
-9.3425615888 470.1832523577 -18702.5434405873 63.2916710828 18975.6652789978
-9.7296992012 469.7617292954 -18704.6685734673 63.2990136452 18977.8661407798
-9.7973158402 469.6870750580 -18705.0364411972 63.3002861170 18978.2475488759
-19.0938711201 457.3319076736 -18760.6501572178 63.4928670566 19035.9854566022
-27.6687746906 440.2870106190 -18827.2279178932 63.7239409925 19105.2674112200
-30.1780903210 430.9646674363 -18859.4391998718 63.8361242999 19138.8977586419
-30.4865319580 429.7166526457 -18863.6272882998 63.8507401386 19143.2787510597
-32.7702913243 418.5905102503 -18899.4191348742 63.9760102773 19180.8329006815
-33.0044814214 417.1430293160 -18904.1254210904 63.9924559019 19185.7623686310
-33.7288408908 412.0627463156 -18920.2442031631 64.0488888201 19202.6786331160
-36.1589184124 393.8872417061 -18981.0264398337 64.2606421797 19266.1662465600
-36.2788960853 384.8631871006 -19010.5463447000 64.3636254823 19297.0382364975
-36.2447011288 377.3044604528 -19034.0412598121 64.4459607978 19321.7197824381
-36.2211671367 376.4438936101 -19036.6796126236 64.4552197715 19324.4950559446
-35.6041333645 348.5152564022 -19125.5995284099 64.7660369917 19417.6964010098
-30.8699182583 324.2076688018 -19210.5263367153 65.0611614862 19506.1903410204
-29.2649743217 317.5076393862 -19235.2571955887 65.1468040421 19531.8633321743
-28.9796996347 315.9083134252 -19240.9125912572 65.1664347273 19537.7474845474
-26.6951903906 301.6474099925 -19292.2662460018 65.3443699076 19591.0935361821
-20.8418814541 284.2419331002 -19356.4510544595 65.5671100113 19657.8763983308
-9.1259392806 261.7329762419 -19449.4325968939 65.8886857551 19754.3054189994
-5.5208563780 255.9040220039 -19470.7245324481 65.9633044899 19776.6734591561
4.5705174275 243.2491979056 -19522.0145367035 66.1427473682 19830.4716560258
4.7119546644 243.0864595659 -19522.6932870352 66.1451233809 19831.1838301697
5.5977031652 242.0627164767 -19526.9699528737 66.1600891646 19835.6696752468
7.5344126147 239.9075453213 -19535.9848018144 66.1916803310 19845.1390259867
18.5807166943 229.5779345570 -19583.9126031499 66.3593560263 19895.4085477982
20.2184105337 228.2408533144 -19590.6722369115 66.3829852455 19902.4912510883
22.2105294817 226.6472663164 -19598.5493194360 66.4106087725 19910.7712666621
30.3953355338 220.0518210324 -19630.1532482114 66.5217146468 19944.0784795946
34.7763972559 216.6636491705 -19647.4031942479 66.5821577941 19962.1968175166
47.6444992537 208.0822362150 -19694.3933036410 66.7472077574 20011.6789687736
82.0973297720 195.9491698588 -19818.1961537525 67.1779761004 20140.8706362409
94.4410680038 192.5414021507 -19864.6870477910 67.3388437568 20189.0986576128
105.9649989928 191.3369198106 -19919.1110914663 67.5244758986 20244.7529480790
114.9538486162 192.3627945924 -19960.7642783361 67.6666743128 20287.3828511214
115.6134477830 192.5384052182 -19964.3568962228 67.6788747146 20291.0397653663
142.3345730549 200.7316195160 -20093.6348641026 68.1199662965 20423.3306270218
145.7401714513 202.2109133984 -20112.7097103999 68.1847980428 20442.7645303429
146.5670692251 202.5979888034 -20117.4646074748 68.2009515335 20447.6063538590
148.6442178536 203.7056979990 -20129.9870698743 68.2434612112 20460.3486129667
153.3006304961 206.3731039233 -20159.4767290073 68.3434599582 20490.3256194544
155.6398268162 207.6992920823 -20174.0144032050 68.3927826349 20505.1102102114
155.8433642389 207.8100862427 -20175.2544552250 68.3969914521 20506.3717329687
169.1232587465 214.8456838129 -20249.9729275826 68.6511950911 20582.5918941734
176.5890766863 220.1029336799 -20304.3544949414 68.8351392737 20637.7400748169
178.0676884593 221.2982577680 -20316.1244759404 68.8749155875 20649.6629493046
179.6476539383 222.4482962599 -20327.5251144729 68.9135052123 20661.2300954443
182.9219014684 224.6231158137 -20352.0129109865 68.9962439590 20686.0322949792
193.9909433737 234.6274799975 -20442.2070775776 69.3012321871 20777.4871494623
207.4257011875 249.3217737331 -20541.2248157997 69.6380923304 20878.5040772775
208.7556789455 251.6478181827 -20554.0574744746 69.6818284766 20891.6138838482
209.0218360207 252.1506825317 -20557.0265427758 69.6919146263 20894.6370000856
209.0722998347 252.2458776313 -20557.5775309255 69.6937877548 20895.1984246798
210.9267161522 255.9401685707 -20579.8565356081 69.7693842590 20917.8592420359
211.7039313047 257.6625133104 -20590.4094652801 69.8051519543 20928.5803012458
213.6605666437 263.6920568247 -20626.9213415048 69.9287866028 20965.6438211380
214.3097277038 265.5002545491 -20636.4901918599 69.9613483116 20975.4038590059
225.2883918372 296.5662162831 -20786.6539503389 70.4738610992 21129.1402771095
227.0889050759 305.3078673935 -20828.8364928579 70.6176867607 21172.2580725184
228.3963496944 310.5112967843 -20853.2531584820 70.7010856627 21197.2579098062
234.9890790304 340.5786997932 -20995.4086267722 71.1860227548 21342.7198974872
234.9641486543 340.9279156173 -20997.2362246964 71.1922312721 21344.5807373052
235.0122073231 351.7618321453 -21054.9105101222 71.3879674145 21403.2659059185
232.0558300410 368.9757654840 -21190.0944559163 71.8426950949 21539.6599143642
231.2489121299 371.0506803222 -21205.2633405224 71.8938454711 21554.9920206912
228.4273286523 376.0765317734 -21241.1803267142 72.0152054466 21591.3734025687
220.8069337220 390.2581675231 -21336.9895415026 72.3391951691 21688.5321563130
220.7107042263 390.5052960048 -21338.4562070433 72.3441679596 21690.0226120094
217.4649517056 396.4460507407 -21378.4002606581 72.4793307583 21730.5427409443
205.5973266504 431.5782306843 -21667.0957796564 73.4488452022 22021.5995755053
196.9144810558 439.6693026190 -21749.0250720475 73.7250150497 22104.4116628312
191.8607783363 443.7547076491 -21800.4830229546 73.8980280822 22156.2821469180
184.5074496776 450.0620001027 -21894.9323605396 74.2146949837 22251.2443461581
183.5625542939 450.6171111742 -21903.4963917513 74.2435008375 22259.8784059021
183.5404085973 450.6291436740 -21903.6780577672 74.2441127657 22260.0618119771
183.0987617006 451.0948547707 -21907.5194957763 74.2571074702 22263.9565417833
180.5645095337 453.9210948076 -21929.8772457499 74.3327650583 22286.6350946423
168.9897690652 464.4784344830 -22009.5589571601 74.6036617795 22367.8673906492
158.1521145139 473.3237601760 -22080.9722894162 74.8464438066 22440.6652264578
156.7341335635 474.3793978044 -22089.8086578179 74.8765104327 22449.6769735175
154.2731965826 475.8165604231 -22104.2629930561 74.9256653661 22464.4105205700
154.1981402543 475.8548868153 -22104.7141096324 74.9271965888 22464.8694422176
146.7391298518 479.8680031055 -22147.3561405753 75.0722229966 22508.3472318531
146.5740793013 479.9758278755 -22148.4260450310 75.0758529038 22509.4351527438
135.7922706401 484.8752682360 -22207.3444543333 75.2763503344 22569.5491651076
130.5800657818 486.3515327818 -22231.8288071655 75.3600165159 22594.6286567458
86.1475997514 484.5594433104 -22407.5011505426 75.9648663142 22776.1196595812
82.4020368740 483.0097560739 -22423.8571003427 76.0210863519 22792.9710708546
82.3639517158 482.9929159700 -22424.0301743007 76.0216803078 22793.1490840526
81.6464915137 482.6664702851 -22427.3544428812 76.0330794298 22796.5655612846
66.4911884321 473.8259312736 -22499.2555853535 76.2800461710 22870.6189993881
