X Y Z LocalTime TrackLength
100.0000000000 100.0000000000 100.0000000000 0.0000000000 0.0000000000
99.9987625063 100.0482022237 76.4610009313 0.0785178910 23.5390620581
100.0053653337 100.0994218410 58.4473401071 0.1386052740 41.5527984652
100.0190435798 100.1352681410 45.5427800562 0.1816504656 54.4574163064
100.1492424831 100.3078108283 -26.4465638240 0.4217822753 126.4471149067
100.1871862264 100.3509877758 -50.9813879403 0.5036219066 150.9820093730
100.1941347505 100.3562420186 -54.8209998910 0.5164295131 154.8216312586
100.2772431628 100.4424615374 -96.9004375934 0.6567920505 196.9012491407
100.3074389181 100.4772567402 -111.4664488544 0.7053793026 211.4673342439
100.3285580235 100.4966563969 -120.7747124017 0.7364284912 220.7756423363
100.4671863990 100.5680384999 -168.0924948159 0.8942645628 268.0936940262
100.6732898772 100.6964050737 -236.0869206387 1.1210711196 336.0885808545
100.9119102139 100.8551043073 -293.9387504256 1.3140465296 393.9411424128
101.2012347407 100.9965211506 -354.6861681299 1.5166810573 454.6894351925
101.2436197761 101.0121177907 -362.9026139243 1.5440885987 462.9060053976
101.3388230167 101.0467733258 -380.7695215382 1.6036871767 480.7732017940
101.4964001856 101.0957207625 -408.7566048729 1.6970437091 508.7607755546
101.5295044956 101.1051288562 -414.0869283056 1.7148241341 514.0912101963
101.5591171915 101.1126958682 -418.7875592277 1.7305040907 518.7919405664
102.0482289596 101.2182505385 -482.9288105902 1.9444628965 582.9351673733
102.1499860169 101.2328447604 -495.0276561399 1.9848217790 595.0344502924
102.6646670847 101.3504120900 -558.5701511561 2.1967841563 658.5791627427
103.3346971017 101.5031172853 -633.1086519934 2.4454285270 733.1208639551
103.3435571024 101.5062946076 -634.1913135379 2.4490400356 734.2035664165
104.0331686211 101.7626455374 -723.9259221934 2.7483726889 823.9412405896
104.0982723075 101.7821701104 -732.9231209644 2.7783849856 832.9386964282
104.1556262938 101.7993445727 -740.8682730604 2.8048879265 840.8840743599
104.2979560410 101.8426561890 -760.1172364914 2.8690975085 860.1336145086
104.3338196731 101.8532572853 -764.9632845884 2.8852626747 864.9798069934
104.7662555591 101.9092335251 -825.7859398884 3.0881506230 925.8040733712
105.2049784533 101.9483684639 -886.6177826065 3.2910692335 986.6375320345
105.3607242630 101.9727258571 -906.6170067884 3.3577815719 1006.6373794444
105.4196586717 101.9860508318 -914.3577132195 3.3836025893 1014.3783219402
105.9326515513 102.1534222093 -990.4876218045 3.6375511447 1090.5101783942
106.2418828650 102.2813078631 -1037.6833130734 3.7949830646 1137.7070684351
106.3907776306 102.3571253049 -1058.8220083221 3.8654964018 1158.8464262795
106.4904142744 102.4041701669 -1072.9777252120 3.9127162458 1173.0025729069
106.6365659199 102.4596558671 -1095.6947660009 3.9884939712 1195.7201541610
106.7139984774 102.4875255164 -1107.8589655954 4.0290703233 1207.8846328034
106.7506067024 102.5015869659 -1113.7694879615 4.0487861480 1213.7952854029
107.0816254984 102.6364451137 -1171.5053956752 4.2413761980 1271.5323188763
107.5862260719 102.7123805837 -1265.8868426485 4.5562035794 1365.9151988202
107.6170402533 102.7115283372 -1270.8742997291 4.5728402719 1370.9027512575
107.6641901946 102.7108133974 -1278.8410847203 4.5994150856 1378.8696760719
107.7514290866 102.7060968835 -1294.6464951522 4.6521370929 1394.6753291309
107.8107340519 102.6977417394 -1306.4760287720 4.6915966960 1406.5050149848
108.0524728453 102.6719408815 -1349.6992104398 4.8357760667 1449.7288906194
108.0927713479 102.6674326664 -1356.7533179783 4.8593064378 1456.7831149101
108.1641164521 102.6639386680 -1369.0578272181 4.9003505758 1469.0878321746
108.6514429275 102.5798849725 -1453.0355700149 5.1804751756 1553.0670733057
109.2774161633 102.3581487245 -1553.3822821171 5.5152032824 1653.4160451895
109.3730115932 102.3410239046 -1566.9334469836 5.5604062874 1666.9675589079
109.8357038525 102.2803338276 -1635.3236113725 5.7885367505 1735.3593429745
109.8599603380 102.2765881915 -1639.1439173740 5.8012801893 1739.1797278705
109.8601355025 102.2765658152 -1639.1709015778 5.8013702009 1739.2067126520
110.2671631605 102.2538569007 -1704.1867368468 6.0182440615 1804.2238511124
110.7519080563 102.2870320451 -1789.6930971173 6.3034673345 1889.7316368767
110.9708531867 102.3182102482 -1832.6674372701 6.4468162766 1932.7065562953
111.0117245143 102.3276851832 -1840.1116130223 6.4716477815 1940.1508505040
111.4150980614 102.4635893770 -1921.7971253721 6.7441251665 2021.8375130465
111.7935962957 102.5855225840 -1988.7907826014 6.9675960051 2088.8323763778
111.8727139583 102.6033294204 -2000.2906228746 7.0059563172 2100.3325031928
111.8858321983 102.6073735438 -2002.2395945368 7.0124575516 2102.2815231998
112.0786278929 102.6612442930 -2030.3703059318 7.1062939295 2130.4129509402
112.4293294906 102.7421763280 -2079.8029201829 7.2711878389 2179.8468892349
112.6671237265 102.7970419704 -2113.7776478570 7.3845183152 2213.8224996477
112.8127034194 102.8221869822 -2135.3162573134 7.4563651106 2235.3616180633
112.9226626549 102.8397709262 -2152.5424864121 7.5138268566 2252.5882085228
113.1330925827 102.8809838447 -2185.1764532811 7.6226844599 2285.2228855391
113.7091556601 102.9994048825 -2272.7898740800 7.9149381120 2372.8383272143
113.9368668313 103.0741210370 -2312.3755267386 8.0469841249 2412.4247137964
114.2162302458 103.1802285685 -2379.9910569163 8.2725275783 2480.0409315784
114.6292286645 103.3713416976 -2460.2592603683 8.5402779271 2560.3104636009
114.7965979599 103.4150057801 -2489.2934415985 8.6371273006 2589.3451644897
115.1861782516 103.8033016920 -2574.1626988205 8.9202268321 2674.2162682052
115.3885388247 104.1032245855 -2643.9176740117 9.1529076373 2743.9722109741
115.4310127380 104.1650313464 -2661.0616876584 9.2100944885 2761.1163900527
115.4381394162 104.1745266602 -2663.9260297477 9.2196489923 2763.9807567739
115.4692958553 104.2150787459 -2677.1430250078 9.2637364961 2777.1978517690
115.4704440050 104.2164439582 -2677.5962581651 9.2652483317 2777.6510884366
115.6509352813 104.4363547607 -2736.5407523653 9.4618683939 2836.5962893746
115.6635175169 104.4562959372 -2740.7684348244 9.4759706514 2840.8240376520
115.7552994829 104.6109061051 -2770.7974173939 9.5761384035 2870.8535632472
115.8358283412 104.7692445403 -2798.2122717078 9.6675864821 2898.2689970022
115.9198969061 105.0271862382 -2838.5789913473 9.8022384774 2938.6366373968
115.9995293856 105.2665476947 -2874.2442255830 9.9212079315 2974.3027705748
116.0383985350 105.4008682546 -2891.9659061186 9.9803229660 2992.0250042973
116.0694399548 105.5251645580 -2906.7355850606 10.0295911912 3006.7952398898
116.1427756193 105.7252120048 -2932.5897988733 10.1158345390 3032.6503349637
116.2163984141 105.8752873166 -2953.4957338465 10.1855714976 3053.5569403606
116.4783186406 106.2619781255 -3017.7235490692 10.3998182022 3117.7864770458
117.0785917222 106.7970999094 -3133.7192283482 10.7867476289 3233.7850253814
117.2005241214 106.9130853615 -3162.4113466162 10.8824559303 3262.4776415244
117.4552739026 107.1577161871 -3226.5932578769 11.0965470966 3326.6605489692
117.5262534871 107.2239312036 -3245.4575004808 11.1594723028 3345.5250430373
117.5588411664 107.2531389163 -3253.7363482741 11.1870879669 3353.8040067789
117.7668291337 107.4357225989 -3315.4573590460 11.3929692755 3415.5256601361
117.9686729614 107.6865335397 -3399.3232718849 11.6727180580 3499.3922340075
117.9788373805 107.6984211081 -3403.5001790119 11.6866508255 3503.5691704823
118.0191943549 107.7318967812 -3418.7169209527 11.7374087410 3518.7860038345
118.0789337428 107.7774788991 -3438.6977087927 11.8040579816 3538.7669349517
118.1581291102 107.8707943929 -3468.3565561789 11.9029901421 3568.4260395419
118.1977600446 107.9545230118 -3492.6438018711 11.9840043532 3592.7134792378
118.2063795170 107.9848898237 -3501.8731895233 12.0147904729 3601.9429212365
118.2219223485 108.0144860688 -3512.9907510495 12.0518748535 3613.0605335670
118.2406605659 108.0425463288 -3522.3122269867 12.0829681704 3622.3820709478
118.2925361829 108.2854685614 -3604.1340317336 12.3558977368 3704.2042941240
118.3033390259 108.3239087300 -3624.8442985693 12.4249799157 3724.9146015798
118.3161698192 108.3645402047 -3655.3928143535 12.5268789488 3755.4631520037
118.3715541348 108.4052969184 -3694.4408553244 12.6571294637 3794.5112618416
118.4149782580 108.4657878055 -3733.3278714580 12.7868428936 3833.3983576271
118.4228231574 108.4910321573 -3744.6299282723 12.8245426201 3844.7004459293
118.3841917013 108.5973314379 -3800.6039432122 13.0112523169 3900.6745934573
118.3294763006 108.6662711878 -3850.6950720249 13.1783386833 3950.7658138381
118.3180644813 108.6902862475 -3865.4473797988 13.2275471911 3965.5181465939
118.3069483273 108.7148151506 -3877.3621552001 13.2672907263 3977.4329530711
118.2925844450 108.7551541753 -3894.2364736911 13.3235776050 3994.3073272574
118.2880251416 108.7903050401 -3910.2337965255 13.3769390893 4010.3046905816
118.2451925655 109.0290165296 -4054.5150793028 13.8582105789 4154.5863135720
118.2427104422 109.0322767486 -4056.7912750023 13.8658031668 4156.8625129600
118.0929672016 109.5122030411 -4246.9034542487 14.4999516819 4346.9755993788
118.0968340691 109.5347594606 -4254.0551129840 14.5238071824 4354.1272949409
118.1061015186 109.5693036758 -4265.7040677571 14.5626641166 4365.7763052289
118.1343960287 109.6454843019 -4290.3634906044 14.6449195873 4390.4358650951
118.1476944140 109.6785003036 -4298.1609414869 14.6709293754 4398.2333995359
118.1512964836 109.9443214867 -4440.1238399965 15.1444686281 4540.1969528657
118.1527205733 109.9278217879 -4476.0010786305 15.2641422904 4576.0742022970
118.1367842730 109.9254252782 -4547.8431396862 15.5037817437 4647.9162960276
118.1301921410 109.9237942589 -4558.3963245107 15.5389834051 4658.4694835310
118.0886716001 109.9191774737 -4657.8022527959 15.8705660946 4757.8754823595
118.0694549000 109.9234545805 -4677.8925238861 15.9375800932 4777.9657650979
118.0283449337 109.9091771813 -4712.7871599345 16.0539762222 4812.8604348846
117.9320496767 109.7798047923 -4790.9676436732 16.3147589386 4891.0411221953
117.9310841406 109.5993440978 -4856.4197129570 16.5330844873 4956.4934658659
117.8726995720 109.4103788948 -4910.5004405388 16.7134796782 5010.5745718649
117.8577789883 109.2886770391 -4939.5110436225 16.8102495494 5039.5854384991
117.8580862644 109.2417824447 -4950.1350458714 16.8456877703 5050.2095447535
117.8581810652 109.2346184512 -4951.7800519577 16.8511749749 5051.8545664457
117.8986056812 108.9648467836 -5010.2423336143 17.0461863825 5110.3175046946
117.9270031555 108.7914585424 -5040.2478819746 17.1462758870 5140.3235721730
117.9577189994 108.5743671921 -5075.0272584143 17.2622897662 5175.1036463620
117.9753173412 108.4733330221 -5091.5672118514 17.3174622019 5191.6439190490
117.9893341098 108.4081986771 -5102.0086566151 17.3522918401 5202.0855768608
118.1174975900 107.8833544126 -5202.8309450306 17.6886038002 5302.9093764893
118.1594552668 107.6145068635 -5262.9662906745 17.8891958821 5363.0453591548
118.2146949335 107.0971761820 -5347.6855832674 18.1717944995 5447.7662924985
118.1135812222 106.3491107832 -5451.6036414270 18.5184371520 5551.6871584102
118.0996757160 106.2976630370 -5458.8499381577 18.5426088713 5558.9336539341
118.0282490961 106.0801254984 -5487.9535346242 18.6396910751 5588.0381555167
117.7731324173 105.3493817638 -5575.6454327171 18.9322113091 5675.7335164847
117.6856735006 105.1465935612 -5600.8283767807 19.0162158429 5700.9174320936
117.4527515432 104.6615509268 -5667.1260480482 19.2373684699 5767.2173127719
117.4392376348 104.6315924900 -5671.4863851085 19.2519134096 5771.5777737606
117.0791045149 104.0422659042 -5763.2052614502 19.5578634790 5863.2993007194
117.0232865532 103.9753472781 -5775.9478653225 19.6003692506 5876.0422044841
116.7286932249 103.7779746117 -5835.3530596498 19.7985272837 5935.4484775003
116.4523610362 103.6226379873 -5895.2980765281 19.9984852376 5995.3943533151
116.4332262107 103.6142306279 -5900.1612394354 20.0147071613 6000.2575612283
116.4134036344 103.6058608349 -5905.3870915253 20.0321388845 6005.4834577211
116.2423759933 103.5587286202 -5950.4649617676 20.1825037182 6050.5616883715
116.1927717696 103.5480877384 -5965.7244495426 20.2334041987 6065.8212615822
116.1865503822 103.5470048495 -5968.0177162244 20.2410537460 6068.1145369635
116.1489132744 103.5431929649 -5982.6241151828 20.2897756378 6082.7209859132
115.9660268684 103.4925977387 -6047.7397640399 20.5069791008 6147.8369366336
115.8456524868 103.4529234999 -6101.9667083907 20.6878613066 6202.0640460206
115.8096931204 103.4542405995 -6122.8994611801 20.7576855942 6222.9968319232
115.7987032184 103.4550724301 -6129.8065407990 20.7807251733 6229.9039205311
115.7557333728 103.4791222247 -6168.5551805432 20.9099768956 6268.6525997945
115.7229275134 103.4852167499 -6197.7890050755 21.0074905531 6297.8864478971
115.7047587669 103.4907116736 -6208.5074534491 21.0432435234 6308.6049135901
115.4912992662 103.4559321894 -6400.8039360798 21.6846762930 6500.9017700971
115.5004061075 103.4582120877 -6413.3332507966 21.7264696221 6513.4310890518
115.5562038367 103.4959023660 -6582.2763704578 22.2900035544 6682.3744136248
115.6051458169 103.5406124863 -6624.3198087716 22.4302456177 6724.4179140539
115.6324945577 103.5728548621 -6646.2585267698 22.5034254785 6746.3566752228
115.7728110700 103.7217433055 -6773.5296272061 22.9279569455 6873.6280446638
115.7845665839 103.7314954667 -6778.8939215852 22.9458503875 6878.9923609008
115.8137535341 103.7508390851 -6789.2116524523 22.9802668514 6889.3101522017
116.0246864861 103.9772775185 -6869.9080011387 23.2494430207 6970.0071346445
116.0416087221 103.9981243536 -6877.1564713045 23.2736214919 6977.2556543285
116.1507041175 104.1565944520 -6915.9927277836 23.4031669580 7016.0923957590
116.4012151107 104.9756768703 -7074.2660188204 23.9311178510 7174.3681745223
116.5757900528 105.4297505661 -7142.5970253983 24.1590515089 7242.7009577496
116.5771114924 105.4329607465 -7143.0525176900 24.1605709125 7243.1564632704
116.6044129084 105.5032652015 -7152.6551481290 24.1926028448 7252.7593902872
116.6263969517 105.5611645218 -7160.5153740849 24.2188225642 7260.6198604902
116.6334093317 105.5832616945 -7163.8441773686 24.2299265319 7263.9487445405
116.6678264822 105.7331474084 -7185.9813463839 24.3037700005 7286.0864502258
116.7543965619 106.0420913857 -7232.3533987192 24.4584543010 7332.4596244507
116.8860380639 106.4651816873 -7302.0573713290 24.6909665486 7402.1650347798
117.0472253428 106.8719684898 -7374.2527909223 24.9317890975 7474.3618117437
117.0697019468 106.9270953669 -7385.3499036632 24.9688056335 7485.4590847288
117.0755918720 106.9436003386 -7388.9311921680 24.9807516755 7489.0404161561
117.2180647068 107.2332752286 -7455.5405093540 25.2029391676 7555.6505416192
117.2347254780 107.2500566428 -7460.4348533441 25.2192651411 7560.5449428276
117.4630314717 107.5333864962 -7535.9816461137 25.4712651754 7636.0926470214
117.6547054479 107.8100902061 -7604.2522146508 25.6989941684 7704.3640732137
117.8021115502 107.9194797777 -7640.0907822077 25.8185403932 7740.2031177684
117.8709178073 107.9608220968 -7654.8597310892 25.8678050578 7754.9722858228
117.9480775194 108.0040443837 -7670.8446650454 25.9211259026 7770.9574656670
118.2906647528 108.2153632206 -7740.1258198077 26.1522269835 7840.2398187381
118.4137728765 108.3207418574 -7772.5918751207 26.2605235560 7872.7063028025
118.4269525634 108.3325656247 -7776.5364734477 26.2736814592 7876.6509409253
118.4600534616 108.3637278107 -7786.5502410856 26.3070841547 7886.6648122010
118.6686479132 108.5340903232 -7841.4034095089 26.4900569618 7941.5186681204
118.8337197113 108.6227353924 -7872.4268396374 26.5935419282 7972.5426692045
119.0425491342 108.7678189503 -7914.4441782119 26.7336993252 8014.5607872836
119.1703264231 108.8847009127 -7944.6310634489 26.8343936463 8044.7481741072
119.2126710825 108.9222477331 -7954.4953989240 26.8672980867 8054.6126723532
119.3052094545 108.9999971010 -7975.0906278267 26.9359975952 8075.2082580224
119.3186427816 109.0109508645 -7977.8860953015 26.9453224552 8078.0037792604
119.5789794512 109.2470498252 -8032.2931165352 27.1268086266 8132.4119529249
119.7588951792 109.3839528951 -8076.7142276779 27.2749835018 8176.8336504648
120.0347274770 109.5501687790 -8137.5493748125 27.4779106609 8237.6696717447
120.1131580492 109.5989712963 -8153.9071886093 27.5324753535 8254.0277476432
120.1877108364 109.6434511862 -8167.9366472018 27.5792735110 8268.0574757643
120.0949740129 109.6692249526 -8209.1834250973 27.7168597055 8309.3047667412
120.0785176679 109.6685568559 -8212.7845972377 27.7288720548 8312.9059765906
120.0458483217 109.6652614147 -8219.8500345417 27.7524400838 8319.9714904001
120.0002978884 109.6577123839 -8229.3560217562 27.7841490350 8329.4775901437
119.9692932946 109.6531564241 -8235.3515541558 27.8041482622 8335.4732045849
119.7519757966 109.5978369069 -8272.9237279062 27.9294778430 8373.0460554388
119.0375186080 109.4577686413 -8384.6409399293 28.3021344589 8484.7657187210
118.9209763173 109.4204785758 -8404.1927656305 28.3673536415 8504.3179292513
118.8675565464 109.4005645310 -8413.9388991863 28.3998638258 8514.0642325358
118.8539667751 109.3974441420 -8416.3714416567 28.4079780517 8516.4968149744
118.7121542808 109.3717822523 -8440.3282362115 28.4878908051 8540.4540459259
118.7025294316 109.3703183564 -8441.9429077267 28.4932768703 8542.0687467921
117.8375273832 109.4035405672 -8565.5121300230 28.9054697493 8665.6410964028
117.4233996290 109.3696364909 -8621.7356697277 29.0930165125 8721.8661900309
116.0673827090 109.2125951782 -8766.9813371420 29.5775255714 8867.1184140563
115.7536382434 109.2013967120 -8795.8441252912 29.6738072160 8895.9829139779
114.8476636283 109.1306298375 -8876.2110453229 29.9418996878 8976.3550118656
113.8471680874 109.0115715059 -8962.3683029222 30.2293091719 9062.5182076116
113.7620670606 109.0018211729 -8969.2222084427 30.2521731373 9069.3726485629
113.0888265610 108.9388871862 -9025.2323553471 30.4390165896 9125.3868948384
112.4129572432 108.8123747125 -9084.0235337868 30.6351363705 9184.1821150139
112.1066624787 108.7441757310 -9112.8227390320 30.7312059326 9212.9830341979
111.7661861604 108.6617643050 -9145.3676294280 30.8397703486 9245.5298156695
111.6871656232 108.6420961845 -9152.8762399562 30.8648178636 9253.0388679870
111.6010514699 108.6214593005 -9160.9924425382 30.8918922270 9261.1555539130
111.2763536539 108.5309194334 -9192.2158268030 30.9960483514 9292.3807630260
109.5266699350 107.6925786716 -9371.6528334866 31.5946227847 9471.8289870290
109.4768219034 107.6523843834 -9376.7497743336 31.6116257001 9476.9263302032
108.8203642683 107.1513805804 -9441.0463133069 31.8261136253 9541.2281828224
108.7517574935 107.1039632247 -9448.1922113724 31.8499514115 9548.3745677456
108.4300842187 106.8961635806 -9480.4985946322 31.9577215344 9580.6832261955
107.9502707910 106.6550486609 -9526.4474491308 32.1110009606 9626.6352295867
107.3570472892 106.3316705334 -9585.1580348445 32.3068514683 9685.3497236557
105.8077558592 105.2281697767 -9739.7918927652 32.8226938142 9839.9954458358
104.9488245132 104.5932322478 -9826.9854931800 33.1135623338 9927.1956349794
104.3066940263 104.0777181172 -9903.0378403086 33.3672606650 10003.2524759714
103.3565128844 102.9570587993 -10040.6654630116 33.8263634334 10140.8880747768
102.5922772616 101.9467417370 -10149.5057615443 34.1894403833 10249.7358237507
102.5822919056 101.9336201805 -10150.9538131664 34.1942708794 10251.1839692598
102.2983338946 101.5754873787 -10190.6309389628 34.3266283760 10290.8637360515
102.2537925040 101.5159936076 -10197.0217434265 34.3479472579 10297.2549728078
102.0989204383 101.3020176814 -10218.6629007422 34.4201398040 10318.8977444761
101.9430550217 101.0877876143 -10239.7513484676 34.4904888823 10339.9878585299
101.7312286636 100.6738967771 -10273.8129573388 34.6041168258 10374.0526470784
101.5580154480 100.3315340186 -10300.6478588622 34.6936376191 10400.8902951359
101.3398529503 99.8101719912 -10340.0067293827 34.8249382847 10440.2532319217
100.3187235487 97.6382636011 -10495.1780731352 35.3425963349 10595.4432899225
99.9617144407 96.7546111330 -10560.7051201005 35.5611942714 10660.9772932574
99.0102218379 94.1625185907 -10750.2595739710 36.1935472974 10850.5521072197
99.0003559456 94.1259978066 -10752.7057936023 36.2017079878 10852.9986193490
98.8181497481 93.4251729529 -10799.1634739806 36.3566930361 10899.4619553450
98.7290465336 93.1077015934 -10820.4616256920 36.4277445750 10920.7626616949
98.7264822626 93.0985097963 -10821.0951726792 36.4298581012 10921.3962805472
98.7205166885 93.0756852743 -10822.6594300174 36.4350764982 10922.9607157722
98.6433346650 92.7800858200 -10842.6445313053 36.5017474451 10942.9481540756
98.5601164790 92.4207595788 -10866.1956183866 36.5803150917 10966.5021321667
98.2800802966 91.2199215222 -10948.9020977653 36.8562250153 11049.2178444200
98.1516324377 90.7946563832 -10981.2505933845 36.9641382146 11081.5693959471
98.1388090262 90.7530063308 -10984.3873819043 36.9746024302 11084.7064872116
98.0021849727 90.2722033888 -11018.4533022515 37.0882464016 11118.7760807705
97.9443296370 90.0215986212 -11035.7680487502 37.1460085818 11136.0927389035
97.9206458436 89.9159727125 -11043.0148379908 37.1701839784 11143.3403367921
97.9006268619 89.8331143855 -11048.5053160731 37.1885004589 11148.8314766702
97.9382380198 89.8223049661 -11057.6418356134 37.2189805539 11157.9682043467
96.1621568064 89.7644655057 -11172.7577404125 37.6029875961 11273.1169650679
95.4427584066 89.9459676376 -11202.2418821809 37.7013756320 11302.6117054395
94.6707494487 90.4700579899 -11220.3334219906 37.7618090762 11320.7277723036
91.6007371648 91.9877841866 -11356.4838287615 38.2160576859 11456.9484911679
91.3618421455 91.7480515049 -11388.2946983328 38.3221821670 11488.7626897199
91.3419687106 91.7590173799 -11390.1167498163 38.3282611605 11490.5848874795
90.3818720342 92.5928119458 -11435.7737834882 38.4806248611 11536.2627861762
90.1179273273 92.7109431089 -11448.4869154398 38.5230472024 11548.9794587381
87.3968083882 90.0271445206 -11592.2731961519 39.0028009209 11692.8524708507
84.5130585153 88.4338711863 -11621.1506185651 39.0997576193 11721.9180690032
82.7195978222 87.0828198936 -11640.8282302565 39.1658283818 11741.7241170969
82.7103295485 87.0740660983 -11640.9386262903 39.1661991217 11741.8352468333
81.6095922329 85.8737545541 -11654.8361747681 39.2128791508 11755.8282674110
79.1125834304 82.5096405821 -11695.5536029943 39.3494254496 11796.7635632345
78.3344640986 81.4759794103 -11708.0625456241 39.3913783696 11809.3394973001
77.2640814462 80.4037223178 -11724.5912881016 39.4467494044 11825.9379007375
74.0984335115 77.1287848113 -11767.6461384794 39.5911757673 11869.2358946363
71.0808301154 73.8190922271 -11805.8969740750 39.7196491082 11907.7506876015
68.7406158823 71.4835411485 -11831.3013893567 39.8051107263 11933.3699974656
56.8491545484 62.6779043199 -11938.2638604036 40.1652402986 12041.3570178567
55.0814679426 61.0748988160 -11955.8867609315 40.2245672665 12059.1413376526
54.8819509275 60.8963679080 -11957.8085590609 40.2310404874 12061.0817008537
49.8815270530 56.6523837085 -12012.0054222737 40.4131473855 12115.6780668012
40.1521562740 51.1261165468 -12111.0263839004 40.7455044359 12215.3347360559
37.2696503608 47.9404056143 -12153.3383693073 40.8873807565 12257.8681381767
34.9607642772 37.2399678821 -12266.6946839702 41.2672585081 12371.7792359181
39.2004691456 8.6485865940 -12526.7147825533 42.1400510923 12633.6248374613
39.6282599525 6.1297701431 -12549.1143082550 42.2152607731 12656.1706085902
39.6598917593 5.9838955334 -12550.3677911961 42.2194720740 12657.4329500830
40.2727963813 1.5653361135 -12590.6377660796 42.3546263103 12697.9508510550
40.2259660305 0.7222440533 -12596.1918930591 42.3733682213 12703.5688375492
42.1914228177 -16.8332734732 -12728.6366955137 42.8190742389 12837.2285340362
56.5182820315 -44.4609906113 -12922.5917453097 43.4743758238 13033.7839698548
63.9266926006 -55.9902576905 -12997.7168984951 43.7290771131 13110.1500943336
68.6145257886 -61.9289121182 -13040.0732893390 43.8726146487 13153.1815839466
69.0744807494 -62.4408670649 -13043.8264552229 43.8853443675 13156.9973543480
78.1398355042 -74.0888287907 -13119.8679418177 44.1437014408 13234.4599005101
83.8377947319 -80.5880700925 -13162.6495517406 44.2892967820 13278.1083957764
87.2158748336 -83.9419049298 -13185.8703977656 44.3683711866 13301.8127622994
89.1910501772 -86.1136051929 -13200.6273439993 44.4185650079 13316.8590691358
101.0546414727 -98.2258347673 -13293.6789824643 44.7340595380 13411.4585468856
101.7021795027 -98.8617671261 -13298.5555006760 44.7506074119 13416.4188338465
103.9446207889 -101.0533891373 -13315.8107793087 44.8091140171 13433.9571574900
113.7132567884 -108.4358621855 -13379.2453320147 45.0246283943 13498.5715218153
118.0701162102 -110.9918231781 -13406.7448454216 45.1179029211 13526.5330945464
131.3165429410 -116.7418928757 -13486.2479650209 45.3874714984 13607.3581885166
137.8695555535 -118.5688775633 -13522.4898699075 45.5104877224 13644.2367627797
142.6536354612 -120.0067091836 -13550.4758519445 45.6053211296 13672.6656914024
148.1618732849 -121.4200865020 -13579.8096165580 45.7050017584 13702.5478556463
148.4966916116 -121.4805044880 -13581.6428167722 45.7112219735 13704.4123663280
148.9717707783 -121.5733340280 -13584.2922649812 45.7202071482 13707.1056816919
151.4554109012 -121.9290927290 -13598.0173854860 45.7667539905 13721.0586851796
163.8333756302 -121.6633917574 -13663.6248451154 45.9894846123 13787.8371245828
171.7221815756 -120.0504710516 -13705.7054718122 46.1324145512 13830.6864323832
173.6141205619 -119.7243406487 -13715.4705291263 46.1656149748 13840.6385378005
183.6764929405 -118.2215808938 -13771.6643230634 46.3561036577 13897.7484041026
184.6085637194 -117.9544241825 -13776.9777752732 46.3741226247 13903.1496531672
189.7115187448 -116.5727807596 -13804.3461563633 46.4671092680 13931.0248956748
197.2539501295 -115.1115355124 -13843.9962537242 46.6018326311 13971.4135895052
199.0853837092 -114.7176118918 -13853.4836559080 46.6340946231 13981.0843764428
215.3318050929 -111.9809017815 -13928.7945784548 46.8912327848 14058.1815977370
217.2926146935 -111.5700296444 -13937.5632415497 46.9212395999 14067.1763533833
223.5705876521 -110.0041005572 -13968.2186549112 47.0257545493 14098.5078837480
232.1272880449 -107.1281306761 -14010.2122044149 47.1690454497 14141.4654199032
236.4801605834 -105.5588253268 -14032.7261047753 47.2457208279 14164.4505182208
253.3392161720 -96.5740200822 -14124.6562940642 47.5589722562 14258.3776945271
254.3310318183 -96.0669564631 -14129.8370085210 47.5766506803 14263.6768532409
254.4162930633 -96.0235615467 -14130.2734642220 47.5781413280 14264.1236714278
262.9333748552 -91.9541542542 -14174.9811340819 47.7305605115 14309.8182370286
271.2998712700 -87.5654956404 -14215.9139472750 47.8706930846 14351.8287889468
272.4213341979 -87.0478080408 -14221.6178905048 47.8901630666 14357.6649790655
281.3248298336 -83.0646235220 -14270.1297345653 48.0552257551 14407.1506717483
300.3061952528 -70.0953926873 -14388.0846343304 48.4561348915 14527.3730195823
300.6083572315 -69.8650747573 -14389.9239348297 48.4624005899 14529.2511551853
311.7556281760 -59.0961834615 -14463.2581103112 48.7124559022 14604.2243696394
330.3605808156 -40.0306045320 -14580.1275867878 49.1122515883 14724.1128873853
330.5207339758 -39.8488246257 -14581.0911354169 49.1155661786 14725.1064278476
349.4340792019 -16.6872648031 -14711.6550175956 49.5622675632 14859.0676296727
354.2099548958 -11.4973248942 -14744.4636491750 49.6742131787 14892.6269516810
373.0905532603 10.0278695582 -14865.1132885261 50.0877412839 15016.6356050462
374.7445592969 12.3643318792 -14878.1187508671 50.1321671527 15029.9527256378
375.5753686317 12.7656965212 -14885.6005455180 50.1573163181 15037.4912947363
377.8515671663 13.9585065946 -14904.1954635645 50.2199392434 15056.2635405373
383.7249062083 17.8972843127 -14953.4685811013 50.3859971418 15106.0476718027
384.7364367020 18.4010702723 -14959.8701789218 50.4076837954 15112.5483115287
388.8659006465 20.8011155243 -14986.4766786512 50.4978633823 15139.5819176306
392.8365157780 23.2836956217 -15012.7626163817 50.5869357101 15166.2835617039
393.3244487507 23.5755547900 -15015.8096000709 50.5972763365 15169.3831567658
393.8373834973 23.8708240111 -15018.9037086628 50.6077858585 15172.5333785854
421.1859302709 46.0752124513 -15185.6178779706 51.1761864058 15343.0142284697
436.6120742431 64.1660750933 -15299.8004544584 51.5653117982 15459.7023583407
438.7541448076 67.8337334426 -15318.6655952857 51.6298225082 15479.0405152173
439.2243877267 68.4494736739 -15322.2280053320 51.6419850241 15482.6862223037
450.2806391561 84.9309497137 -15405.7632370936 51.9283954253 15568.5633582239
451.4109227953 86.9435059023 -15415.7855481708 51.9627060907 15578.8482057360
459.7362498928 100.5424338650 -15482.4237974943 52.1912400475 15647.3673763762
466.5758857237 116.1084371093 -15546.3493095412 52.4119202806 15713.5312794739
472.6959319185 137.4924363880 -15627.5732031400 52.6928522068 15797.7653367793
473.2629763230 139.4150738655 -15634.8538129649 52.7180449066 15805.3169314186
473.8989927446 141.5374976117 -15642.6668475599 52.7451377863 15813.4381277452
474.3123020521 142.9243033663 -15647.9577326520 52.7634372109 15818.9233979204
475.0416332238 145.7746484126 -15658.3301802765 52.7994062986 15829.7053608276
476.5878198967 154.8361229423 -15691.9734177485 52.9157587967 15864.5859048626
477.8491540768 162.9863395659 -15722.2140273346 53.0203207251 15895.9314165361
479.1479181591 177.9686389652 -15774.2078590464 53.2008874666 15950.0662410355
480.3794919794 190.2576829356 -15815.1981553515 53.3436881625 15992.8767831113
482.0035277324 206.7196491453 -15869.9529924952 53.5344710347 16050.0751238360
483.0397642163 216.3947305425 -15902.3256711919 53.6472317114 16083.8787463858
483.4310236611 223.3191479480 -15925.0432277608 53.7264698751 16107.6320159738
484.3698039325 239.9141153519 -15982.5562193667 53.9261536299 16167.4995337363
484.3627968052 241.0241765199 -15986.1875685334 53.9388218147 16171.2967937683
484.0347452270 246.4638751746 -16004.0911156740 54.0012563463 16190.0124648850
483.1875731919 254.0340204876 -16029.1112089134 54.0885098774 16216.1687372706
475.8178227245 301.1193520590 -16201.6677846316 54.6853695746 16395.1955852232
474.7895652892 307.5209322078 -16224.7711833122 54.7654184469 16419.1918835523
470.3171491392 330.1371807632 -16310.3500337313 55.0610058373 16507.8222770745
470.2823937105 330.4128614880 -16311.3952439910 55.0646139681 16508.9037927924
470.0699968159 331.9673983744 -16317.1358756532 55.0844680760 16514.8550547903
469.9060809127 333.1624581864 -16321.5349714586 55.0996859310 16519.4165767460
467.9400696898 342.3469472229 -16356.0508758101 55.2190239494 16555.1922163685
460.2899472208 364.8910862830 -16446.9632105155 55.5325592914 16649.2062582290
459.3886591232 367.2680738284 -16456.7278353976 55.5662211126 16659.2965326028
453.2065948227 381.6944749669 -16514.2913849966 55.7652526687 16718.9685403647
449.3673788962 388.9013324881 -16547.4046191597 55.8790305164 16753.0771015728
447.3023426651 392.3625481252 -16564.0633119179 55.9362092415 16770.2171277141
445.2473076187 395.6813839169 -16580.1933717323 55.9915741457 16786.8134022305
443.7840891573 397.9815157761 -16591.8055285657 56.0313665473 16798.7414202555
441.9849779778 400.7969197630 -16606.4782536731 56.0815687917 16813.7900336770
434.3561550924 411.0005627485 -16666.3629241490 56.2858104620 16875.0244950800
431.7465600310 413.9838775928 -16684.8941627242 56.3490297704 16893.9753857031
427.2314384290 418.4161404962 -16713.5609682587 56.4469660960 16923.3343900660
419.0249118416 426.1528541413 -16765.6764185039 56.6248367186 16976.6608091743
418.6113837800 426.5536245963 -16768.5260344104 56.6345357483 16979.5680484409
416.1603981550 428.6677374498 -16783.8265626701 56.6867101960 16995.2078732726
414.3274707091 430.2686340034 -16794.7878566617 56.7241687375 17006.4362595098
405.7938403388 438.4429137253 -16850.6871298645 56.9147493105 17063.5740585142
393.4148247272 451.3237849100 -16924.5162901814 57.1681006117 17139.5367618869
388.3652428050 456.1293302271 -16950.4314969883 57.2576294665 17166.3751137697
386.1424744775 458.2661422420 -16961.7972617932 57.2969179142 17178.1520333288
385.7765790310 458.6058714822 -16963.5967531246 57.3031481776 17180.0195141360
385.0844996536 459.2191009202 -16966.9416184626 57.3147258444 17183.4898661777
378.3058521541 464.9877768618 -16997.2388551717 57.4200687686 17215.0694427539
376.1964723166 466.7625156620 -17006.7561433614 57.4531246445 17224.9780394817
375.7410672633 467.1254974578 -17008.8182735116 57.4602734065 17227.1208357297
372.6478233523 469.3842210034 -17022.0579430411 57.5062543369 17240.9039671589
368.9844123224 471.8589458701 -17037.1806517038 57.5588179292 17256.6604240618
362.2197242215 476.0922127508 -17063.7344649494 57.6513180831 17284.3895808748
361.9522978876 476.2551758796 -17064.7937113168 57.6550031593 17285.4941541885
359.7244027743 477.5473202217 -17073.3836773476 57.6849212001 17294.4621384716
359.2629322713 477.8155275988 -17075.1773505956 57.6911645755 17296.3335478715
350.3041019603 482.8621413735 -17111.5486998820 57.8172514125 17334.1326394217
334.3884467654 492.0144962499 -17176.6852918255 58.0429613431 17401.8054467629
316.8093470171 500.3990463316 -17242.3945176893 58.2715656995 17470.3463211803
299.8660521959 505.9523914766 -17303.2176109957 58.4830318362 17533.7474633708
295.0464384556 507.1822977606 -17319.8601335725 58.5409809237 17551.1183658665
289.1104900733 508.9097254357 -17340.0308486165 58.6113604369 17572.2157456977
273.6965452960 517.3908782208 -17404.2524245166 58.8334789233 17638.8115547756
222.4509605864 542.8423116434 -17621.6026901382 59.5823434199 17863.4812719884
214.0310484992 546.2094694552 -17657.3092101669 59.7052413095 17900.3241937783
204.4656398709 549.4222231407 -17701.4563304048 59.8563092916 17945.6136474527
190.1521332789 552.0145812065 -17769.0671483127 60.0870297421 18014.7893074745
189.9227786797 552.0388283832 -17770.0958786055 60.0905470102 18015.8435756448
187.9667661516 552.2056611567 -17778.6348042099 60.1197775873 18024.6054449837
185.9361252301 552.3631225326 -17787.1789835712 60.1490811035 18033.3891784237
179.2514293770 553.0640061064 -17815.8496731828 60.2473164074 18062.8377294357
168.9068689152 554.1960764938 -17859.8103888322 60.3980075604 18108.0141919050
159.6896173589 555.6333111636 -17901.5744037177 60.5407560658 18150.8090674994
152.4943010448 556.0980778560 -17932.6757199022 60.6472670022 18182.7387713963
147.0951599666 556.1998724633 -17956.1456525939 60.7276124495 18206.8238366553
142.2110735508 556.1251435745 -17978.1344453373 60.8027571331 18229.3497274166
142.1569577892 556.1226649579 -17978.3814479407 60.8036007782 18229.6026009123
107.4620227774 546.0664979411 -18146.1627805409 61.3763251899 18401.3928109514
103.1661361698 544.8354977043 -18166.0970180369 61.4444770089 18421.8222783493
96.6043385717 542.1994904553 -18196.5887548213 61.5489012248 18453.1263278630
91.4905429674 539.9959602894 -18221.2967519335 61.6333930998 18478.4544716496
80.2669375732 534.9425995935 -18272.7724718270 61.8099666186 18531.3920641549
77.7015048097 533.9585983855 -18283.6669972784 61.8474510030 18542.6280973772
68.2340668781 530.1865073199 -18327.8996536723 61.9988704095 18588.0229320461
52.2298935569 522.1134510615 -18401.5985309467 62.2519032167 18663.8907172590
38.2609828247 514.2128794673 -18463.3575567843 62.4647391032 18727.7028850444
11.1112085621 491.7750238251 -18592.0538929232 62.9099579785 18861.2271555568
9.6299946609 490.3977773282 -18600.1445639896 62.9377804928 18869.5669062894
9.5470501742 490.3202075554 -18600.5954903719 62.9393318711 18870.0319136926
-0.9148342698 479.1414860206 -18658.0398488807 63.1376594384 18929.4931480559
-9.3416643523 470.1838173360 -18702.5434397639 63.2916710828 18975.6652789978
-9.7288030871 469.7622955101 -18704.6685726434 63.2990136452 18977.8661407798
-9.7964199413 469.6876414714 -18705.0364403732 63.3002861170 18978.2475488759
-19.0930080716 457.3325050196 -18760.6501563827 63.4928670566 19035.9854566022
-27.6679585984 440.2876386629 -18827.2279170446 63.7239409925 19105.2674112200
-30.1773009289 430.9653060578 -18859.4391990164 63.8361242999 19138.8977586419
-30.4857461816 429.7172925456 -18863.6272874434 63.8507401386 19143.2787510597
-32.7695379321 418.5911604588 -18899.4191340097 63.9760102773 19180.8329006815
-33.0037322734 417.1436806922 -18904.1254202249 63.9924559019 19185.7623686310
-33.7281067276 412.0634014600 -18920.2442022940 64.0488888201 19202.6786331160
-36.1582383280 393.8879103314 -18981.0264389519 64.2606421797 19266.1662465600
-36.2782431388 384.8638591070 -19010.5463438118 64.3636254823 19297.0382364975
-36.2440711575 377.3051347484 -19034.0412589186 64.4459607978 19321.7197824381
-36.2205397833 376.4445680941 -19036.6796117295 64.4552197715 19324.4950559446
-35.6035920778 348.5159385464 -19125.5995274968 64.7660369917 19417.6964010098
-30.8694534928 324.2083448918 -19210.5263357851 65.0611614862 19506.1903410204
-29.2645310056 317.5083126245 -19235.2571946534 65.1468040421 19531.8633321743
-28.9792614023 315.9089862706 -19240.9125903207 65.1664347273 19537.7474845474
-26.6947977878 301.6480804385 -19292.2662450548 65.3443699076 19591.0935361821
-20.8415452387 284.2425908453 -19356.4510534993 65.5671100113 19657.8763983308
-9.1256782741 261.7336046921 -19449.4325959157 65.8886857551 19754.3054189994
-5.5206153010 255.9046407732 -19470.7245314647 65.9633044899 19776.6734591561
4.5707146160 243.2497885723 -19522.0145357078 66.1427473682 19830.4716560258
4.7121513115 243.0870497938 -19522.6932860394 66.1451233809 19831.1838301697
5.5978962353 242.0633041502 -19526.9699518768 66.1600891646 19835.6696752468
7.5345981197 239.9081274215 -19535.9848008153 66.1916803310 19845.1390259867
18.5808651268 229.5784844495 -19583.9126021394 66.3593560263 19895.4085477982
20.2185541008 228.2413983073 -19590.6722358994 66.3829852455 19902.4912510883
22.2106672337 226.6478053085 -19598.5493184220 66.4106087725 19910.7712666621
30.3954490912 220.0523353126 -19630.1532471896 66.5217146468 19944.0784795946
34.7764983321 216.6641502084 -19647.4031932220 66.5821577941 19962.1968175166
47.6445680935 208.0826978526 -19694.3933026036 66.7472077574 20011.6789687736
82.0973474796 195.9495218329 -19818.1961526885 67.1779761004 20140.8706362409
94.4410699983 192.5417138581 -19864.6870467174 67.3388437568 20189.0986576128
105.9649929090 191.3371931648 -19919.1110903841 67.5244758986 20244.7529480790
114.9538432378 192.3630371640 -19960.7642772473 67.6666743128 20287.3828511214
115.6134427840 192.5386454828 -19964.3568951335 67.6788747146 20291.0397653663
142.3345885404 200.7317651661 -20093.6348629941 68.1199662965 20423.3306270218
145.7401908938 202.2110467745 -20112.7097092885 68.1847980428 20442.7645303429
146.5670897366 202.5981191910 -20117.4646063627 68.2009515335 20447.6063538590
148.6442415216 203.7058208283 -20129.9870687603 68.2434612112 20460.3486129667
153.3006618214 206.3732097357 -20159.4767278891 68.3434599582 20490.3256194544
155.6398620570 207.6993892884 -20174.0144020846 68.3927826349 20505.1102102114
155.8433998031 207.8101827023 -20175.2544541045 68.3969914521 20506.3717329687
169.1233151284 214.8457312514 -20249.9729264508 68.6511950911 20582.5918941734
176.5891490284 220.1029527708 -20304.3544938023 68.8351392737 20637.7400748169
178.0677645336 221.2982712011 -20316.1244747997 68.8749155875 20649.6629493046
179.6477336250 222.4483037161 -20327.5251133306 68.9135052123 20661.2300954443
182.9219878164 224.6231108209 -20352.0129098411 68.9962439590 20686.0322949792
193.9910619185 234.6274327010 -20442.2070764215 69.3012321871 20777.4871494623
207.4258692712 249.3216732885 -20541.2248146286 69.6380923304 20878.5040772775
208.7558550607 251.6477121133 -20554.0574733010 69.6818284766 20891.6138838482
209.0220138917 252.1505753487 -20557.0265416016 69.6919146263 20894.6370000856
209.0724780490 252.2457702571 -20557.5775297513 69.6937877548 20895.1984246798
210.9269071839 255.9400531631 -20579.8565344300 69.7693842590 20917.8592420359
211.7041283816 257.6623944927 -20590.4094641003 69.8051519543 20928.5803012458
213.6607850391 263.6919288699 -20626.9213403191 69.9287866028 20965.6438211380
214.3099525574 265.5001236588 -20636.4901906725 69.9613483116 20975.4038590059
225.2887299076 296.5660349513 -20786.6539491225 70.4738610992 21129.1402771095
227.0892755899 305.3076764933 -20828.8364916327 70.6176867607 21172.2580725184
228.3967394886 310.5110992827 -20853.2531572514 70.7010856627 21197.2579098062
234.9895816799 340.5784661275 -20995.4086255126 71.1860227548 21342.7198974872
234.9646526485 340.9276819565 -20997.2362234365 71.1922312721 21344.5807373052
235.0127533372 351.7615946560 -21054.9105088510 71.3879674145 21403.2659059185
232.0564431104 368.9755330358 -21190.0944546283 71.8426950949 21539.6599143642
231.2495335649 371.0504503969 -21205.2633392320 71.8938454711 21554.9920206912
228.4279706129 376.0763113720 -21241.1803254175 72.0152054466 21591.3734025687
220.8076348260 390.2579734443 -21336.9895401915 72.3391951691 21688.5321563130
220.7114063387 390.5051022462 -21338.4562057319 72.3441679596 21690.0226120094
217.4656785197 396.4458678092 -21378.4002593390 72.4793307583 21730.5427409443
205.5982041707 431.5780843271 -21667.0957783036 73.4488452022 22021.5995755053
196.9153943145 439.6691897263 -21749.0250706774 73.7250150497 22104.4116628312
191.8617105337 443.7546146636 -21800.4830215748 73.8980280822 22156.2821469180
184.5084114973 450.0619359413 -21894.9323591473 74.2146949837 22251.2443461581
183.5635187450 450.6170508410 -21903.4963903574 74.2435008375 22259.8784059021
183.5413730991 450.6290834345 -21903.6780563732 74.2441127657 22260.0618119771
183.0997283002 451.0947962636 -21907.5194943814 74.2571074702 22263.9565417833
180.5654889895 453.9210461634 -21929.8772443493 74.3327650583 22286.6350946423
168.9907967182 464.4784320605 -22009.5589557372 74.6036617795 22367.8673906492
158.1531837366 473.3238008973 -22080.9722879723 74.8464438066 22440.6652264578
156.7352077941 474.3794442829 -22089.8086563712 74.8765104327 22449.6769735175
154.2742777787 475.8166170225 -22104.2629916048 74.9256653661 22464.4105205700
154.1992216203 475.8549437367 -22104.7141081809 74.9271965888 22464.8694422176
146.7402309417 479.8680912660 -22147.3561391104 75.0722229966 22508.3472318531
146.5751809080 479.9759167189 -22148.4260435658 75.0758529038 22509.4351527438
135.7933966864 484.8754023720 -22207.3444528497 75.2763503344 22569.5491651076
130.5811998803 486.3516891676 -22231.8288056735 75.3600165159 22594.6286567458
86.1487389513 484.5597953303 -22407.5011489820 75.9648663142 22776.1196595812
82.4031702851 483.0101253370 -22423.8570987757 76.0210863519 22792.9710708546
82.3650850519 482.9932854034 -22424.0301727336 76.0216803078 22793.1490840526
81.6476236049 482.6668430276 -22427.3544413129 76.0330794298 22796.5655612846
66.4922862558 473.8263733034 -22499.2555836709 76.2800461710 22870.6189993881
