X Y Z LocalTime TrackLength
-98.8200000000 -2.8129739564 3.1096115646 0.0000000000 0.0000000000
-82.3500000000 -2.8129739564 3.1096115646 0.0551905847 16.4700000000
-81.8500000000 -2.8129739564 3.1096115646 0.0568660730 16.9700039256
-81.3274050051 -2.8119260923 3.1112990132 0.0586172989 17.4926069893
-80.6380697365 -2.8084421401 3.1139393645 0.0609273158 18.1819562027
-80.1200000000 -2.8060404507 3.1160391765 0.0626634081 18.7000399869
-79.7702541027 -2.8056849668 3.1202443973 0.0638355129 19.0498132765
-78.7393276473 -2.8066168592 3.1303010757 0.0672903855 20.0807893963
-78.3900000000 -2.8069926842 3.1338191306 0.0684610683 20.4301368890
-77.8747671229 -2.8062205875 3.1404212661 0.0701878019 20.9454168420
-77.1759104772 -2.8067538746 3.1511597303 0.0725300182 21.6443562903
-76.6600000000 -2.8073547306 3.1592781555 0.0742591030 22.1603352056
-76.3117106732 -2.8089500488 3.1659275882 0.0754264898 22.5086935786
-75.2771605066 -2.8115193392 3.1844603635 0.0788939759 23.5434131392
-74.9300000000 -2.8127965352 3.1904959481 0.0800575434 23.8906303706
-74.4056293430 -2.8132733917 3.1992678211 0.0818150367 24.4150789787
-73.7241006613 -2.8130692409 3.2098215659 0.0840992281 25.0966894982
-73.2000000000 -2.8130824378 3.2177044090 0.0858557779 25.6208538081
-72.8538147993 -2.8137675615 3.2224677650 0.0870160213 25.9670743643
-71.8126373027 -2.8221811377 3.2301491131 0.0905054223 27.0083143891
-71.4700000000 -2.8250456752 3.2326854487 0.0916537410 27.3509749239
-70.9226050989 -2.8297815010 3.2357318659 0.0934882748 27.8984035668
-70.2968295419 -2.8360567218 3.2371412835 0.0955855030 28.5242122488
-69.7400000000 -2.8415337584 3.2382375927 0.0974516620 29.0810747572
-69.4053751533 -2.8427509389 3.2382494812 0.0985730816 29.4157036079
-68.3420414143 -2.8499362883 3.2351991861 0.1021366875 30.4790662013
-68.0100000000 -2.8520823076 3.2340120903 0.1032494772 30.8111184368
-67.4241164534 -2.8537423083 3.2319229022 0.1052129548 31.3970135568
-66.8716966994 -2.8570000565 3.2328155129 0.1070643085 31.9494436930
-66.2800000000 -2.8607907710 3.2337101703 0.1090473005 32.5411588244
-65.9521856654 -2.8624098493 3.2360841541 0.1101459511 32.8689874779
-64.8759850882 -2.8681248989 3.2468735508 0.1137528802 33.9452575287
-64.5500000000 -2.8699119455 3.2500229561 0.1148454314 34.2712644357
-64.0500000000 -2.8725193019 3.2524138901 0.1165211425 34.7712809701
-63.5500000000 -2.8750448711 3.2525031680 0.1181968406 35.2712913799
-63.2083784975 -2.8757556047 3.2503378453 0.1193417651 35.6129223637
-62.1561275802 -2.8774191351 3.2362937714 0.1228685736 36.6652685268
-61.8200000000 -2.8776591238 3.2317469398 0.1239951687 37.0014287657
-61.2348176084 -2.8780869610 3.2216567398 0.1259566429 37.5867038302
-60.6872819756 -2.8765784469 3.2149539625 0.1277918093 38.1342826278
-60.0900000000 -2.8750097633 3.2075885815 0.1297937127 38.7316178430
-59.7647260245 -2.8746619513 3.2045952379 0.1308838963 39.0569074897
-58.6824585751 -2.8795387082 3.1952143060 0.1345112359 40.1392267987
-58.3600000000 -2.8811728043 3.1925962945 0.1355919911 40.4617018260
-57.7040217797 -2.8834201724 3.1875858207 0.1377905597 41.1177100097
-57.2898193675 -2.8838189047 3.1860725045 0.1391787648 41.5319154092
-56.6300000000 -2.8843018388 3.1838543176 0.1413901571 42.1917457518
-56.3104494841 -2.8844734819 3.1848426629 0.1424611404 42.5112995023
-55.2210424207 -2.8841431547 3.1902584757 0.1461123584 43.6007202903
-54.9000000000 -2.8841607184 3.1918231250 0.1471883542 43.9217682015
-54.2605952182 -2.8843812627 3.1944924735 0.1493313633 44.5611852523
-53.8061977912 -2.8832899954 3.1959009783 0.1508543154 45.0155862100
-53.1700000000 -2.8817436526 3.1979773647 0.1529865898 45.6517958712
-52.8464585868 -2.8816562100 3.1988926852 0.1540709701 45.9753403003
-51.7649727382 -2.8844685809 3.2036191032 0.1576957154 47.0568403441
-51.4400000000 -2.8851522086 3.2048689312 0.1587849032 47.3818179306
-50.8321161692 -2.8738482971 3.2093933756 0.1608226993 47.9898297352
-50.3138268486 -2.8651464874 3.2114874403 0.1625600751 48.5081963941
-49.7100000000 -2.8553266281 3.2140276888 0.1645841695 49.1121144065
-49.3812238846 -2.8507571302 3.2155138916 0.1656862315 49.4409274075
-48.3110882181 -2.8395638386 3.2223329224 0.1692732397 50.5111435573
-47.9800000000 -2.8363228843 3.2244557193 0.1703830149 50.8422562429
-47.4067551543 -2.8322949618 3.2286571226 0.1723044488 51.4155360371
-46.8195171985 -2.8254982581 3.2309245500 0.1742728440 52.0028177722
-46.2500000000 -2.8190190081 3.2334828258 0.1761818421 52.5723829117
-45.7500000000 -2.8119684163 3.2363372555 0.1778578995 53.0724448884
-45.2500000000 -2.8014899864 3.2382287985 0.1795341512 53.5725623778
-44.7578571243 -2.7870027265 3.2454399219 0.1811845863 54.0649752486
-43.9846729381 -2.7612019482 3.2587988714 0.1837779547 54.8387053521
-43.5200000000 -2.7458320017 3.2669844826 0.1853365283 55.3037080458
-43.1317923078 -2.7343596114 3.2736194667 0.1866384783 55.6921443876
-42.1989797975 -2.7039275568 3.2898475133 0.1897672422 56.6255945386
-41.7900000000 -2.6906299818 3.2976940560 0.1911390506 57.0348684618
-41.3932121938 -2.6787314684 3.3059707228 0.1924699088 57.4319235216
-40.4410606569 -2.6540951168 3.3275228360 0.1956632746 58.3846378189
-40.0600000000 -2.6445240710 3.3365547059 0.1969413000 58.7659280595
-39.5913936269 -2.6348871679 3.3485432911 0.1985128574 59.2347904698
-38.8164566460 -2.6180599814 3.3648898978 0.2011115530 60.0100826569
-38.3300000000 -2.6078073251 3.3752394874 0.2027428364 60.4967613400
-37.9775368662 -2.6002624040 3.3821222861 0.2039247579 60.8493744733
-36.9418935578 -2.5760056207 3.4037368236 0.2073978627 61.8855275842
-36.6000000000 -2.5681010386 3.4110124692 0.2085444314 62.2275918454
-36.0327179384 -2.5573031350 3.4199526633 0.2104465062 62.7950524725
-35.4572232034 -2.5454989316 3.4311624309 0.2123763115 63.3707775055
-34.8700000000 -2.5339213025 3.4431666592 0.2143454535 63.9582432626
-34.5457440048 -2.5262709414 3.4473482936 0.2154327451 64.2826182115
-33.4562255623 -2.4969307129 3.4548812049 0.2190862114 65.3725579787
-33.1400000000 -2.4884438639 3.4571165694 0.2201466058 65.6889069807
-31.4100000000 -2.4380902628 3.4693771463 0.2259481724 67.4197333321
-31.1058421527 -2.4309184166 3.4750283571 0.2269681888 67.7240297607
-29.9820041614 -2.4100466683 3.4965288954 0.2307367177 68.8482674776
-29.6800000000 -2.4045554256 3.5026926046 0.2317494385 69.1503859775
-27.9500000000 -2.3705398297 3.5396092126 0.2375510027 70.8811646804
-27.4500000000 -2.3592525238 3.5474107030 0.2392277125 71.3813571475
-26.9500000000 -2.3491100898 3.5553022704 0.2409043521 71.8815265053
-26.2961779553 -2.3367969326 3.5615504472 0.2430965744 72.5355015870
-25.8808814804 -2.3282407709 3.5643402319 0.2444890603 72.9508956125
-25.2200000000 -2.3146023080 3.5692054426 0.2467050036 73.6119431299
-24.9023791938 -2.3065464606 3.5724963635 0.2477701473 73.9296848423
-23.8046556039 -2.2820290380 3.5846483449 0.2514511454 75.0277497323
-23.4900000000 -2.2751316658 3.5886271482 0.2525062930 75.3425077612
-22.6693129962 -2.2521367814 3.6007595835 0.2552588450 76.1636179904
-22.5960875737 -2.2499912826 3.6017597554 0.2555044474 76.2368816741
-21.7600000000 -2.2255661682 3.6136878617 0.2583087512 77.0734229504
-21.4519607301 -2.2173368331 3.6175276614 0.2593418498 77.3815976728
-20.3359696261 -2.1885174997 3.6305851600 0.2630845358 78.4980375171
-20.0300000000 -2.1809925347 3.6350405501 0.2641106708 78.8041336949
-18.3000000000 -2.1366628741 3.6627568392 0.2699128915 80.5349748646
-17.9984077229 -2.1296370471 3.6701120558 0.2709245279 80.8367401845
-16.8703097942 -2.1037206242 3.6937924762 0.2747082187 81.9653845740
-16.5700000000 -2.0972420539 3.7000640566 0.2757154390 82.2658312592
-14.8400000000 -2.0640508747 3.7368166344 0.2815175511 83.9965915664
-14.5391779581 -2.0540632415 3.7429668929 0.2825268257 84.2976437604
-13.4123519660 -2.0152604494 3.7639994162 0.2863074299 85.4253340456
-13.1100000000 -2.0048505315 3.7694573349 0.2873218389 85.7279159789
-11.3800000000 -1.9374433541 3.7974292147 0.2931268841 87.4595066349
-11.0729650941 -1.9262118873 3.8013816842 0.2941570427 87.7667739689
-9.9599731097 -1.8808125594 3.8181889352 0.2978920746 88.8808185214
-9.6500000000 -1.8681131138 3.8229733660 0.2989323117 89.1910902410
-9.1500000000 -1.8440463510 3.8292693236 0.3006107312 89.6917130914
-8.6500000000 -1.8210725379 3.8345720378 0.3022889478 90.1922730849
-6.9200000000 -1.7415844765 3.8596076223 0.3080958842 91.9243317894
-6.6185576913 -1.7278451180 3.8635691772 0.3091076911 92.2261146524
-5.4901293437 -1.6754110958 3.8789422588 0.3128955097 93.3558653971
-5.1900000000 -1.6615521241 3.8832319055 0.3139029577 93.6563467620
-3.4600000000 -1.5681567573 3.8932809380 0.3197118609 95.3889479892
-3.1442234188 -1.5549155506 3.8940319102 0.3207715532 95.7050047234
-2.0598101595 -1.5064010365 3.8949622587 0.3244111069 96.7905032873
-1.7300000000 -1.4917219190 3.8954460395 0.3255180212 97.1206422368
-1.1979870110 -1.4689478618 3.8961884500 0.3273034453 97.6531479911
-0.4934940771 -1.4381857400 3.9002580019 0.3296678463 98.3583242110
-0.0000000000 -1.4166872495 3.9034408115 0.3313240995 98.8523009263
0.3792908925 -1.3988624021 3.9080762932 0.3325973380 99.2320412831
1.3247604580 -1.3591018860 3.9208202888 0.3357705523 100.1784324996
1.7300000000 -1.3420011874 3.9261390759 0.3371306336 100.5840704950
2.1243193866 -1.3250456129 3.9296853542 0.3384540539 100.9787729581
3.0916811318 -1.2818192406 3.9396395444 0.3417010210 101.9471513462
3.4600000000 -1.2651838652 3.9434152182 0.3429373182 102.3158674514
3.9769421311 -1.2424373978 3.9476571029 0.3446723672 102.8333319451
4.6373651884 -1.2166996292 3.9540196757 0.3468885700 103.4942871549
5.1900000000 -1.1950696400 3.9597531468 0.3487430919 104.0473802784
5.5165237997 -1.1835800449 3.9637466327 0.3498387034 104.3741324738
6.6046419379 -1.1433386031 3.9763240255 0.3534899754 105.4630673426
6.9200000000 -1.1318067442 3.9800374005 0.3545481756 105.7786598093
8.6500000000 -1.0694811820 4.0044380368 0.3603533573 107.5100077796
9.1500000000 -1.0592303616 4.0095660226 0.3620303794 108.0101436339
9.6500000000 -1.0494821256 4.0171654449 0.3637074817 108.5103008908
10.0798383878 -1.0401945785 4.0271399422 0.3651495390 108.9403586242
10.9656575813 -1.0207036976 4.0467174529 0.3681213304 109.8266087300
11.3800000000 -1.0116334773 4.0565381924 0.3695114367 110.2411698552
11.8052115559 -1.0030110954 4.0671986389 0.3709380136 110.6666056770
12.6646560688 -0.9854207238 4.0908038249 0.3738216392 111.5265544711
13.1100000000 -0.9767140223 4.1031302922 0.3753158496 111.9721576177
13.4816345049 -0.9686253114 4.1121538756 0.3765627061 112.3439921485
14.4811825486 -0.9445537454 4.1364935708 0.3799164473 113.3441265357
14.8400000000 -0.9360316839 4.1452533988 0.3811203665 113.7031543904
15.3596696260 -0.9274938925 4.1596822143 0.3828638871 114.2230992931
16.0229468639 -0.9150978925 4.1795490250 0.3850894611 114.8867899407
16.5700000000 -0.9051069918 4.1963336949 0.3869250819 115.4341971321
16.8993239612 -0.8946371184 4.2078442696 0.3880306526 115.7638904535
17.9801353029 -0.8656585543 4.2389991531 0.3916578176 116.8455392138
18.3000000000 -0.8569361840 4.2481231785 0.3927312804 117.1656547344
19.0724687237 -0.8407525440 4.2698714766 0.3953232664 117.9386098786
19.2309783875 -0.8371185261 4.2736344334 0.3958551065 118.0972058646
20.0300000000 -0.8191406992 4.2928440694 0.3985360203 118.8966721898
20.3373146996 -0.8130990460 4.2968793309 0.3995668760 119.2040744858
21.4549484142 -0.7977896183 4.3121158280 0.4033155287 120.3219171862
21.7600000000 -0.7935270599 4.3168198452 0.4043387346 120.6270365184
23.4900000000 -0.7734576076 4.3400867415 0.4101411878 122.3573642482
23.7916913059 -0.7720223799 4.3438157333 0.4111530165 122.6590836860
24.9191219411 -0.7653733946 4.3560129303 0.4149342251 123.7866001742
25.2200000000 -0.7636719804 4.3592660877 0.4159433189 124.0875022961
26.9500000000 -0.7604470395 4.3765279911 0.4217453272 125.8176465959
27.4500000000 -0.7587871011 4.3887601009 0.4234226692 126.3178035788
27.9500000000 -0.7579170868 4.3997770207 0.4250999192 126.8179303238
28.3113525035 -0.7564449292 4.4078752807 0.4263121015 127.1793789799
29.3164544715 -0.7521763304 4.4291042649 0.4296837148 128.1847144287
29.6800000000 -0.7507743036 4.4363540094 0.4309031983 128.5483373931
30.1554442845 -0.7467326288 4.4445460731 0.4324980077 129.0238736235
30.9388885360 -0.7425639718 4.4505020638 0.4351255998 129.8073517355
31.4100000000 -0.7399563827 4.4540989134 0.4367056641 130.2784882727
31.7804620229 -0.7392653221 4.4545694746 0.4379481138 130.6489537926
32.7718913347 -0.7435687792 4.4589276662 0.4412732230 131.6404022260
33.1400000000 -0.7453119977 4.4608370734 0.4425078149 132.0085224953
33.6156940568 -0.7469702463 4.4620301384 0.4441032188 132.4842251582
34.3899994633 -0.7510219623 4.4654420488 0.4467001678 133.2585488078
34.8700000000 -0.7537601271 4.4674792377 0.4483100502 133.7385657787
35.2309316699 -0.7572743771 4.4678687760 0.4495206208 134.0995172018
36.2459056744 -0.7712524261 4.4739717757 0.4529251002 135.1146060334
36.6000000000 -0.7761626236 4.4762327441 0.4541128283 135.4687439669
37.1189051265 -0.7840907954 4.4804334201 0.4558534410 135.9877317019
37.7949629481 -0.7961386954 4.4855215405 0.4581213026 136.6639161299
38.3300000000 -0.8057725209 4.4896689950 0.4599161158 137.1990613508
38.6670541529 -0.8112583975 4.4936202264 0.4610468001 137.5361854342
39.7311447246 -0.8342478351 4.5066966235 0.4646168189 138.6006049427
40.0600000000 -0.8412757028 4.5106334734 0.4657201188 138.9295608985
40.6998010838 -0.8556799380 4.5176895001 0.4678666706 139.5695707146
41.1176228084 -0.8686510649 4.5245534973 0.4692689095 139.9876501724
41.7900000000 -0.8896850997 4.5349909964 0.4715254398 140.6604457899
42.1021884246 -0.8957765570 4.5340007196 0.4725727358 140.9726970486
43.2117194780 -0.9161235363 4.5328571358 0.4762947826 142.0824155325
43.5200000000 -0.9217856365 4.5324603819 0.4773289468 142.3907500989
45.2500000000 -0.9466751206 4.5394480424 0.4831321253 144.1209999072
45.7500000000 -0.9584129282 4.5403340870 0.4848096580 144.6211431985
46.2500000000 -0.9704974945 4.5402147029 0.4864872266 145.1212939832
46.5710090815 -0.9782791100 4.5401397085 0.4875642672 145.4423993401
47.6601546913 -1.0082797746 4.5359296551 0.4912188874 146.5319665251
47.9800000000 -1.0170210157 4.5346547170 0.4922921218 146.8519357496
48.6447329195 -1.0312798683 4.5341837155 0.4945222957 147.5168301808
49.0425899426 -1.0412679406 4.5331766446 0.4958572333 147.9148138913
49.7100000000 -1.0579299689 4.5309939887 0.4980966061 148.5824439884
50.0280966347 -1.0670539576 4.5293510099 0.4991640438 148.9006776274
51.1240930835 -1.0975840718 4.5206231974 0.5028418768 149.9971343010
51.4400000000 -1.1064387372 4.5180154862 0.5039019746 150.3131779602
52.1827683516 -1.1278366456 4.5108801815 0.5063945972 151.0562993100
52.4179382915 -1.1339857923 4.5089027255 0.5071837350 151.2915579700
53.1700000000 -1.1536136466 4.5020966188 0.5097073697 152.0439174229
53.4814905629 -1.1623041609 4.5008679985 0.5107526395 152.3555334836
54.5897263704 -1.1990663689 4.4947550882 0.5144721890 153.4643960956
54.9000000000 -1.2095171996 4.4927377976 0.5155135800 153.7748540909
56.6300000000 -1.2630371908 4.4756567042 0.5213197566 155.5058238091
56.9366237183 -1.2735227944 4.4737608140 0.5223489395 155.8126344417
58.0547167602 -1.3095441222 4.4645853314 0.5261016400 156.9313455986
58.3600000000 -1.3192699526 4.4619996433 0.5271262701 157.2367964756
60.0900000000 -1.3807966048 4.4505067479 0.5329333787 158.9679865062
60.3935452718 -1.3974219377 4.4506948426 0.5339531743 159.2719885843
61.5165958990 -1.4606559283 4.4494277505 0.5377265284 160.3968189967
61.8200000000 -1.4777720256 4.4494312015 0.5387459480 160.7007073047
63.5500000000 -1.5794809389 4.4493178737 0.5445594792 162.4337531642
64.0500000000 -1.6090359276 4.4487080898 0.5462397587 162.9346311858
64.5500000000 -1.6399089306 4.4505972779 0.5479203304 163.4355919082
66.2800000000 -1.7469419438 4.4596473310 0.5537352232 165.1689824091
66.5849465616 -1.7620999071 4.4599075887 0.5547595260 165.4743074146
67.6929328892 -1.8253207129 4.4663295434 0.5584827414 166.5841147850
68.0100000000 -1.8434302083 4.4681320221 0.5595482009 166.9017057485
68.5890980866 -1.8751755743 4.4719455335 0.5614939466 167.4816924793
69.2150456278 -1.9112861139 4.4769261702 0.5635974770 168.1087007976
69.7400000000 -1.9414329753 4.4803566842 0.5653615712 168.6345367442
70.1107988345 -1.9613434006 4.4840170680 0.5666074138 169.0058905190
71.0656368965 -2.0146676170 4.4993538854 0.5698162118 169.9623395718
71.4700000000 -2.0369678882 4.5058859212 0.5711750533 170.3673730546
71.8588685291 -2.0583227121 4.5135028388 0.5724818963 170.7569049833
72.8388848773 -2.1069123822 4.5321447158 0.5757744367 171.7383024186
73.2000000000 -2.1250950290 4.5388512788 0.5769877064 172.0999398018
73.7435815324 -2.1521667286 4.5507814041 0.5788141079 172.6443316640
74.3404010893 -2.1808348153 4.5649096804 0.5808193171 173.2420066048
74.9300000000 -2.2093378574 4.5786411467 0.5828002799 173.8324607123
75.2467190497 -2.2260705329 4.5880268065 0.5838648405 174.1497623132
76.3548737538 -2.2865633175 4.6225384181 0.5875901243 175.2601036440
76.6600000000 -2.3032129201 4.6321927029 0.5886158844 175.5658381434
78.3900000000 -2.3762275203 4.6857860434 0.5944281570 177.2982675029
78.6906278760 -2.3891290385 4.6921156346 0.5954379688 177.5992404717
79.8153974290 -2.4344702823 4.7144409240 0.5992155993 178.7251451822
80.1200000000 -2.4467851993 4.7203955910 0.6002386326 179.0300566145
80.8865667529 -2.4811404976 4.7315932088 0.6028134855 179.7974863818
81.1294493895 -2.4912771756 4.7344725949 0.6036291869 180.0405975654
81.8500000000 -2.5215971560 4.7423858927 0.6060491084 180.7618397137
82.3500000000 -2.5457502250 4.7488398320 0.6077288491 181.2624694099
