X Y Z LocalTime TrackLength
-98.8200000000 2.2534945866 -0.8896348945 0.0000000000 0.0000000000
-82.3500000000 2.2534945866 -0.8896348945 0.0551905847 16.4700000000
-81.8500000000 2.2534945866 -0.8896348945 0.0568660730 16.9700039256
-81.0330666668 2.2504516814 -0.8889618473 0.0596036276 17.7869536942
-80.9350466811 2.2502874074 -0.8888485484 0.0599320943 17.8849738847
-80.1200000000 2.2489716785 -0.8880445659 0.0626633298 18.7000324821
-79.8088777342 2.2509452801 -0.8885962063 0.0637059336 19.0111630222
-78.6997520401 2.2579786960 -0.8875936795 0.0674227403 20.1203116857
-78.3900000000 2.2600233621 -0.8871849025 0.0684607585 20.4300722577
-76.6600000000 2.2648320066 -0.8881695501 0.0742581160 22.1601265226
-76.3507366349 2.2606089176 -0.8850329224 0.0752946420 22.4694361402
-75.2431078488 2.2415039116 -0.8760975108 0.0790071142 23.5772659709
-74.9300000000 2.2360139487 -0.8738453124 0.0800565667 23.8904316000
-74.2356373534 2.2261166481 -0.8685771229 0.0823837734 24.5848924166
-73.8842547058 2.2228093859 -0.8620810894 0.0835615743 24.9363507041
-73.2000000000 2.2159984218 -0.8495112697 0.0858551383 25.6207622034
-72.8799533280 2.2133327440 -0.8434141499 0.0869279114 25.9408796797
-71.7926068131 2.2042766426 -0.8247858257 0.0905725010 27.0284237055
-71.4700000000 2.2013118136 -0.8193758774 0.0916538238 27.3510911588
-70.8558594768 2.1937553930 -0.8091006724 0.0937123904 27.9653701357
-70.3445135897 2.1888699533 -0.8054400420 0.0954261573 28.4767525154
-69.7400000000 2.1831789932 -0.8012759479 0.0974521689 29.0813130751
-69.4094349532 2.1791852956 -0.7978413328 0.0985601207 29.4119218362
-68.3452785801 2.1659797280 -0.7879405889 0.1021268307 30.4762064201
-68.0100000000 2.1619215153 -0.7844340936 0.1032505869 30.8115296950
-67.4603119702 2.1563319117 -0.7771550376 0.1050930077 31.3612991788
-66.8206097986 2.1500970138 -0.7699579112 0.1072370845 32.0010723039
-66.2800000000 2.1447233174 -0.7636653438 0.1090490483 32.5417501203
-65.9348781714 2.1412497188 -0.7594311590 0.1102058098 32.8869173147
-64.9004589898 2.1291064507 -0.7428932488 0.1136731780 33.9215401837
-64.5500000000 2.1248086177 -0.7374144722 0.1148479237 34.2720703233
-64.0500000000 2.1195752366 -0.7310681283 0.1165238345 34.7721420116
-63.5500000000 2.1149514183 -0.7248148061 0.1181997277 35.2722065234
-63.1685892590 2.1101638230 -0.7203246612 0.1194781745 35.6536760860
-62.2148610830 2.1069095008 -0.6991401450 0.1226753124 36.6076452733
-61.8200000000 2.1054064663 -0.6902916263 0.1239989958 37.0026108680
-61.4047359630 2.1040692649 -0.6794979000 0.1253911984 37.4180201012
-60.4895627307 2.1052815814 -0.6578016521 0.1284592082 38.3334514816
-60.0900000000 2.1057397197 -0.6485664479 0.1297986775 38.7331237740
-59.6489968567 2.1045189966 -0.6390677230 0.1312770264 39.1742340420
-58.8171837163 2.1045451507 -0.6214617937 0.1340654470 40.0062336447
-58.3600000000 2.1044517692 -0.6118679056 0.1355980231 40.4635214137
-57.9930882711 2.1049132513 -0.6042078442 0.1368279953 40.8305155716
-56.9842162817 2.1075509762 -0.5790056793 0.1402103190 41.8397059885
-56.6300000000 2.1082474369 -0.5703340314 0.1413978513 42.1940311317
-56.1006255719 2.1092166896 -0.5579887510 0.1431725689 42.7235549508
-55.4497358776 2.1107722085 -0.5436359119 0.1453546158 43.3746048414
-54.9000000000 2.1119807623 -0.5313166303 0.1471975694 43.9244850035
-54.5679892650 2.1136615120 -0.5249765143 0.1483105546 44.2565623255
-53.4955470750 2.1165855535 -0.5054748247 0.1519055754 45.3291860425
-53.1700000000 2.1174766813 -0.4996832853 0.1529968621 45.6547875845
-52.5169970728 2.1198649901 -0.4887803793 0.1551858041 46.3078928795
-52.1124446479 2.1243382943 -0.4813244769 0.1565420338 46.7125387804
-51.4400000000 2.1312125450 -0.4690750098 0.1587963230 47.3851375394
-51.1261230068 2.1350476198 -0.4619525267 0.1598486834 47.6991203750
-50.0186261542 2.1510877854 -0.4358521413 0.1635620738 48.8070411665
-49.7100000000 2.1554170414 -0.4284238421 0.1645968915 49.1157886242
-47.9800000000 2.1725441555 -0.3937484368 0.1703967681 50.8462701524
-47.6780448905 2.1758389112 -0.3844622324 0.1714093839 51.1483874931
-46.5503264347 2.1928399267 -0.3567032456 0.1751907939 52.2765759754
-46.2500000000 2.1972151606 -0.3490856872 0.1761978465 52.5770323506
-45.7500000000 2.2048336253 -0.3346919452 0.1778746196 53.0773016378
-45.2500000000 2.2110387432 -0.3243388804 0.1795510003 53.5774514444
-44.5676753137 2.2221538411 -0.3101687294 0.1818388165 54.2600214795
-44.2219448586 2.2284602766 -0.3026349642 0.1829981124 54.6058915588
-43.5200000000 2.2409687626 -0.2872549151 0.1853518480 55.3081244846
-43.2081755320 2.2475137798 -0.2807037904 0.1863974974 55.6200880434
-42.0967949891 2.2751377323 -0.2610632511 0.1901244206 56.7319856487
-41.7900000000 2.2828833313 -0.2555453636 0.1911532495 57.0389295662
-40.0600000000 2.3238075133 -0.2269571263 0.1969544053 58.7696995453
-39.7591991931 2.3324289094 -0.2207638137 0.1979632961 59.0706891161
-38.6300000396 2.3622884445 -0.1987661509 0.2017503452 60.2004975212
-38.3300000000 2.3702091070 -0.1926110681 0.2027564907 60.5006667231
-36.6000000000 2.4151360534 -0.1590346761 0.2085584189 62.2316258148
-36.2968045356 2.4225055316 -0.1529050727 0.2095752416 62.5349743072
-35.1774458783 2.4539242932 -0.1298594946 0.2133297239 63.6550113055
-34.8700000000 2.4624225374 -0.1235616814 0.2143609266 63.9626406831
-34.1083567053 2.4820340771 -0.1093664377 0.2169153384 64.7246784653
-33.8724365061 2.4882715229 -0.1059041298 0.2177065390 64.9607065342
-33.1400000000 2.5076079550 -0.0945210221 0.2201629257 65.6934957440
-32.8189807270 2.5151760250 -0.0920454228 0.2212393708 66.0146155045
-31.7377994239 2.5375443973 -0.0827532298 0.2248646055 67.0960683650
-31.4100000000 2.5441336018 -0.0797713500 0.2259637206 67.4239493918
-30.8532311873 2.5639828037 -0.0775547178 0.2278313248 67.9810815926
-30.2064193582 2.5851857851 -0.0774627220 0.2300007481 68.6282410107
-29.6800000000 2.6026065726 -0.0771751664 0.2317663915 69.1549533391
-29.3193497796 2.6171690005 -0.0769403480 0.2329763648 69.5158997373
-28.3322968301 2.6561369353 -0.0799104426 0.2362878160 70.5037264056
-27.9500000000 2.6710921902 -0.0809022121 0.2375703614 70.8863194258
-27.4500000000 2.6892749485 -0.0860613273 0.2392476972 71.3866807984
-26.9500000000 2.7079020234 -0.0929943244 0.2409251675 71.8870799527
-26.4462529504 2.7288513028 -0.0969206554 0.2426153946 72.3912820557
-25.7278684093 2.7549036078 -0.1003150602 0.2450252627 73.1101470482
-25.2200000000 2.7731814943 -0.1024873582 0.2467289216 73.6183533182
-24.8695768026 2.7852630688 -0.1041853749 0.2479043820 73.9689909433
-23.8381558503 2.8208334100 -0.1092520538 0.2513641986 75.0010378337
-23.4900000000 2.8329356748 -0.1108410441 0.2525320695 75.3494096725
-22.9677060524 2.8507490886 -0.1116965735 0.2542840285 75.8720126989
-22.2878969883 2.8710446005 -0.1159165408 0.2565640924 76.5521378991
-21.7600000000 2.8866825031 -0.1187342508 0.2583346268 77.0802787733
-21.4166403190 2.8964623961 -0.1204369271 0.2594862003 77.4237839584
-20.3716720586 2.9209268025 -0.1245378773 0.2629903903 78.4690468669
-20.0300000000 2.9289959518 -0.1256645272 0.2641361557 78.8108180657
-19.4844228668 2.9405758709 -0.1285408052 0.2659656213 79.3565307943
-18.8501050366 2.9547966971 -0.1316120997 0.2680927292 79.9910155578
-18.3000000000 2.9672453247 -0.1338748359 0.2699374440 80.5412713159
-17.9629573281 2.9737238062 -0.1362885198 0.2710676249 80.8783868532
-16.9043931272 2.9955671276 -0.1433831627 0.2746173368 81.9372004299
-16.5700000000 3.0026110512 -0.1454860145 0.2757386748 82.2716762873
-15.9875481297 3.0138768724 -0.1517765623 0.2776918553 82.8542769477
-15.4309992917 3.0234962838 -0.1566139665 0.2795580788 83.4109300103
-14.8400000000 3.0338286644 -0.1616644335 0.2815398275 84.0020472608
-14.5135225974 3.0447124821 -0.1665660593 0.2826351065 84.3287446602
-13.4306357279 3.0783005780 -0.1861971936 0.2862679434 85.4123305194
-13.1100000000 3.0882376345 -0.1917039184 0.2873435863 85.7331692470
-12.4154049066 3.1092747725 -0.2011902336 0.2896735892 86.4281560029
-12.0912174919 3.1185934318 -0.2061689620 0.2907610533 86.7525155896
-11.3800000000 3.1393413588 -0.2167265554 0.2931467945 87.4641228081
-11.0680801112 3.1505559875 -0.2220556817 0.2941933894 87.7762914291
-9.9587338156 3.1876229528 -0.2385407554 0.2979151671 88.8863794619
-9.6500000000 3.1978325665 -0.2431410111 0.2989509374 89.1953179654
-9.1500000000 3.2127364737 -0.2514646136 0.3006282664 89.6956136698
-8.6500000000 3.2288681607 -0.2594091067 0.3023057148 90.1959412992
-8.3156235510 3.2315712423 -0.2652791638 0.3034270034 90.5303821549
-7.2568686124 3.2382541717 -0.2829822442 0.3069773185 91.5893064246
-6.9200000000 3.2403622395 -0.2885828540 0.3081069379 91.9262301784
-6.3707007826 3.2439298176 -0.2981625222 0.3099489349 92.4756298109
-5.7381266081 3.2447220041 -0.3121911037 0.3120703495 93.1083601274
-5.1900000000 3.2456135672 -0.3242546589 0.3139085546 93.6566254847
-4.8503107149 3.2455232025 -0.3313404946 0.3150477191 93.9963907117
-3.7974510052 3.2397796531 -0.3547487211 0.3185787043 95.0495265394
-3.4600000000 3.2382430737 -0.3620180199 0.3197103976 95.3870613393
-2.8999882016 3.2368875560 -0.3736716785 0.3215884494 95.9472015590
-2.2957420485 3.2332613554 -0.3854884829 0.3236148390 96.5515742228
-1.7300000000 3.2303009535 -0.3963559895 0.3255120824 97.1174340467
-1.3963502224 3.2295727496 -0.4031295341 0.3266310114 97.4511553394
-0.3324486956 3.2262170056 -0.4227887063 0.3301988109 98.5152440342
-0.0000000000 3.2253842165 -0.4290106340 0.3313136949 98.8477539538
0.5768851530 3.2264806229 -0.4395919302 0.3332482996 99.4247430973
1.1561656392 3.2283021370 -0.4528933715 0.3351911480 100.0041792381
1.7300000000 3.2307874253 -0.4658388786 0.3371157260 100.5781708524
2.0653024028 3.2340844743 -0.4736232141 0.3382403608 100.9135818144
3.1197676905 3.2468892811 -0.5022918584 0.3417775915 101.9685147790
3.4600000000 3.2511849523 -0.5118348200 0.3429189450 102.3089100692
3.9921609440 3.2559442391 -0.5275174644 0.3447041554 102.8413283807
4.6616959250 3.2587810847 -0.5478827604 0.3469502113 103.5111791771
5.1900000000 3.2612906387 -0.5637155806 0.3487224690 104.0397314006
5.5368740755 3.2628231598 -0.5703994982 0.3498857968 104.3866754054
6.5724122643 3.2644571518 -0.5967232856 0.3533591888 105.4225496889
6.9200000000 3.2651255642 -0.6056981939 0.3545250789 105.7702560826
7.4311595695 3.2720207726 -0.6175950840 0.3562396795 106.2816052597
8.1542338529 3.2848420036 -0.6378735511 0.3586655930 107.0050776422
8.6500000000 3.2940078515 -0.6516504257 0.3603289007 107.5011242879
9.1500000000 3.3033527565 -0.6642648885 0.3620063140 108.0013751807
9.6500000000 3.3123032370 -0.6765283385 0.3636836819 108.5016101363
10.0548212278 3.3167833205 -0.6846883199 0.3650414906 108.9065413352
10.9920306728 3.3234575823 -0.7097348481 0.3681853670 109.8441094033
11.3800000000 3.3260842062 -0.7198205747 0.3694867913 110.2322214118
11.8398428130 3.3300840192 -0.7312926533 0.3710293102 110.6922285230
12.6322121672 3.3331184312 -0.7489507718 0.3736870373 111.4848005851
13.1100000000 3.3351474039 -0.7593049462 0.3752895932 111.9627090421
13.4671115127 3.3390729436 -0.7649635694 0.3764873219 112.3198892688
14.4935608296 3.3489994744 -0.7881795463 0.3799303802 113.3466493568
14.8400000000 3.3524014135 -0.7958641857 0.3810924467 113.6931926240
15.3963629029 3.3562696792 -0.8107527256 0.3829588353 114.2497737727
15.9833524044 3.3570655361 -0.8291756441 0.3849281974 114.8370529768
16.5700000000 3.3581553135 -0.8477200285 0.3868964293 115.4240008792
16.8888651335 3.3565899079 -0.8677184143 0.3879678222 115.7434982170
17.9952901460 3.3522137952 -0.9396992288 0.3916859827 116.8522710684
18.3000000000 3.3507542600 -0.9596988898 0.3927100111 117.1576417483
20.0300000000 3.3369558429 -1.0811242845 0.3985259036 118.8920076875
20.3372778281 3.3352766485 -1.1028934677 0.3995589585 119.2000619918
21.4340373665 3.3241900927 -1.1818036252 0.4032466525 120.2997127271
21.7600000000 3.3208607232 -1.2052925381 0.4043426660 120.6265394942
22.2796768116 3.3138508098 -1.2403122368 0.4060895297 121.1474470700
23.0229819556 3.3079876518 -1.2864571557 0.4085871205 121.8922065893
23.4900000000 3.3045311368 -1.3153692205 0.4101563338 122.3601355155
23.8964659403 3.3025715799 -1.3426083399 0.4115225221 122.7675209133
24.7679208779 3.2994327866 -1.3981440698 0.4144509799 123.6407494310
25.2200000000 3.2974537629 -1.4268710975 0.4159701465 124.0937484619
25.5719106770 3.2967013939 -1.4509321522 0.4171530787 124.4464838400
26.6238772334 3.2970411582 -1.5176873758 0.4206880845 125.5005666076
26.9500000000 3.2967054225 -1.5384697402 0.4217840014 125.8273530351
27.4500000000 3.2964225939 -1.5708236199 0.4234643343 126.3284034399
27.9500000000 3.2957083769 -1.6007610550 0.4251441764 126.8293040447
28.3132426881 3.2972394848 -1.6231248670 0.4263646979 127.1932401969
29.3141525779 3.3022106041 -1.6896356857 0.4297288974 128.1963700066
29.6800000000 3.3043789236 -1.7140805319 0.4309586007 128.5630420935
30.1514341628 3.3071224824 -1.7454880946 0.4325431908 129.0355334172
30.9417290077 3.3102176434 -1.8003657823 0.4352000334 129.8277374852
31.4100000000 3.3120286677 -1.8328622058 0.4367742813 130.2971422858
31.7822583533 3.3139609731 -1.8603770539 0.4380261671 130.6704237075
32.7607014513 3.3261504811 -1.9293105378 0.4413160270 131.6513679907
33.1400000000 3.3308646409 -1.9563442513 0.4425914337 132.0316606210
33.5816370264 3.3383492382 -1.9890251711 0.4440768540 132.4745720874
34.4418929840 3.3542409868 -2.0529421096 0.4469704325 133.3373458110
34.8700000000 3.3619577663 -2.0852965913 0.4484105521 133.7667464834
35.2778225496 3.3694846064 -2.1146723710 0.4497821006 134.1756980470
36.1772109567 3.3891738116 -2.1837054044 0.4528081154 135.0779469205
36.6000000000 3.3978852871 -2.2160828156 0.4542305442 135.5020667394
36.9908898385 3.4051816720 -2.2450929476 0.4555453754 135.8941023897
37.9510672446 3.4244659158 -2.3178038931 0.4587755779 136.8572222062
38.3300000000 3.4320226298 -2.3464912697 0.4600503693 137.2373171484
38.8000082031 3.4414882182 -2.3821290289 0.4616315802 137.7087737166
39.5761949135 3.4545316989 -2.4425535608 0.4642431024 138.4874182172
40.0600000000 3.4622439055 -2.4803212263 0.4658708970 138.9727609187
40.4153052570 3.4687044526 -2.5073423709 0.4670662143 139.3291531361
41.4451322044 3.4918475812 -2.5848985088 0.4705308785 140.3621558241
41.7900000000 3.4993374404 -2.6107710760 0.4716910809 140.7080761126
42.3464491034 3.5108089310 -2.6541603717 0.4735634688 141.2663380550
42.9475833135 3.5208425335 -2.7001033938 0.4755858420 141.8693091455
43.5200000000 3.5311756678 -2.7438725062 0.4775116536 142.4434959823
43.8480226804 3.5367719198 -2.7709598178 0.4786157588 142.7726847889
44.9274281512 3.5543965503 -2.8546375622 0.4822474878 143.8554725271
45.2500000000 3.5595089902 -2.8794525429 0.4833327457 144.1790398340
45.7500000000 3.5706955933 -2.9156934586 0.4850146008 144.6804810793
46.2500000000 3.5792168876 -2.9526413479 0.4866964602 145.1819215455
47.9800000000 3.6180498269 -3.0799019201 0.4925162117 146.9170877155
48.2838451764 3.6224484774 -3.1033047407 0.4935384887 147.2218663430
49.3901642035 3.6375066870 -3.1858947141 0.4972599670 148.3313663244
49.7100000000 3.6416756929 -3.2099948418 0.4983358932 148.6521378852
50.2504175728 3.6488087989 -3.2500378416 0.5001536966 149.1940895018
50.9766683531 3.6605313607 -3.3151493562 0.5025998005 149.9233475388
51.4400000000 3.6679459334 -3.3569145650 0.5041604260 150.3886209845
51.8661499156 3.6753936613 -3.3933589656 0.5055952787 150.8163947716
52.6755999366 3.6856581140 -3.4639747202 0.5083209307 151.6289841538
53.1700000000 3.6918893828 -3.5069711902 0.5099856802 152.1252941753
53.4988919288 3.6972459259 -3.5341376274 0.5110927879 152.4553517318
54.5933316239 3.7150459598 -3.6259506050 0.5147772690 153.5537802741
54.9000000000 3.7197186923 -3.6513208681 0.5158095684 153.8615335832
56.6300000000 3.7427730662 -3.7937391094 0.5216327214 155.5975968468
56.9397021894 3.7503692739 -3.8167561345 0.5226747655 155.9082479213
58.0283461716 3.7775855726 -3.8989587386 0.5263380662 157.0003304553
58.3600000000 3.7858129271 -3.9241873394 0.5274541294 157.3330463366
58.8539074238 3.7977940699 -3.9614538759 0.5291161054 157.8285073216
59.6576336755 3.8174819944 -4.0241088845 0.5318211820 158.6349125377
60.0900000000 3.8282066806 -4.0576486620 0.5332763536 159.0687140368
60.5342473249 3.8403626644 -4.0895837923 0.5347709879 159.5142774326
61.3173928719 3.8654050495 -4.1459701909 0.5374062112 160.2998496446
61.8200000000 3.8814095389 -4.1822289870 0.5390974568 160.8040219851
62.1495201565 3.8903925967 -4.2072603339 0.5402064587 161.1346157046
63.2411900739 3.9229369160 -4.2881138760 0.5438802386 162.2297596186
63.5500000000 3.9321682500 -4.3110353731 0.5449194892 162.5395584966
64.0500000000 3.9444803570 -4.3499125976 0.5466023740 163.0412236827
64.5500000000 3.9538739941 -4.3866368071 0.5482845116 163.5426634469
65.0432460116 3.9620308799 -4.4210298325 0.5499434310 164.0371791441
65.8021591543 3.9759993448 -4.4732401985 0.5524958013 164.7980144668
66.2800000000 3.9845313366 -4.5061935877 0.5541028766 165.2770707307
66.6522316139 3.9889133096 -4.5301132435 0.5553542712 165.6500985619
67.6300560424 4.0022337324 -4.5935650303 0.5586418168 166.6300702844
68.0100000000 4.0073451887 -4.6179939626 0.5599191779 167.0108359333
68.4509812131 4.0140926241 -4.6463955785 0.5614018005 167.4527861604
69.3122378810 4.0296619984 -4.7019399833 0.5642975941 168.3159726473
69.7400000000 4.0372267058 -4.7295895521 0.5657358594 168.7446977984
70.1477217670 4.0443457739 -4.7581721598 0.5671072476 169.1534854912
71.0455855180 4.0662080736 -4.8251631746 0.5701286750 170.0541104875
71.4700000000 4.0764914581 -4.8567821117 0.5715568714 170.4798289421
71.8582063629 4.0843617021 -4.8849814617 0.5728629385 170.8691407129
72.8230463293 4.1028321577 -4.9548314588 0.5761088953 171.8366823044
73.2000000000 4.1100901764 -4.9822277629 0.5773770899 172.2147027300
73.6734419267 4.1198171679 -5.0179363614 0.5789702727 172.6895934691
74.4353021866 4.1392332780 -5.0752980918 0.5815342920 173.4538569058
74.9300000000 4.1518380948 -5.1129362501 0.5831992848 173.9501494421
75.2764862151 4.1630708244 -5.1382472001 0.5843654266 174.2977428584
76.3279011979 4.1997733016 -5.2176093159 0.5879052093 175.3527875946
76.6600000000 4.2112342094 -5.2425999249 0.5890232495 175.6860247193
77.3037975701 4.2323985334 -5.2950169646 0.5911915820 176.3323076370
77.7205320448 4.2425869924 -5.3305077910 0.5925952681 176.7506749514
78.3900000000 4.2597806021 -5.3873078966 0.5948502450 177.4227771812
78.7026932475 4.2684107431 -5.4152482085 0.5959039923 177.7368368265
79.8143335422 4.3076815272 -5.5138017246 0.5996508042 178.8535282550
80.1200000000 4.3184215418 -5.5410227675 0.6006810922 179.1605941920
81.8500000000 4.3775979323 -5.7012990988 0.6065139987 180.8990713824
82.3500000000 4.3962093952 -5.7466316805 0.6081997224 181.4014722016
