X Y Z LocalTime TrackLength
-98.8200000000 3.9693178505 1.8940733455 0.0000000000 0.0000000000
-82.3500000000 3.9693178505 1.8940733455 0.0551905847 16.4700000000
-81.8500000000 3.9693178505 1.8940733455 0.0568660730 16.9700039256
-81.3658196218 3.9701255690 1.8958047974 0.0584885720 17.4541917593
-80.5986352056 3.9752534164 1.8979302804 0.0610594803 18.2213963616
-80.1200000000 3.9785564496 1.8989981722 0.0626634352 18.7000477615
-79.7505137106 3.9839611623 1.9038187480 0.0639018312 19.0696071713
-78.7696011505 4.0016590512 1.9153941539 0.0671896668 20.0507478720
-78.3900000000 4.0084844811 1.9199415638 0.0684620217 20.4304398856
-77.9496585836 4.0148203959 1.9264496281 0.0699379413 20.8708780288
-77.0916644242 4.0249461712 1.9413165142 0.0728137654 21.7290608876
-76.6600000000 4.0297038243 1.9488567329 0.0742606099 22.1608203209
-76.2547533318 4.0409080905 1.9554172330 0.0756193209 22.5662775273
-75.3570020026 4.0694072068 1.9721399377 0.0786298060 23.4646370209
-74.9300000000 4.0827635493 1.9804417544 0.0800617013 23.8919314077
-74.5486780986 4.0954717531 1.9875107650 0.0813404827 24.2735328013
-73.5615035740 4.1311479979 2.0043134158 0.0846512640 25.2614950118
-73.2000000000 4.1439558142 2.0108078724 0.0858636643 25.6232857734
-72.6804571387 4.1595842933 2.0202345466 0.0876057982 26.1431534080
-72.0168619681 4.1794188288 2.0324257161 0.0898309776 26.8071570229
-71.4700000000 4.1955459371 2.0425060667 0.0916647106 27.3543543558
-71.1401203352 4.2061957617 2.0490923876 0.0927709994 27.6844733325
-70.0586622572 4.2434858660 2.0771312198 0.0963987221 28.7669375333
-69.7400000000 4.2544224114 2.0853387878 0.0974676571 29.0858946654
-68.0100000000 4.3097242155 2.1251397153 0.1032700257 30.8172842329
-67.7056216386 4.3172975906 2.1324729698 0.1042907649 31.1218466050
-66.5816773583 4.3439959614 2.1647061956 0.1080603055 32.2465701409
-66.2800000000 4.3513499718 2.1733381041 0.1090721013 32.5484620358
-64.5500000000 4.3926093033 2.2234183201 0.1148743478 34.2797273521
-64.0500000000 4.4023053887 2.2374100254 0.1165511157 34.7800211420
-63.5500000000 4.4099524517 2.2501234728 0.1182276577 35.2802452971
-61.8200000000 4.4295029835 2.2950937777 0.1240283007 37.0109892194
-61.5172518986 4.4357834266 2.3068420936 0.1250439997 37.3140317835
-60.3901305580 4.4578007421 2.3503544854 0.1288253055 38.4422077982
-60.0900000000 4.4639277489 2.3619366098 0.1298322127 38.7426257252
-58.3600000000 4.4993969303 2.4322866739 0.1356366866 40.4744682256
-58.0537930975 4.5059177265 2.4460181069 0.1366642845 40.7810537658
-56.9459583017 4.5327411499 2.4958349676 0.1403823402 41.8903326490
-56.6300000000 4.5403424746 2.5099281310 0.1414427229 42.2066980934
-56.0212652163 4.5547172266 2.5339593969 0.1434852353 42.8160827569
-55.4787941617 4.5668536698 2.5503540074 0.1453047853 43.3589373079
-54.9000000000 4.5793377115 2.5679343943 0.1472461455 43.9381385235
-54.5569238030 4.5857826140 2.5788805534 0.1483968698 44.2814517566
-53.5303893131 4.5948050297 2.6166516371 0.1518401215 45.3087208688
-53.1700000000 4.5977125325 2.6300044368 0.1530489662 45.6693713483
-52.7178971802 4.6066980012 2.6518305579 0.1545664238 46.1220933030
-51.8580975639 4.6253954194 2.6918076330 0.1574521746 46.9830249912
-51.4400000000 4.6346171048 2.7111325288 0.1588554313 47.4016734245
-51.0025909998 4.6420988746 2.7318114362 0.1603234407 47.8396380711
-50.1837387425 4.6525410826 2.7701022919 0.1630713986 48.6594519168
-49.7100000000 4.6583259788 2.7922891476 0.1646611979 49.1337489576
-49.3624788344 4.6626802262 2.8106946739 0.1658277982 49.4817864483
-48.3059112475 4.6824359075 2.8683600671 0.1693753733 50.5401111075
-47.9800000000 4.6884761622 2.8861650169 0.1704696676 50.8665660286
-46.2500000000 4.7177786868 2.9893775686 0.1762799134 52.5999405430
-45.7500000000 4.7241788073 3.0196835904 0.1779591975 53.1009032900
-45.2500000000 4.7314479446 3.0483562061 0.1796382072 53.6017817367
-44.8269200114 4.7395393494 3.0724798465 0.1810590076 54.0256292109
-43.9543880769 4.7532845973 3.1190827763 0.1839884297 54.8995130641
-43.5200000000 4.7600844277 3.1421655807 0.1854468148 55.3345703610
-43.1355088248 4.7652858192 3.1610587281 0.1867373858 55.7195631014
-42.1707712829 4.7713856762 3.2076742871 0.1899752456 56.6854456389
-41.7900000000 4.7739316919 3.2259433364 0.1912531772 57.0666659117
-41.3347690108 4.7764914623 3.2471080170 0.1927808970 57.5223993580
-40.5194819691 4.7809210552 3.2846064840 0.1955168910 58.3385606202
-40.0600000000 4.7830092330 3.3057342782 0.1970588446 58.7985364294
-39.6883063688 4.7870479597 3.3223630352 0.1983061891 59.1706261255
-38.6968705641 4.7958690470 3.3734554740 0.2016343253 60.1634169226
-38.3300000000 4.7991192657 3.3937942974 0.2028661255 60.5308675176
-37.8467847495 4.8039917827 3.4215748877 0.2044887755 61.0149092133
-37.0907645231 4.8107880908 3.4663239209 0.2070277488 61.7722834418
-36.6000000000 4.8141079487 3.4955122203 0.2086759104 62.2639305428
-36.2439795738 4.8172148731 3.5174769196 0.2098717370 62.6206435983
-35.2193052170 4.8316669634 3.5852851514 0.2133146890 63.6476610084
-34.8700000000 4.8368782094 3.6082834720 0.2144883600 63.9977634082
-34.3367201423 4.8448693772 3.6412620652 0.2162797428 64.5321266757
-33.6944861111 4.8595234367 3.6829448796 0.2184378682 65.1758790414
-33.1400000000 4.8713608014 3.7195822468 0.2203012137 65.7317056169
-32.8097050716 4.8799746965 3.7426869068 0.2214115901 66.0629215873
-31.7315645294 4.9078944074 3.8196275349 0.2250364071 67.1441647943
-31.4100000000 4.9165452163 3.8424071226 0.2261175296 67.4666530144
-30.7069388210 4.9287954999 3.8927745762 0.2284809192 68.1716310829
-30.4075071420 4.9355152498 3.9108367786 0.2294868398 68.4716823897
-29.6800000000 4.9508653634 3.9550349695 0.2319308441 69.2007016980
-29.3702590348 4.9580375464 3.9741292724 0.2329715082 69.5111151895
-28.2547954765 4.9890432652 4.0425241040 0.2367196056 70.6291038672
-27.9500000000 4.9977215666 4.0612854318 0.2377437926 70.9346011226
-27.4500000000 5.0127504688 4.0925622286 0.2394241010 71.4358081439
-26.9500000000 5.0286200280 4.1258716511 0.2411049428 71.9371720255
-26.5982504169 5.0409530236 4.1512818601 0.2422880108 72.2900559753
-25.5438209463 5.0789924906 4.2251724550 0.2458340560 73.3477557329
-25.2200000000 5.0908000533 4.2477050064 0.2469230451 73.6725761990
-23.4900000000 5.1509852763 4.3707974092 0.2527412348 75.4080462256
-23.1899749316 5.1597620301 4.3928222758 0.2537502584 75.7090082217
-22.0664452462 5.1895158653 4.4725975150 0.2575279024 76.8357596924
-21.7600000000 5.1978392496 4.4940560480 0.2585582133 77.1430697213
-21.1084813034 5.2169812377 4.5393836333 0.2607487823 77.7964512262
-20.6085481250 5.2333493993 4.5754986413 0.2624302061 78.2979545908
-20.0300000000 5.2518866715 4.6177957258 0.2643761203 78.8783488450
-19.6675160755 5.2627305204 4.6457684530 0.2655956122 79.2420745054
-18.7011541659 5.2967839939 4.7101019872 0.2688448229 80.2111741553
-18.3000000000 5.3112682913 4.7366231323 0.2701936308 80.6134677410
-17.9120000700 5.3268557938 4.7596866363 0.2714978732 81.0024676387
-16.9249004960 5.3621974977 4.8195524829 0.2748156622 81.9920124314
-16.5700000000 5.3750913890 4.8412204654 0.2760085935 82.3478097190
-15.9867304250 5.3971347699 4.8772478613 0.2779693426 82.9326125566
-15.4885336563 5.4164820830 4.9093882276 0.2796444724 83.4322199658
-14.8400000000 5.4411886847 4.9513450305 0.2818250574 84.0825863555
-14.5327004193 5.4527333123 4.9719724222 0.2828584518 84.3907954410
-13.4100759175 5.4953539867 5.0532381951 0.2866350894 85.5171643727
-13.1100000000 5.5068305470 5.0748871344 0.2876445741 85.8182406348
-11.3800000000 5.5811726188 5.1973864616 0.2934650409 87.5542184104
-11.0575321436 5.5928711596 5.2202462303 0.2945497065 87.8777089879
-10.0008913848 5.6282465633 5.2968444724 0.2981039400 88.9377131694
-9.6500000000 5.6402487361 5.3230659152 0.2992844613 89.2897897838
-9.1500000000 5.6554617363 5.3607330450 0.3009665148 89.7914418216
-8.6500000000 5.6706238859 5.4016835447 0.3026494365 90.2933495494
-8.3471513513 5.6808355650 5.4253729259 0.3036685972 90.5972965489
-7.2202869945 5.7194938506 5.5117117330 0.3074604034 91.7281248713
-6.9200000000 5.7300514132 5.5346662496 0.3084708623 92.0294745619
-5.1900000000 5.8018610861 5.6776304515 0.3142965466 93.7669105961
-4.8843908372 5.8169159380 5.7039750444 0.3153263554 94.0740240849
-3.7763754985 5.8725413137 5.7996511152 0.3190602593 95.1875529917
-3.4600000000 5.8882703278 5.8269001849 0.3201263706 95.5054909326
-2.8716931182 5.9198886742 5.8738999771 0.3221082281 96.0965249072
-2.2658884970 5.9532499389 5.9205843142 0.3241487441 96.7050409126
-1.7300000000 5.9829969674 5.9619053354 0.3259538150 97.2433479338
-1.3637988396 6.0028765582 5.9906617969 0.3271874072 97.6112164424
-0.4006774328 6.0594154447 6.0739442148 0.3304347236 98.5795840450
-0.0000000000 6.0832010944 6.1086842264 0.3317857519 98.9824704093
0.3901639382 6.1063044507 6.1421610501 0.3331012231 99.3747516493
1.3728366850 6.1648573111 6.2274141644 0.3364147487 100.3628521709
1.7300000000 6.1863062688 6.2585011343 0.3376191507 100.7220092257
2.2937947173 6.2155171312 6.3060677099 0.3395190529 101.2885663716
2.8470497122 6.2431638632 6.3509626861 0.3413827867 101.8443283119
3.4600000000 6.2732913394 6.4010744509 0.3434476337 102.4600680884
3.7738650546 6.2881003538 6.4263176323 0.3445047471 102.7752964978
4.8853786088 6.3403833250 6.5198903709 0.3482495181 103.8919666830
5.1900000000 6.3549556346 6.5455131793 0.3492758446 104.1980126417
6.9200000000 6.4349092092 6.6891673230 0.3551036050 105.9358625106
7.2213848298 6.4520340350 6.7159696804 0.3561199669 106.2389226985
8.3399414362 6.5186367155 6.8153046352 0.3598926464 107.3638550549
8.6500000000 6.5376612621 6.8430288421 0.3609385870 107.6757332496
9.1500000000 6.5668303979 6.8871868745 0.3626248110 108.1785309226
9.6500000000 6.5958927770 6.9328738739 0.3643114896 108.6814590156
9.9642839397 6.6155239686 6.9612588778 0.3653718745 108.9976340807
11.0795261298 6.6838409623 7.0643645556 0.3691351344 110.1197141616
11.3800000000 6.7022815984 7.0921059583 0.3701490472 110.4220305961
13.1100000000 6.8071729545 7.2528336228 0.3759868464 112.1627009673
13.4454985214 6.8257011346 7.2846121107 0.3771188318 112.5002122631
14.4589945707 6.8793911471 7.3790034400 0.3805375043 113.5195095773
14.8400000000 6.8999841074 7.4151805000 0.3818229868 113.9027850831
15.2322397525 6.9212590818 7.4531090686 0.3831466111 114.2974311875
16.2278719110 6.9777889465 7.5484206579 0.3865065821 115.2992114693
16.5700000000 6.9974170378 7.5812449135 0.3876612294 115.6434728072
18.3000000000 7.0953718799 7.7523349873 0.3935012375 117.3847271052
18.6004601093 7.1126826693 7.7852971885 0.3945167180 117.6874869214
19.7105596538 7.1744131647 7.9094342170 0.3982690396 118.8062104044
20.0300000000 7.1922386026 7.9450122877 0.3993487620 119.1281218112
20.5346285651 7.2220135330 8.0023478095 0.4010551803 119.6368741329
21.3483846094 7.2672200945 8.1003540435 0.4038085646 120.4577565762
21.7600000000 7.2903167264 8.1498684203 0.4052013068 120.8729855474
22.2844645552 7.3193040994 8.2133443311 0.4069759673 121.4020774084
22.8488559096 7.3468788803 8.2812615365 0.4088849605 121.9712090212
23.4900000000 7.3779847510 8.3582205443 0.4110534507 122.6177121970
23.7916421870 7.3908176091 8.3944538093 0.4120734155 122.9217954465
24.9119039905 7.4345218786 8.5328044875 0.4158624497 124.0514140018
25.2200000000 7.4468282375 8.5708145245 0.4169045389 124.3620915124
25.7748405953 7.4707013913 8.6402435615 0.4187818524 124.9217745861
26.5008110259 7.5030713906 8.7299739346 0.4212379066 125.6539853400
26.9500000000 7.5230492528 8.7854030543 0.4227575294 126.1070259764
27.4500000000 7.5423225142 8.8484172173 0.4244491923 126.6113544273
27.9500000000 7.5624862706 8.9106895596 0.4261406735 127.1156255530
28.5456181210 7.5841471618 8.9848293961 0.4281553213 127.7162379207
29.0533257918 7.5997751379 9.0467518411 0.4298717901 128.2279468965
29.6800000000 7.6183119801 9.1233818615 0.4319904711 128.8595686768
29.9965281836 7.6268398857 9.1625162825 0.4330607064 129.1786228727
31.0999236403 7.6562702800 9.2962274090 0.4367903531 130.2904802932
31.4100000000 7.6646780652 9.3338596672 0.4378384962 130.6029469502
33.1400000000 7.7156963478 9.5403980133 0.4436854153 132.3460378757
33.4413944429 7.7228291547 9.5786840251 0.4447048557 132.6499398371
34.5698027426 7.7475714367 9.7258461055 0.4485231012 133.7881730166
34.8700000000 7.7542107975 9.7648130953 0.4495388207 134.0909633516
36.6000000000 7.7978623613 9.9945174414 0.4553949988 135.8367516897
36.9017147989 7.8064861595 10.0329140602 0.4564157165 136.1410239319
38.0248247821 7.8387968767 10.1779640267 0.4602161970 137.2739229248
38.3300000000 7.8476221858 10.2173200532 0.4612488581 137.5817537945
40.0600000000 7.8940117384 10.4299580558 0.4670981855 139.3254494617
40.3776419881 7.9025864262 10.4667443090 0.4681713148 139.6453314414
41.4644812941 7.9303836899 10.5917661983 0.4718426733 140.7396912549
41.7900000000 7.9388685348 10.6304539656 0.4729427797 141.0676128311
42.3602582241 7.9554706591 10.6968306362 0.4748696134 141.6419676197
42.9810218529 7.9760514639 10.7691210462 0.4769673871 142.2672651973
43.5200000000 7.9946067545 10.8317180808 0.4787888058 142.8101892009
43.8753537412 8.0063968857 10.8720385445 0.4799892797 143.1680199557
44.8777302147 8.0389813475 10.9857445314 0.4833754905 144.1773513384
45.2500000000 8.0514342928 11.0277830694 0.4846330549 144.5521969100
45.7500000000 8.0654361909 11.0843018799 0.4863218543 145.0555809583
46.2500000000 8.0806127697 11.1404550331 0.4880106406 145.5589581342
46.5511521280 8.0904357509 11.1735635162 0.4890276173 145.8620857949
47.6583561032 8.1244483677 11.2923842959 0.4927653329 146.9761667952
47.9800000000 8.1340306427 11.3271388583 0.4938512008 147.2998268793
48.4787736180 8.1464873976 11.3822637427 0.4955352942 147.8017970903
49.2980364118 8.1624902418 11.4748863012 0.4983019687 148.6264344639
49.7100000000 8.1708197011 11.5216341175 0.4996932676 149.0411290356
50.2189814361 8.1808694132 11.5762206197 0.5014110446 149.5531330891
50.8225661923 8.1721774005 11.6453739809 0.5034495642 150.1607286734
51.4400000000 8.1636593531 11.7158469346 0.5055347398 150.7822374088
51.7433111926 8.1565647681 11.7514206772 0.5065596287 151.0877118755
52.8652413740 8.1295869379 11.8856751521 0.5103517629 152.2179684955
53.1700000000 8.1226504516 11.9220027709 0.5113817660 152.5249649056
53.7668474689 8.1093003582 11.9901880053 0.5133977905 153.1258501407
54.4093866625 8.0947962528 12.0643456228 0.5155684743 153.7728172611
54.9000000000 8.0837524366 12.1212334794 0.5172260099 154.2668461036
55.3285658030 8.0751660202 12.1713177695 0.5186740031 154.6984177113
56.1104233501 8.0588834424 12.2596103993 0.5213145393 155.4854133586
56.6300000000 8.0482625743 12.3182542424 0.5230692661 156.0084024336
56.9461316531 8.0407381396 12.3534532256 0.5241368182 156.3265786610
58.0598767838 8.0128698972 12.4757008847 0.5278973270 157.4473596217
58.3600000000 8.0057033046 12.5086408912 0.5289106526 157.7493719818
59.1779542222 7.9873201488 12.5994620841 0.5316726741 158.5725718980
59.4070517398 7.9831480759 12.6276335082 0.5324472843 158.8034328481
60.0900000000 7.9695716073 12.7114952356 0.5347564496 159.4916542164
60.4571960231 7.9639717991 12.7547380972 0.5359971776 159.8614329069
61.3757390331 7.9518652793 12.8645990136 0.5391014626 160.7866018641
61.8200000000 7.9458952876 12.9177517193 0.5406028908 161.2340751108
62.1582862030 7.9405994807 12.9580554449 0.5417461473 161.5747972952
63.2458379047 7.9219689758 13.0940467700 0.5454242988 162.6709770349
63.5500000000 7.9172494858 13.1322196928 0.5464530227 162.9775634105
64.0500000000 7.9097826653 13.1962017807 0.5481446122 163.4817009889
64.5500000000 7.9003781170 13.2641848946 0.5498380769 163.9863943730
65.2840471324 7.8878852745 13.3680031080 0.5523260298 164.7278633022
65.5222637135 7.8827752973 13.4036159878 0.5531344360 164.9687815890
66.2800000000 7.8658505691 13.5166132843 0.5557057801 165.7350958682
66.5881821901 7.8583067149 13.5620549950 0.5567513914 166.0467035877
67.7064840255 7.8254340063 13.7271386623 0.5605462091 167.1776027311
68.0100000000 7.8163688263 13.7718772132 0.5615761378 167.4845340892
69.7400000000 7.7660488028 14.0214945535 0.5674438724 169.2332366031
70.0400167191 7.7581534750 14.0622677496 0.5684602339 169.5361160760
71.1686279197 7.7231481496 14.2196760198 0.5722859762 170.6761891623
71.4700000000 7.7138507839 14.2616862641 0.5733075475 170.9806191309
73.2000000000 7.6580428969 14.4984090900 0.5791700270 172.7276946282
73.5121820579 7.6458067143 14.5416115840 0.5802284293 173.0430914064
74.6066633204 7.6017957768 14.6956684524 0.5839404756 174.1492380177
74.9300000000 7.5890737116 14.7413349841 0.5850371428 174.4760335999
75.4907769352 7.5636022231 14.8204898877 0.5869396062 175.0429486511
76.1356569920 7.5382524973 14.9122423498 0.5891272051 175.6948163856
76.6600000000 7.5181416336 14.9863722107 0.5909056270 176.2247611966
77.0217528226 7.5056590406 15.0366135678 0.5921320097 176.5902022488
78.0098731378 7.4724602782 15.1677938352 0.5954790288 177.5875450321
78.3900000000 7.4600547059 15.2185258693 0.5967666976 177.9712460107
78.8206639581 7.4488546772 15.2743110807 0.5982245478 178.4056563197
79.7099614927 7.4225149850 15.3913872131 0.6012360620 179.3030141300
80.1200000000 7.4105176281 15.4455737306 0.6026246936 179.7167950772
80.5555391871 7.3953645887 15.5032948103 0.6041000222 180.1564077439
81.3876076091 7.3661010683 15.6074049212 0.6069159504 180.9954747237
81.8500000000 7.3497179752 15.6651979860 0.6084807934 181.4617572944
82.3500000000 7.3296519938 15.7280540979 0.6101733702 181.9660974002
