X Y Z LocalTime TrackLength
-98.8200000000 2.6200556304 -1.5755561252 0.0000000000 0.0000000000
-82.3500000000 2.6200556304 -1.5755561252 0.0551905847 16.4700000000
-81.8500000000 2.6200556304 -1.5755561252 0.0568660730 16.9700039256
-81.3664911977 2.6207393180 -1.5766218512 0.0584863116 17.4535180600
-80.6002814485 2.6237166797 -1.5791203601 0.0610539151 18.2197377700
-80.1200000000 2.6253302056 -1.5808507460 0.0626633602 18.7000286750
-79.7535697773 2.6283066537 -1.5817479976 0.0638913221 19.0664742000
-78.7609079456 2.6365402192 -1.5796366145 0.0672178901 20.0591725994
-78.3900000000 2.6398852751 -1.5793059345 0.0684608691 20.4300979454
-77.9297128615 2.6432507137 -1.5788142924 0.0700033575 20.8904009933
-77.1122434468 2.6516800578 -1.5815834828 0.0727429143 21.7079186815
-76.6600000000 2.6564807922 -1.5832397282 0.0742585109 22.1601938736
-76.2754683339 2.6597796329 -1.5846227582 0.0755471654 22.5447445153
-75.3220635269 2.6716214849 -1.5834478050 0.0787423747 23.4982237571
-74.9300000000 2.6764869591 -1.5830374598 0.0800563244 23.8903201228
-74.5026744841 2.6801961433 -1.5819557998 0.0814884029 24.3176660003
-73.6212856513 2.6877249627 -1.5838028816 0.0844421733 25.1990890646
-73.2000000000 2.6913919001 -1.5843546478 0.0858540165 25.6203938534
-72.7928400366 2.6935702356 -1.5867334142 0.0872185158 26.0275692265
-71.8845019362 2.7034933937 -1.5910981241 0.0902627267 26.9359721703
-71.4700000000 2.7089220819 -1.5931373409 0.0916519300 27.3505174035
-71.0670604517 2.7123459765 -1.5931969713 0.0930023033 27.7534740873
-70.1360681758 2.7223366388 -1.5905083436 0.0961224321 28.6845240118
-69.7400000000 2.7265913743 -1.5893914153 0.0974498178 29.0806191147
-69.3005311091 2.7341830306 -1.5890083968 0.0989227922 29.5201568204
-68.4663315455 2.7526475289 -1.5929181977 0.1017190991 30.3545700355
-68.0100000000 2.7626256501 -1.5949481847 0.1032487519 30.8110184993
-67.6435354183 2.7716289096 -1.5977930869 0.1044772719 31.1776068470
-66.6312985712 2.8022642840 -1.6059749294 0.1078712147 32.1903405132
-66.2800000000 2.8128606474 -1.6084581208 0.1090490773 32.5418096101
-65.7330019767 2.8295115018 -1.6144976476 0.1108831837 33.0890991300
-65.1268637318 2.8485066779 -1.6214930817 0.1129156667 33.6955754196
-64.5500000000 2.8668052849 -1.6278448356 0.1148500005 34.2727695980
-64.0500000000 2.8851181079 -1.6313862942 0.1165268256 34.7731214003
-63.5500000000 2.9066363300 -1.6337588475 0.1182040663 35.2735938741
-61.8200000000 2.9895815426 -1.6341290605 0.1240085700 37.0056295227
-61.5172385997 3.0071178343 -1.6317079131 0.1250249783 37.3089095109
-60.3932243623 3.0755873561 -1.6272245247 0.1287990245 38.4350163811
-60.0900000000 3.0941934919 -1.6262239860 0.1298171722 38.7388141940
-58.3600000000 3.2040536965 -1.6212980404 0.1356268444 40.4723545679
-58.0562506737 3.2224211229 -1.6225178387 0.1366467228 40.7766626680
-56.9333231509 3.2893660639 -1.6263108083 0.1404169129 41.9015905482
-56.6300000000 3.3072831606 -1.6277334081 0.1414352837 42.2054472466
-54.9000000000 3.4118415351 -1.6382451592 0.1472440818 43.9386848060
-54.5980731738 3.4285253286 -1.6408781062 0.1482575949 44.2410851930
-53.4714296720 3.4961127069 -1.6473317866 0.1520404870 45.3697728354
-53.1700000000 3.5141536717 -1.6492009992 0.1530525834 45.6717491906
-51.4400000000 3.6134929728 -1.6653406855 0.1588606560 47.4047232756
-51.1397718792 3.6320831613 -1.6714462007 0.1598690516 47.7055898447
-50.0107387080 3.6991795463 -1.7163824220 0.1636628583 48.8375075132
-49.7100000000 3.7170750152 -1.7280909858 0.1646733799 49.1390071170
-47.9800000000 3.8106089642 -1.7924758028 0.1704842581 50.8727791530
-47.6681962901 3.8267438653 -1.8023863115 0.1715312657 51.1851589114
-46.5699223965 3.8837658714 -1.8362124950 0.1752190995 52.2854323973
-46.2500000000 3.9002378505 -1.8460101053 0.1762933215 52.6059300532
-45.7500000000 3.9262289172 -1.8603677265 0.1779726697 53.1068153702
-45.2500000000 3.9512000698 -1.8770242863 0.1796520915 53.6077199805
-44.7738971769 3.9776415051 -1.8941409276 0.1812518724 54.0848676112
-43.9513588966 4.0253116602 -1.9305492441 0.1840170408 54.9095902604
-43.5200000000 4.0499608454 -1.9497498469 0.1854671124 55.3420825767
-43.0904939730 4.0724583302 -1.9654913978 0.1869101282 55.7724686598
-42.2590737029 4.1155724095 -1.9933575779 0.1897031041 56.6054724027
-41.7900000000 4.1398076090 -2.0095111299 0.1912788909 57.0754533600
-41.4412837527 4.1579872842 -2.0218991135 0.1924504339 57.4248650059
-40.3872744765 4.2140749113 -2.0636303361 0.1959922221 58.4811903942
-40.0600000000 4.2314535967 -2.0765597671 0.1970919603 58.8091828139
-38.3300000000 4.3271941705 -2.1563399954 0.2029076258 60.5437193098
-38.0281385045 4.3416739724 -2.1717002109 0.2039222870 60.8463196424
-36.9002279090 4.4035463461 -2.2218665654 0.2077137815 61.9770396474
-36.6000000000 4.4199899920 -2.2353042520 0.2087230135 62.2780192900
-34.8700000000 4.5115312212 -2.3104489721 0.2145376751 64.0121227794
-34.5519439565 4.5291944191 -2.3280006543 0.2156074749 64.3311539318
-33.4771539906 4.5890033259 -2.3869182990 0.2192225544 65.4092181035
-33.1400000000 4.6076261363 -2.4053366034 0.2203565435 65.7473900449
-32.6429424779 4.6337304430 -2.4340097351 0.2220284023 66.2459622738
-31.8591113278 4.6800583543 -2.4762740867 0.2246652540 67.0322980903
-31.4100000000 4.7063304492 -2.5006090332 0.2261760595 67.4828385723
-30.9919033063 4.7331912420 -2.5205964226 0.2275825776 67.9022769253
-30.1494890750 4.7909799973 -2.5587956482 0.2304170484 68.7475346948
-29.6800000000 4.8233827508 -2.5805664921 0.2319968593 69.2186479662
-29.3381410850 4.8490792766 -2.5973750153 0.2331478643 69.5618852514
-28.2662874042 4.9278170864 -2.6530206172 0.2367567451 70.6380668734
-27.9500000000 4.9509668741 -2.6695402803 0.2378216682 70.9556321522
-27.4500000000 4.9861846462 -2.6945596693 0.2395047119 71.4574995927
-26.9500000000 5.0220303686 -2.7177870437 0.2411876247 71.9593253559
-26.5085721983 5.0531356557 -2.7364138842 0.2426729947 72.4022431997
-25.6921368789 5.1121796315 -2.7685585771 0.2454202942 73.2214417877
-25.2200000000 5.1466572297 -2.7870676428 0.2470091044 73.6952017059
-24.8675127221 5.1726559230 -2.7996855563 0.2481952173 74.0488739712
-23.8267782859 5.2483368180 -2.8369836148 0.2516970248 75.0930230838
-23.4900000000 5.2728571660 -2.8491410275 0.2528302180 75.4309137487
-22.8680369367 5.3194078537 -2.8725569060 0.2549234502 76.0550630788
-22.4175326428 5.3500439588 -2.8880304898 0.2564387362 76.5068731033
-21.7600000000 5.3951097431 -2.9098373959 0.2586503620 77.1663170762
-21.4475956993 5.4183892666 -2.9197587877 0.2597015471 77.4797464471
-20.3361939750 5.4995861669 -2.9540684329 0.2634407276 78.5946385692
-20.0300000000 5.5217560734 -2.9637670931 0.2644708601 78.9017890296
-18.3000000000 5.6506963505 -3.0152741471 0.2702917194 80.6374083772
-17.9998488332 5.6731031514 -3.0244311206 0.2713016785 80.9385357036
-16.8704734452 5.7588364787 -3.0606250704 0.2751023944 82.0717389366
-16.5700000000 5.7817014259 -3.0703228129 0.2761136084 82.3732388159
-14.8400000000 5.9102541706 -3.1287012362 0.2819352752 84.1090472612
-14.5304308452 5.9321295810 -3.1410450442 0.2829769948 84.4196355732
-13.4291592547 6.0134148163 -3.1833865341 0.2866834882 85.5247146486
-13.1100000000 6.0369981407 -3.1955350954 0.2877576589 85.8449764730
-12.5181397808 6.0810059189 -3.2179096036 0.2897496973 86.4388988282
-11.9273272174 6.1229845950 -3.2452645099 0.2917384548 87.0318325136
-11.3800000000 6.1622279489 -3.2698285559 0.2935808025 87.5811200599
-11.0230714479 6.1863590964 -3.2846606843 0.2947817500 87.9391731868
-10.0292163200 6.2503242412 -3.3260120730 0.2981250548 88.9359429210
-9.6500000000 6.2746479669 -3.3422943721 0.2994007851 89.3162899584
-9.1500000000 6.3079597136 -3.3644730570 0.3010832367 89.8178937636
-8.6500000000 6.3411256940 -3.3860616092 0.3027655794 90.3194621665
-6.9200000000 6.4485635981 -3.4662034344 0.3085857642 92.0547042700
-6.6172468721 6.4682086599 -3.4801822629 0.3096045001 92.3584177335
-5.5055400280 6.5441006807 -3.5343754961 0.3133465927 93.4740293104
-5.1900000000 6.5656537312 -3.5498578027 0.3144087467 93.7906852204
-4.6166639540 6.6036021410 -3.5784076525 0.3163384829 94.3659909746
-3.9748244147 6.6441016921 -3.6115440338 0.3184985737 95.0099604390
-3.4600000000 6.6769218138 -3.6376800830 0.3202311958 95.5264967228
-3.0775847195 6.7063315648 -3.6568542566 0.3215193489 95.9105230400
-2.1597509858 6.7727544874 -3.7040806516 0.3246102233 96.8319683323
-1.7300000000 6.8038220307 -3.7262579386 0.3260574480 97.2634147743
-1.3672039334 6.8286251089 -3.7450762858 0.3272788850 97.6275468570
-0.3309852127 6.9029648896 -3.7954521026 0.3307678227 98.6676496575
-0.0000000000 6.9266596076 -3.8117841736 0.3318822761 98.9998857269
1.7300000000 7.0518718686 -3.8933298527 0.3377070525 100.7363851305
2.0301034481 7.0766886348 -3.9083362835 0.3387184590 101.0378883873
3.1540445059 7.1693183377 -3.9635422685 0.3425061199 102.1669907177
3.4600000000 7.1942614105 -3.9786120467 0.3435371198 102.4743327965
4.0943317769 7.2467314755 -4.0127290913 0.3456753821 103.1117525870
4.6369405858 7.2914181908 -4.0451389717 0.3475050292 103.6571625093
5.1900000000 7.3372796218 -4.0772807955 0.3493698270 104.2130562036
5.5658131988 7.3702035081 -4.0991311660 0.3506375087 104.5909438841
6.4881991566 7.4502168190 -4.1511457425 0.3537483494 105.5182538863
6.9200000000 7.4876391508 -4.1757357572 0.3552046797 105.9523740092
7.2755260774 7.5182433271 -4.1953807512 0.3564035929 106.3097577363
8.3289086147 7.6095672735 -4.2538305858 0.3599560861 107.3687061408
8.6500000000 7.6370504217 -4.2717560858 0.3610388752 107.6914717671
9.1500000000 7.6790867399 -4.2996204959 0.3627247641 108.1940137787
9.6500000000 7.7199147006 -4.3292139214 0.3644106609 108.6965550155
11.3800000000 7.8536442256 -4.4317340641 0.3702419216 110.4348015281
11.6835419250 7.8778714948 -4.4506651012 0.3712654746 110.7398985147
12.7934324609 7.9727313202 -4.5233191292 0.3750105359 111.8562025032
13.1100000000 7.9993409045 -4.5439997380 0.3760785848 112.1745608637
13.6784852920 8.0455016700 -4.5815592261 0.3779962164 112.7461590310
14.3255721194 8.0982383230 -4.6194151446 0.3801780394 113.3964941028
14.8400000000 8.1400896555 -4.6493278329 0.3819125155 113.9134929771
15.2181804337 8.1711020757 -4.6742607189 0.3831882952 114.2937639969
16.1491346501 8.2492756363 -4.7367411954 0.3863296056 115.2300817988
16.5700000000 8.2846866577 -4.7650253483 0.3877497582 115.6533838169
16.9392914362 8.3163690966 -4.7913948178 0.3889964198 116.0249714087
17.9636053917 8.4038982524 -4.8629972686 0.3924538694 117.0555090433
18.3000000000 8.4326546190 -4.8866464251 0.3935893659 117.3939600633
19.0269954964 8.4974045972 -4.9353866279 0.3960437945 118.1254698047
19.2223227468 8.5149813050 -4.9495846046 0.3967035618 118.3220996734
20.0300000000 8.5882798878 -5.0076824979 0.3994317350 119.1351878882
20.3308968493 8.6139374223 -5.0306780674 0.4004479655 119.4380527988
21.4572534581 8.7105215385 -5.1181421498 0.4042525746 120.5719215355
21.7600000000 8.7370412712 -5.1414842457 0.4052753135 120.8767243839
22.4576249904 8.7991155542 -5.1978606703 0.4076330044 121.5793809870
22.8725118923 8.8385669913 -5.2295995539 0.4090354755 121.9973464835
23.4900000000 8.8978446795 -5.2761932001 0.4111228298 122.6194286471
23.8437194048 8.9315417186 -5.3029519765 0.4123184850 122.9757582641
24.8220336063 9.0270756471 -5.3804695120 0.4156270874 123.9617779427
25.2200000000 9.0663270143 -5.4116514075 0.4169730263 124.3628924916
25.6036383177 9.1034204024 -5.4416690840 0.4182702599 124.7494901041
26.6065065352 9.2015367614 -5.5201157004 0.4216617398 125.7601957053
26.9500000000 9.2348680454 -5.5471352625 0.4228233117 126.1063611275
27.4500000000 9.2803589236 -5.5868638444 0.4245132976 126.6100009138
27.9500000000 9.3244700937 -5.6257629403 0.4262026663 127.1134531843
28.4375354484 9.3670888771 -5.6619063666 0.4278493645 127.6041856897
29.2585491422 9.4375154883 -5.7190232224 0.4306211505 128.4301917326
29.6800000000 9.4733460816 -5.7486474670 0.4320439724 128.8542028169
30.1487169681 9.5152216888 -5.7827911203 0.4336272501 129.3260283060
30.8652920268 9.5779438930 -5.8352562294 0.4360475037 130.0472540999
31.4100000000 9.6253075924 -5.8758922628 0.4378873677 130.5955316009
31.7260533380 9.6537743021 -5.9009570366 0.4389555828 130.9138547881
32.8390811208 9.7552899211 -5.9943092104 0.4427192379 132.0353945911
33.1400000000 9.7826594545 -6.0196264003 0.4437367835 132.3386162690
34.8700000000 9.9390664540 -6.1652084173 0.4495864593 134.0818252083
35.1992457460 9.9669223490 -6.1901075501 0.4506984647 134.4131863421
36.2333512343 10.0537161665 -6.2670342492 0.4541905900 135.4537753843
36.6000000000 10.0845063075 -6.2947270141 0.4554288570 135.8227582327
37.0154600264 10.1202445222 -6.3268035039 0.4568323974 136.2409880963
37.9704914510 10.2101046891 -6.4023815093 0.4600615707 137.2032106868
38.3300000000 10.2439598109 -6.4306435387 0.4612771108 137.5654168482
38.9659098259 10.3039713856 -6.4794668452 0.4634269468 138.2060239323
39.3275086005 10.3367417235 -6.5078945242 0.4646491807 138.5702160337
40.0600000000 10.4032869501 -6.5645164721 0.4671248614 139.3079116501
40.3610171877 10.4286121346 -6.5880604896 0.4681417392 139.6109103423
41.4871497533 10.5191802866 -6.6821875597 0.4719464693 140.7445935943
41.7900000000 10.5431930162 -6.7075207854 0.4729695897 141.0494506964
42.4865196269 10.5982047526 -6.7651021254 0.4753224104 141.7505184704
42.9066228481 10.6316235899 -6.8013910722 0.4767420208 142.1735086215
43.5200000000 10.6811662386 -6.8536574444 0.4788147367 142.7911069796
43.8785795385 10.7130260789 -6.8903201834 0.4800291785 143.1529639996
44.8402776529 10.7970852040 -6.9891488069 0.4832860480 144.1233745909
45.2500000000 10.8327892439 -7.0313426385 0.4846736082 144.5368120114
45.7500000000 10.8786137471 -7.0823776299 0.4863674248 145.0414999496
46.2500000000 10.9268094164 -7.1334999206 0.4880620248 145.5464175528
47.0032246725 10.9933313622 -7.2086667434 0.4906123813 146.3063131227
47.3362235249 11.0225282039 -7.2426104425 0.4917400755 146.6423087114
47.9800000000 11.0801240278 -7.3070883859 0.4939201665 147.2918735704
48.3399795689 11.1105581768 -7.3408364643 0.4951379578 147.6547130678
49.2942574129 11.1927545958 -7.4301262934 0.4983666215 148.6166774872
49.7100000000 11.2280043067 -7.4683090382 0.4997728504 149.0356589981
50.0733198985 11.2596195988 -7.5026114166 0.5010022903 149.4019643803
51.1158812924 11.3488106489 -7.5991830459 0.5045292199 150.4527811677
51.4400000000 11.3766602713 -7.6292191180 0.5056257370 150.7794801105
53.1700000000 11.5130579465 -7.7872796752 0.5114744209 152.5220970269
53.4723472776 11.5419800298 -7.8139481679 0.5124978076 152.8269950365
54.5806478842 11.6449737179 -7.9091062292 0.5162475009 153.9441313952
54.9000000000 11.6742424449 -7.9366082860 0.5173278596 154.2660013011
55.4322474960 11.7254686656 -7.9808811534 0.5191287690 154.8025441925
56.1698921500 11.8013579623 -8.0434348444 0.5216266900 155.5467162013
56.6300000000 11.8482260652 -8.0829453520 0.5231847595 156.0108942655
57.0574987331 11.8940375174 -8.1200159318 0.5246333076 156.4424398372
57.8691382293 11.9805690458 -8.1858740490 0.5273820884 157.2613317307
58.3600000000 12.0323171334 -8.2258863823 0.5290443368 157.7565381682
58.6901235488 12.0669340151 -8.2554775236 0.5301629711 158.0897905333
59.7839899395 12.1864003929 -8.3553096869 0.5338718267 159.1946810227
60.0900000000 12.2197209100 -8.3832596027 0.5349093550 159.5037682356
61.8200000000 12.3984269313 -8.5345145740 0.5407695314 161.2496049633
62.1340762990 12.4333270156 -8.5628318622 0.5418345877 161.5668827791
63.2042696517 12.5525467974 -8.6601747153 0.5454641719 162.6480873883
63.5500000000 12.5912191998 -8.6918786698 0.5466368632 162.9974182553
64.0500000000 12.6454410723 -8.7361842484 0.5483317479 163.5023030738
64.5500000000 12.6983291130 -8.7803365139 0.5500261372 164.0070329607
64.9074071973 12.7356421904 -8.8118667537 0.5512371381 164.3677661163
65.8620303045 12.8330269988 -8.8951650797 0.5544706493 165.3309525559
66.2800000000 12.8756338657 -8.9318627664 0.5558864600 165.7526918844
66.6381005710 12.9129444573 -8.9632432067 0.5570997383 166.1140987608
67.6928454032 13.0243319351 -9.0570381468 0.5606742534 167.1788484518
68.0100000000 13.0579767072 -9.0855258858 0.5617492258 167.4990546717
69.7400000000 13.2427436685 -9.2419312785 0.5676137032 169.2459771435
70.0520563860 13.2785963382 -9.2706085316 0.5686726336 169.5613949512
71.1162789413 13.4029554932 -9.3727230219 0.5722861239 170.6377140575
71.4700000000 13.4442396742 -9.4066538571 0.5734871387 170.9954518465
71.8904080881 13.4888410953 -9.4494763088 0.5749137550 171.4203864866
72.8408417642 13.5858075098 -9.5479113973 0.5781382054 172.3808116835
73.2000000000 13.6215972384 -9.5846058574 0.5793562340 172.7436121394
73.8470194492 13.6837575941 -9.6411632170 0.5815467460 173.3960761267
74.1821874633 13.7152133963 -9.6711916591 0.5826814640 173.7340538624
74.9300000000 13.7860568459 -9.7372390358 0.5852131246 174.4881253941
75.2304925799 13.8139124471 -9.7640808489 0.5862303292 174.7910997530
76.3540580740 13.9192255770 -9.8666326395 0.5900347713 175.9242404562
76.6600000000 13.9475516759 -9.8946503972 0.5910706264 176.2327678464
77.2771006880 14.0047885356 -9.9523556348 0.5931604092 176.8552066590
77.8673118625 14.0630029602 -10.0088247123 0.5951606568 177.4509641718
78.3900000000 14.1145139156 -10.0591492877 0.5969321572 177.9785961125
78.7861438158 14.1527758769 -10.1040893818 0.5982768988 178.3791163038
79.6543455289 14.2371850617 -10.2037135751 0.6012247018 179.2570823831
80.1200000000 14.2822148345 -10.2571431520 0.6028056611 179.7279552096
80.4552092363 14.3161667457 -10.2951645948 0.6039440873 180.0670206417
81.5437244839 14.4285241040 -10.4126995461 0.6076394169 181.1676135459
81.8500000000 14.4602307436 -10.4464783084 0.6086794629 181.4773753278
82.3500000000 14.5116520951 -10.5023996626 0.6103775325 181.9831195633
