X Y Z LocalTime TrackLength
-98.8200000000 -3.2854180260 -1.0373401146 0.0000000000 0.0000000000
-82.3500000000 -3.2854180260 -1.0373401146 0.0551905847 16.4700000000
-81.8500000000 -3.2854180260 -1.0373401146 0.0568660730 16.9700039256
-81.3544433721 -3.2850229892 -1.0377572421 0.0585266799 17.4655647464
-80.6158740341 -3.2847488793 -1.0371492283 0.0610016423 18.2041344790
-80.1200000000 -3.2844820215 -1.0368093624 0.0626633285 18.7000125744
-79.7635922958 -3.2835871321 -1.0372535971 0.0638576717 19.0564236824
-78.7470499720 -3.2849101232 -1.0435918544 0.0672642312 20.0729868084
-78.3900000000 -3.2854334466 -1.0452780892 0.0684607419 20.4300431585
-77.8971935662 -3.2874153622 -1.0496051735 0.0701122482 20.9228764118
-77.1497646488 -3.2900980218 -1.0540905836 0.0726170076 21.6703237018
-76.6600000000 -3.2919890686 -1.0573230897 0.0742583002 22.1601064633
-76.2986735731 -3.2935037730 -1.0607290438 0.0754692060 22.5214541843
-75.2896944436 -3.2902672737 -1.0731765579 0.0788506831 23.5305154749
-74.9300000000 -3.2889098366 -1.0775108867 0.0800561577 23.8902406440
-74.4373208375 -3.2875268315 -1.0844931854 0.0817073623 24.3829750732
-73.6958240394 -3.2847920271 -1.0967144391 0.0841925802 25.1245777390
-73.2000000000 -3.2828967138 -1.1047165839 0.0858543894 25.6204738757
-72.8444015135 -3.2819076472 -1.1101370827 0.0870462012 25.9761170589
-71.8233348645 -3.2771326127 -1.1203929596 0.0904681820 26.9972465713
-71.4700000000 -3.2756810043 -1.1237974091 0.0916523344 27.3506028047
-70.9581551284 -3.2714711401 -1.1272109927 0.0933677186 27.8624805428
-70.2540217892 -3.2697367500 -1.1330377012 0.0957274989 28.5666402171
-69.7400000000 -3.2681905643 -1.1372955438 0.0974501576 29.0806861777
-69.3918266843 -3.2657874906 -1.1411119385 0.0986170602 29.4288906353
-68.3546076743 -3.2575382407 -1.1525888862 0.1020933411 30.4662061490
-68.0100000000 -3.2547499599 -1.1563877061 0.1032483097 30.8108479370
-67.4719069412 -3.2516780693 -1.1630814439 0.1050517596 31.3489960241
-66.8307147475 -3.2429792017 -1.1741416562 0.1072010785 31.9903427024
-66.2800000000 -3.2352589793 -1.1833804911 0.1090471088 32.5411938983
-65.9469048699 -3.2280313869 -1.1891098095 0.1101638312 32.8744184688
-64.8760634875 -3.2071243954 -1.2137102175 0.1137541612 33.9457467092
-64.5500000000 -3.2006408302 -1.2208769115 0.1148473753 34.2719550925
-64.0500000000 -3.1917951579 -1.2303534261 0.1165235895 34.7721271281
-63.5500000000 -3.1832054758 -1.2435017897 0.1182000738 35.2723777482
-63.1957726964 -3.1764363474 -1.2540289892 0.1193879479 35.6268281081
-62.1881475995 -3.1563472645 -1.2815031452 0.1227667707 36.6350281583
-61.8200000000 -3.1487044981 -1.2913676351 0.1240012696 37.0033893721
-61.3680690332 -3.1382499015 -1.3020146257 0.1255166772 37.4555699039
-60.5259969756 -3.1204389695 -1.3198297604 0.1283400367 38.2980188952
-60.0900000000 -3.1109140677 -1.3293150718 0.1298019207 38.7342261095
-59.6865832340 -3.1021660829 -1.3383311190 0.1311545829 39.1378410563
-58.7769508710 -3.0841955234 -1.3567048488 0.1342043899 40.0478366478
-58.3600000000 -3.0759662158 -1.3648036489 0.1356023230 40.4649501748
-57.9635285792 -3.0687534911 -1.3717374777 0.1369315134 40.8615503688
-57.0178517194 -3.0512146225 -1.3849202282 0.1401017986 41.8074819314
-56.6300000000 -3.0438993421 -1.3901538455 0.1414020329 42.1954403798
-56.1795833073 -3.0339646501 -1.3963563290 0.1429121199 42.6460126167
-55.3591537170 -3.0180672185 -1.4055824272 0.1456632086 43.4666482480
-54.9000000000 -3.0103852384 -1.4047220528 0.1472026899 43.9258706503
-54.5219173957 -3.0058514175 -1.4009054261 0.1484703353 44.3040021579
-53.5504057021 -2.9904514370 -1.3969946360 0.1517276925 45.2756439750
-53.1700000000 -2.9846197814 -1.3953468131 0.1530031381 45.6561004342
-52.7242940486 -2.9767260788 -1.3912050314 0.1544976452 46.1018989469
-51.8784515244 -2.9590744888 -1.3830150442 0.1573341233 46.9479654563
-51.4400000000 -2.9500177651 -1.3785862301 0.1588044435 47.3865362068
-51.0454669035 -2.9433938927 -1.3746327875 0.1601273970 47.7811474115
-50.1086731244 -2.9235853996 -1.3684949137 0.1632688475 48.7181709096
-49.7100000000 -2.9150997358 -1.3653218793 0.1646057801 49.1169497190
-49.2876250015 -2.9068782052 -1.3636525424 0.1660221153 49.5394111280
-48.3978280090 -2.8892115213 -1.3578436122 0.1690059168 50.4294026352
-47.9800000000 -2.8813975187 -1.3549346452 0.1704070151 50.8473168698
-47.5686699573 -2.8742984936 -1.3507381111 0.1717863344 51.2587325217
-46.6669140855 -2.8582318832 -1.3433430399 0.1748101912 52.1606620198
-46.2500000000 -2.8509283003 -1.3398998671 0.1762082242 52.5776573230
-45.7500000000 -2.8428677051 -1.3355242375 0.1778848431 53.0777458030
-45.2500000000 -2.8323792662 -1.3303772958 0.1795616452 53.5778866556
-44.7178818781 -2.8190245395 -1.3281020357 0.1813462590 54.1101821561
-44.0329206836 -2.8043881702 -1.3221378766 0.1836433546 54.7953257962
-43.5200000000 -2.7936106091 -1.3173772411 0.1853634902 55.3083863961
-43.1601244461 -2.7843709934 -1.3164002629 0.1865704639 55.6683841407
-42.1620308213 -2.7614449532 -1.3140418153 0.1899177262 56.6667440663
-41.7900000000 -2.7529637827 -1.3130508044 0.1911653872 57.0388752989
-41.3383924953 -2.7476384749 -1.3144857929 0.1926796409 57.4905200647
-40.5059957383 -2.7415256307 -1.3183309306 0.1954706038 58.3229482865
-40.0600000000 -2.7382912969 -1.3202914850 0.1969659929 58.7689635616
-39.6721515577 -2.7349253961 -1.3217854320 0.1982664365 59.1568321355
-38.7197043415 -2.7320183524 -1.3215804200 0.2014598489 60.1092839849
-38.3300000000 -2.7305143291 -1.3214615962 0.2027664748 60.4989939248
-37.8942085375 -2.7299303081 -1.3224441093 0.2042276242 60.9347902378
-37.0380816936 -2.7325888537 -1.3234239987 0.2070981537 61.7909219122
-36.6000000000 -2.7340174144 -1.3242759163 0.2085670134 62.2290101621
-36.2106029312 -2.7324969643 -1.3257243959 0.2098726514 62.6184155806
-35.2566530878 -2.7368187209 -1.3411700682 0.2130716386 63.5725004505
-34.8700000000 -2.7384468973 -1.3472804777 0.2143682376 63.9592078987
-34.4230234496 -2.7426070844 -1.3533275617 0.2158671329 64.4062482592
-33.5974560824 -2.7538220608 -1.3654941274 0.2186357939 65.2319816023
-33.1400000000 -2.7598357736 -1.3728207766 0.2201699628 65.6895395967
-32.7697499951 -2.7646494139 -1.3804277146 0.2214117746 66.0599014613
-31.7739963529 -2.7763097521 -1.3995005990 0.2247513799 67.0559062514
-31.4100000000 -2.7804888153 -1.4064135549 0.2259721627 67.4199945891
-30.9089112277 -2.7946962729 -1.4161379885 0.2276533160 67.9213835292
-30.2040915620 -2.8130623563 -1.4246193488 0.2300175809 68.6264936127
-29.6800000000 -2.8266521247 -1.4310647815 0.2317756082 69.1508058650
-29.3440508041 -2.8391814515 -1.4352878619 0.2329029406 69.4870171674
-28.2722267143 -2.8805854999 -1.4474909208 0.2364998167 70.5597103063
-27.9500000000 -2.8929811748 -1.4511763517 0.2375811558 70.8821982824
-27.4500000000 -2.9113300753 -1.4583647580 0.2392590297 71.3825909842
-26.9500000000 -2.9294564007 -1.4621188099 0.2409367597 71.8829380242
-26.4235715729 -2.9473542348 -1.4648210033 0.2427030124 72.4096825385
-25.7561935245 -2.9701997210 -1.4719684991 0.2449423009 73.0774899205
-25.2200000000 -2.9885611827 -1.4781825412 0.2467414391 73.6140389107
-24.8813705075 -3.0003539006 -1.4821732146 0.2478777043 73.9528992512
-23.8240894587 -3.0395732889 -1.4942152433 0.2514256776 75.0109762105
-23.4900000000 -3.0522377344 -1.4977699613 0.2525468256 75.3453265362
-22.9071353219 -3.0731684437 -1.5020147190 0.2545026268 75.9285884972
-22.3485832341 -3.0934644892 -1.5052664472 0.2563768864 76.4875188108
-21.7600000000 -3.1144204719 -1.5093027116 0.2583518840 77.0764951056
-21.4319032128 -3.1252241263 -1.5115456307 0.2594527225 77.4047793357
-20.3558739991 -3.1585546587 -1.5184788323 0.2630628236 78.4813473077
-20.0300000000 -3.1684207308 -1.5206833144 0.2641561198 78.8073800086
-19.4016812138 -3.1874975915 -1.5255370387 0.2662641350 79.4360142568
-18.9424885748 -3.1993109987 -1.5318396438 0.2678046395 79.8954021486
-18.3000000000 -3.2156145356 -1.5410630689 0.2699600714 80.5381712519
-17.9814687614 -3.2219152619 -1.5439838240 0.2710284939 80.8567800397
-16.8861584211 -3.2390791387 -1.5533436687 0.2747021549 81.9522651146
-16.5700000000 -3.2440024245 -1.5558748397 0.2757625438 82.2684738258
-15.8292800251 -3.2534552456 -1.5636619321 0.2782468704 83.0093050876
-15.5891212708 -3.2573752548 -1.5654892586 0.2790523753 83.2495028026
-14.8400000000 -3.2692343303 -1.5712604291 0.2815649496 83.9987504563
-14.5284917499 -3.2739125877 -1.5740456796 0.2826097621 84.3103080654
-13.4196188626 -3.2919269164 -1.5836886703 0.2863290462 85.4193694774
-13.1100000000 -3.2968952956 -1.5861481878 0.2873675345 85.7290397298
-11.3800000000 -3.3181427106 -1.5953167826 0.2931697146 87.4592495905
-11.0726581621 -3.3270612843 -1.5967124777 0.2942008701 87.7667257157
-9.9565292754 -3.3580315448 -1.6018527601 0.2979454900 88.8832963753
-9.6500000000 -3.3664429655 -1.6033868835 0.2989738928 89.1899466162
-9.1500000000 -3.3804669914 -1.6095240564 0.3006515269 89.6901855367
-8.6500000000 -3.3944408150 -1.6141190041 0.3023291105 90.1904065130
-8.2597517489 -3.4061737411 -1.6200479012 0.3036386410 90.5808789472
-7.2922762359 -3.4360071569 -1.6347729597 0.3068852265 91.5489266353
-6.9200000000 -3.4472144290 -1.6410336335 0.3081344907 91.9214267246
-6.4248160391 -3.4646546526 -1.6515289670 0.3097966266 92.4170334236
-5.7171710768 -3.4903759418 -1.6663609377 0.3121720065 93.1253012352
-5.1900000000 -3.5093154223 -1.6772257116 0.3139415445 93.6529294810
-4.8569813865 -3.5221823593 -1.6845110728 0.3150595262 93.9862782679
-3.7800831940 -3.5631993822 -1.7099180881 0.3186748750 95.0642569958
-3.4600000000 -3.5755066520 -1.7174736372 0.3197494712 95.3846677244
-2.6698380276 -3.5975216689 -1.7379266122 0.3224014629 96.1754125652
-2.5526803687 -3.6009128582 -1.7416916556 0.3227947626 96.2926797761
-1.7300000000 -3.6242995787 -1.7684496055 0.3255565047 97.1161400524
-1.4240704654 -3.6308592335 -1.7774325183 0.3265832416 97.4222734841
-0.3038476583 -3.6466740977 -1.8164556114 0.3303430331 98.5432875890
-0.0000000000 -3.6512201266 -1.8267953729 0.3313628198 98.8473468465
1.7300000000 -3.6770609817 -1.8878600802 0.3371693932 100.5786734361
2.0309399682 -3.6799227000 -1.9036127979 0.3381801747 100.8800407118
3.1597155749 -3.6945746133 -1.9622881449 0.3419715371 102.0104355265
3.4600000000 -3.6985703155 -1.9780451935 0.3429801727 102.3111613379
5.1900000000 -3.7191377009 -2.0764021570 0.3487924288 104.0441338805
5.4900746733 -3.7216855989 -2.0901274614 0.3497999960 104.3445348010
6.6195641258 -3.7346889126 -2.1421818027 0.3535926922 105.4752981536
6.9200000000 -3.7381241428 -2.1563060160 0.3546015663 105.7760871851
8.6500000000 -3.7596444957 -2.2407635256 0.3604115568 107.5083382153
9.1500000000 -3.7650789737 -2.2616641815 0.3620902167 108.0088091410
9.6500000000 -3.7729926204 -2.2859391072 0.3637695080 108.5094653960
9.9532264594 -3.7780735148 -2.3022049829 0.3647882050 108.8131720810
11.0799926595 -3.7947454908 -2.3653800618 0.3685740024 109.9418313349
11.3800000000 -3.7994771632 -2.3822145796 0.3695820103 110.2423496081
13.1100000000 -3.8253391701 -2.4680320331 0.3753926683 111.9747273057
13.4238611575 -3.8282245861 -2.4868823793 0.3764474064 112.2891691646
14.5065799552 -3.8365524952 -2.5539360238 0.3800862881 113.3739945298
14.8400000000 -3.8393233441 -2.5743240284 0.3812068245 113.7080509755
15.3446617990 -3.8433914458 -2.6023202889 0.3829023031 114.2135100152
16.1120321007 -3.8501425274 -2.6456456023 0.3854805577 114.9821323897
16.5700000000 -3.8537237607 -2.6714320813 0.3870192404 115.4408437188
16.9772959427 -3.8583646269 -2.6937582013 0.3883876169 115.8487807197
17.8527434214 -3.8731540352 -2.7429148182 0.3913292897 116.7257320697
18.3000000000 -3.8807788005 -2.7677663649 0.3928321191 117.1737473138
18.6583398538 -3.8871938327 -2.7874590109 0.3940361626 117.5326876890
19.6955987113 -3.9051438282 -2.8433608551 0.3975211920 118.5716071409
20.0300000000 -3.9112212211 -2.8613861283 0.3986447483 118.9065511997
20.7203990641 -3.9211751876 -2.8998448736 0.4009645186 119.5981015145
21.0173327137 -3.9300842554 -2.9140974140 0.4019622152 119.8955105922
21.7600000000 -3.9519386911 -2.9503666091 0.4044576347 120.6393948795
22.0643601485 -3.9609239197 -2.9674431882 0.4054807106 120.9443679173
23.1898714470 -3.9922669625 -3.0254480969 0.4092629093 122.0718089346
23.4900000000 -4.0008134830 -3.0414414457 0.4102715812 122.3724865745
25.2200000000 -4.0510722225 -3.1410589816 0.4160872626 124.1061398748
25.5344685460 -4.0602419677 -3.1645437649 0.4171456162 124.4216193865
26.6097016963 -4.0932593310 -3.2470545989 0.4207650881 125.5005193113
26.9500000000 -4.1037146960 -3.2730065685 0.4219105696 125.8419681721
27.4500000000 -4.1199827468 -3.3124371760 0.4235940629 126.3437892607
27.9500000000 -4.1372281399 -3.3498183501 0.4252771498 126.8454861209
28.4600401316 -4.1520776289 -3.3894120302 0.4269941248 127.3572813917
29.1494326096 -4.1678897557 -3.4421249258 0.4293143051 128.0488671104
29.6800000000 -4.1802466064 -3.4831034179 0.4311000750 128.5811636937
30.0161460908 -4.1886569898 -3.5099081057 0.4322317435 128.9184839312
31.0823063995 -4.2127807022 -3.5909029697 0.4358198414 129.9879887006
31.4100000000 -4.2200953227 -3.6158273655 0.4369226765 130.3167123462
32.0591059103 -4.2346252168 -3.6644388532 0.4391070275 130.9678065265
32.4640204486 -4.2449436778 -3.6924734090 0.4404691929 131.3738217181
33.1400000000 -4.2611107572 -3.7394587635 0.4427431990 132.0516341754
33.4525734361 -4.2689677618 -3.7590377212 0.4437942661 132.3649206984
34.5630071054 -4.2988824494 -3.8250855606 0.4475277129 133.4777193034
34.8700000000 -4.3072265797 -3.8434431673 0.4485598977 133.7853756447
36.6000000000 -4.3573604124 -3.9507207222 0.4543776766 135.5194834362
36.9003904176 -4.3664995358 -3.9749379057 0.4553892528 135.8209888224
38.0299974585 -4.3891946636 -4.0628387976 0.4591914372 136.9542382809
38.3300000000 -4.3952766143 -4.0864804717 0.4602013100 137.2552341917
40.0600000000 -4.4378286787 -4.2175541321 0.4660240847 138.9907746499
40.3629938371 -4.4455867701 -4.2396547036 0.4670437293 139.2946743380
41.4832607023 -4.4745056792 -4.3238687771 0.4708143410 140.4184744912
41.7900000000 -4.4824458515 -4.3468914883 0.4718467644 140.7261809497
42.5665740033 -4.5044625074 -4.3961005896 0.4744586385 141.5046361383
42.7524057495 -4.5059596870 -4.4100183310 0.4750839238 141.6909944265
43.5200000000 -4.5112943872 -4.4677964054 0.4776667702 142.4607905897
43.8339373433 -4.5122194790 -4.4913097482 0.4787230854 142.7756106225
44.9365287359 -4.5101419728 -4.5824213531 0.4824352627 143.8819622918
45.2500000000 -4.5096158184 -4.6080440956 0.4834905754 144.1964814454
45.7500000000 -4.5076641339 -4.6485711428 0.4851737683 144.6981301007
46.2500000000 -4.5068704969 -4.6891173232 0.4868569647 145.1997771379
46.6636263488 -4.5034198744 -4.7226664717 0.4882494506 145.6147796869
47.6180597217 -4.4953062416 -4.8052920755 0.4914640636 146.5728174069
47.9800000000 -4.4924562921 -4.8364334679 0.4926830502 146.9361087878
48.5837425557 -4.4850369030 -4.8884686096 0.4947165316 147.5421424878
49.0145142781 -4.4800936455 -4.9264711583 0.4961676774 147.9746157314
49.7100000000 -4.4714018801 -4.9879675456 0.4985106392 148.6728790273
50.0121678770 -4.4694095675 -5.0130530457 0.4995280714 148.9760948216
51.1379927115 -4.4688909880 -5.1100836821 0.5033197879 150.1060936762
51.4400000000 -4.4688820150 -5.1361336775 0.5043369410 150.4092242515
52.1432157867 -4.4668225612 -5.1961582703 0.5067051924 151.1150103565
52.5539759897 -4.4667913758 -5.2303156582 0.5080882813 151.5271885284
53.1700000000 -4.4661217130 -5.2816031854 0.5101625434 152.1453520403
53.5249431541 -4.4704343414 -5.3055370628 0.5113563810 152.5011299505
54.5063691005 -4.4772606832 -5.3740062939 0.5146577473 153.4849652759
54.9000000000 -4.4800567399 -5.4013094042 0.5159818288 153.8795550488
55.2929492739 -4.4828167866 -5.4270275987 0.5173032774 154.2733579033
56.2722687321 -4.4800179549 -5.4886959938 0.5205960705 155.2546212971
56.6300000000 -4.4790617452 -5.5112680069 0.5217988917 155.6130679025
57.2092815285 -4.4791907428 -5.5499320004 0.5237471073 156.1936452731
57.7176508480 -4.4806270016 -5.5817798859 0.5254564228 156.7030134442
58.3600000000 -4.4817281262 -5.6218890108 0.5276161938 157.3466231255
58.6679999728 -4.4819754925 -5.6427584058 0.5286521465 157.6553313963
59.7897145617 -4.4908968982 -5.7195427220 0.5324253314 158.7797066369
60.0900000000 -4.4928332035 -5.7399887821 0.5334353872 159.0806954536
61.8200000000 -4.5011775562 -5.8535322871 0.5392535281 160.8145000306
62.1360397947 -4.5029152806 -5.8711700900 0.5403157973 161.1310384751
63.2150723941 -4.5102027114 -5.9330716161 0.5439429881 162.2118700199
63.5500000000 -4.5123963122 -5.9522535055 0.5450688488 162.5473559880
64.0500000000 -4.5163089324 -5.9799207108 0.5467494403 163.0481414003
64.5500000000 -4.5198490110 -6.0054223487 0.5484296470 163.5488090676
65.2387484606 -4.5256942671 -6.0396808745 0.5507440199 164.2384437415
65.5987816394 -4.5282254367 -6.0554289027 0.5519534882 164.5988301602
66.2800000000 -4.5323479782 -6.0853431755 0.5542419254 165.2807272298
66.5995604093 -4.5348792826 -6.0984840809 0.5553153302 165.6005698794
67.6885903197 -4.5415602621 -6.1389904973 0.5589728040 166.6903735967
68.0100000000 -4.5437529977 -6.1508875762 0.5600522484 167.0120130389
68.6427904916 -4.5474235550 -6.1734456575 0.5621773442 167.6452245608
69.1134126296 -4.5502652706 -6.1900799349 0.5637578319 168.1161492658
69.7400000000 -4.5538383911 -6.2126290303 0.5658621426 168.7431607126
70.0658481493 -4.5564386926 -6.2212264643 0.5669561580 169.0691348766
71.1418511687 -4.5636130963 -6.2486355402 0.5705686738 170.1455111886
71.4700000000 -4.5655451409 -6.2568311063 0.5716703683 170.4737703097
72.0621971175 -4.5677236997 -6.2750120989 0.5736588566 171.0662578785
72.6185835454 -4.5738228338 -6.2888802335 0.5755269216 171.6228506457
73.2000000000 -4.5800422867 -6.3034684328 0.5774790321 172.2044905125
73.5343242347 -4.5814284202 -6.3116589638 0.5786014662 172.5389203078
74.5932384863 -4.5879721965 -6.3366958242 0.5821565642 173.5981510400
74.9300000000 -4.5899883928 -6.3447299018 0.5832871816 173.9350168192
75.4800282921 -4.5934394248 -6.3565117350 0.5851337146 174.4851885439
76.1194636201 -4.5999544787 -6.3722089747 0.5872806427 175.1248498359
76.6600000000 -4.6051527305 -6.3854564448 0.5890955038 175.6655797417
77.0053521683 -4.6092907370 -6.3939886432 0.5902550752 176.0110646195
78.0380671131 -4.6241160128 -6.4188452130 0.5937228367 177.0441853691
78.3900000000 -4.6288988624 -6.4272053370 0.5949045763 177.3962526998
78.8861086539 -4.6345465273 -6.4387305344 0.5965703795 177.8925326574
79.6380283928 -4.6471516519 -6.4572773716 0.5990954252 178.6447869170
80.1200000000 -4.6551124099 -6.4690857636 0.6007139385 179.1269738992
80.4902896241 -4.6604224138 -6.4760478826 0.6019572254 179.4973699990
81.4735441495 -4.6713126389 -6.4888599574 0.6052581859 180.4807685517
81.8500000000 -4.6751800089 -6.4940471906 0.6065220199 180.8572830701
82.3500000000 -4.6792161441 -6.5005143770 0.6082005717 181.3573466010
