X Y Z LocalTime TrackLength
-98.8200000000 0.4601191711 -2.4028371682 0.0000000000 0.0000000000
-82.3500000000 0.4601191711 -2.4028371682 0.0551905847 16.4700000000
-81.8500000000 0.4601191711 -2.4028371682 0.0568660730 16.9700039256
-81.5365342856 0.4601170129 -2.4028200389 0.0579164947 17.2834711851
-80.4338363198 0.4617722722 -2.4046638100 0.0616116469 18.3861721430
-80.1200000000 0.4623440079 -2.4052844321 0.0626633652 18.7000111619
-79.3836563718 0.4623431696 -2.4059840998 0.0651309766 19.4363637450
-79.1208962005 0.4636455831 -2.4039377077 0.0660115736 19.6991351269
-78.3900000000 0.4671976635 -2.3982034127 0.0684610514 20.4300709626
-78.0745152872 0.4688695138 -2.3960402486 0.0695183507 20.7455691093
-76.9771689523 0.4757249730 -2.3844698230 0.0731960901 21.8429980810
-76.6600000000 0.4776233165 -2.3810096960 0.0742590808 22.1601931943
-75.9831337138 0.4797423574 -2.3736823406 0.0765275765 22.8371097855
-75.6032925941 0.4810178549 -2.3691095830 0.0778006281 23.2169806018
-74.9300000000 0.4829460648 -2.3604281449 0.0800572149 23.8903391857
-74.6105576860 0.4844415232 -2.3556344615 0.0811278957 24.2098226031
-73.5200641879 0.4867312324 -2.3416926584 0.0847827989 25.3004078503
-73.2000000000 0.4872593961 -2.3375734266 0.0858555292 25.6205006262
-72.5446439647 0.4878340033 -2.3305249911 0.0880519767 26.2759017226
-72.1231569048 0.4887180768 -2.3264162477 0.0894646033 26.6974097711
-71.4700000000 0.4898701848 -2.3198651977 0.0916536840 27.3506074165
-71.1487685788 0.4909298951 -2.3155844150 0.0927303554 27.6718707717
-70.0625150616 0.4954084911 -2.2995275938 0.0963712469 28.7582524227
-69.7400000000 0.4968517546 -2.2952203935 0.0974522314 29.0808011527
-69.1084757180 0.4979962691 -2.2849471307 0.0995690117 29.7124164704
-68.6352910299 0.5008706325 -2.2747228955 0.1011552554 30.1857203973
-68.0100000000 0.5042367821 -2.2610004425 0.1032514097 30.8111773700
-67.6849560822 0.5038503210 -2.2542611147 0.1043410147 31.1362930875
-66.6041494946 0.5009188814 -2.2263606291 0.1079645226 32.2174639912
-66.2800000000 0.5000547075 -2.2180455325 0.1090512632 32.5417229752
-65.6544745335 0.5007608596 -2.1998640894 0.1111485907 33.1675193728
-65.1788404406 0.4992226262 -2.1845527544 0.1127435145 33.6434024277
-64.5500000000 0.4969947766 -2.1642527830 0.1148521881 34.2725808207
-64.0500000000 0.5014965518 -2.1496014485 0.1165287385 34.7728197663
-63.5500000000 0.5076193920 -2.1338037525 0.1182054843 35.2731108255
-63.1964964229 0.5112139174 -2.1225074806 0.1193909485 35.6268151536
-62.1897783092 0.5209758338 -2.0905064763 0.1227669272 36.6340893570
-61.8200000000 0.5242144926 -2.0788342296 0.1240069422 37.0040682551
-61.3770156555 0.5280324298 -2.0631697839 0.1254926379 37.4473491287
-60.5034859230 0.5366858866 -2.0271469317 0.1284230188 38.3216644330
-60.0900000000 0.5404078298 -2.0100088760 0.1298101184 38.7355249151
-59.6493510422 0.5455284135 -1.9894702519 0.1312887220 39.1766851783
-58.8381023221 0.5582530726 -1.9507534920 0.1340111822 39.9889572242
-58.3600000000 0.5652142408 -1.9278682207 0.1356156259 40.4676613382
-58.0140307412 0.5680719216 -1.9107310232 0.1367766648 40.8140685340
-56.9582518023 0.5680131723 -1.8639266768 0.1403187898 41.8708846202
-56.6300000000 0.5678476195 -1.8492798635 0.1414200863 42.1994648548
-55.9175433917 0.5667144926 -1.8184820650 0.1438102683 42.9125960881
-55.6533319176 0.5658847984 -1.8086451098 0.1446964536 43.1769919740
-54.9000000000 0.5630033841 -1.7807164747 0.1472231779 43.9308563034
-54.5942542763 0.5637432197 -1.7678719753 0.1482488710 44.2368741515
-53.4711619442 0.5649958526 -1.7237166644 0.1520161284 45.3608350748
-53.1700000000 0.5654056186 -1.7117662853 0.1530263507 45.6622358078
-51.4400000000 0.5656941348 -1.6433304903 0.1588294717 47.3936385374
-51.1369383764 0.5599211115 -1.6287610770 0.1598466425 47.6971066116
-50.0207586695 0.5351637577 -1.5777660146 0.1635927338 48.8147250909
-49.7100000000 0.5282421405 -1.5635895248 0.1646356944 49.1258855556
-49.0601582045 0.5134224811 -1.5349288918 0.1668165621 49.7765349082
-48.5817492842 0.5024315175 -1.5124240548 0.1684223318 50.2555991121
-47.9800000000 0.4881289549 -1.4845799703 0.1704420570 50.8581680699
-47.6357744832 0.4797975445 -1.4683677623 0.1715974868 51.2028778346
-46.6194294378 0.4589888679 -1.4161426380 0.1750094042 52.2207766993
-46.2500000000 0.4512059904 -1.3969968191 0.1762496413 52.5907860749
-45.7500000000 0.4426547066 -1.3684739654 0.1779285809 53.0916761628
-45.2500000000 0.4343016146 -1.3399605936 0.1796075163 53.5925623709
-44.9422940518 0.4304964506 -1.3231071983 0.1806405630 53.9007545967
-43.8243579864 0.4075395074 -1.2688642170 0.1843930633 55.0202414789
-43.5200000000 0.4014264806 -1.2538551121 0.1854147128 55.3250321875
-41.7900000000 0.3633864276 -1.1751856842 0.1912210736 57.0572880728
-41.4896217054 0.3581719577 -1.1588060289 0.1922296075 57.3581593439
-40.3600021575 0.3390613987 -1.0991199638 0.1960219976 58.4895162693
-40.0600000000 0.3341248971 -1.0831836680 0.1970291820 58.7899834793
-38.3300000000 0.3147630244 -0.9934383593 0.2028364557 60.5224685763
-38.0294838581 0.3133551468 -0.9781721935 0.2038451413 60.8233770551
-36.9007226680 0.3089326650 -0.9218535658 0.2076336663 61.9535512459
-36.6000000000 0.3077617396 -0.9069436779 0.2086429852 62.2546471188
-34.8700000000 0.2976091688 -0.8195568399 0.2144497452 63.9869334507
-34.5684505283 0.2956849057 -0.8033829380 0.2154621373 64.2889240633
-33.4417155060 0.2935047867 -0.7557854396 0.2192428095 65.4166663306
-33.1400000000 0.2929131693 -0.7430046735 0.2202551992 65.7186545644
-31.4100000000 0.2945292011 -0.6728488760 0.2260597040 67.4501289391
-31.1084754876 0.2960225981 -0.6635445821 0.2270710600 67.7518022414
-29.9809864148 0.3041282196 -0.6285640581 0.2308529014 68.8798633033
-29.6800000000 0.3059754324 -0.6192056087 0.2318624714 69.1810024076
-27.9500000000 0.3497909703 -0.5654579551 0.2376670092 70.9124435902
-27.4500000000 0.3654009890 -0.5559097068 0.2393444302 71.4127826735
-26.9500000000 0.3794814997 -0.5499783650 0.2410215252 71.9130204191
-26.3950632529 0.3918756356 -0.5401804268 0.2428827865 72.4681873993
-25.7895878856 0.4036473388 -0.5308811853 0.2449133669 73.0738486916
-25.2200000000 0.4146670765 -0.5217458492 0.2468236099 73.6436220752
-24.8907507418 0.4203285596 -0.5169328360 0.2479277612 73.9729570722
-23.8129700077 0.4416750616 -0.4969631226 0.2515425691 75.0511344371
-23.4900000000 0.4481507775 -0.4906847273 0.2526258159 75.3742321929
-22.8155972756 0.4631370915 -0.4806187364 0.2548877089 76.0488844776
-22.4580508972 0.4722545017 -0.4727287549 0.2560871521 76.4066341664
-21.7600000000 0.4895506449 -0.4568028547 0.2584288671 77.1050894639
-21.4484627524 0.4972560033 -0.4510956938 0.2594738754 77.4167759490
-20.3373214772 0.5283529332 -0.4281623693 0.2632015506 78.5285892111
-20.0300000000 0.5368769340 -0.4218298137 0.2642325517 78.8360957535
-18.3000000000 0.5711091276 -0.3873266770 0.2700351987 80.5668311499
-17.9981379271 0.5755025814 -0.3833331214 0.2710474980 80.8687532165
-16.8708280633 0.5948642382 -0.3680781927 0.2748281332 81.9963328342
-16.5700000000 0.6000601260 -0.3637715011 0.2758370283 82.2972381881
-14.8400000000 0.6364656196 -0.3369644112 0.2816395140 84.0278818743
-14.5399938114 0.6431406213 -0.3348555527 0.2826457157 84.3279713272
-13.4100757950 0.6755860888 -0.3282456703 0.2864359955 85.4583747566
-13.1100000000 0.6837760950 -0.3264126494 0.2874425548 85.7585695009
-11.3800000000 0.7238901315 -0.3135657432 0.2932450493 87.4891357161
-11.0793990839 0.7306178332 -0.3114486254 0.2942532763 87.7898209825
-9.9506798321 0.7589066360 -0.3097917318 0.2980392333 88.9188962154
-9.6500000000 0.7665007990 -0.3093154725 0.2990477829 89.2196739363
-9.1500000000 0.7829268389 -0.3084153974 0.3007252735 89.7199489883
-8.6500000000 0.7996170800 -0.3081225986 0.3024028095 90.2202320706
-8.0823984871 0.8178947750 -0.3087750684 0.3043070923 90.7881339861
-7.5185847245 0.8357448203 -0.3103843304 0.3061986512 91.3522326571
-6.9200000000 0.8546878076 -0.3119696325 0.3082068639 91.9511256207
-6.6001355767 0.8640001582 -0.3128649445 0.3092799149 92.2711286773
-5.5027387820 0.8931997606 -0.3130373614 0.3129611023 93.3689142078
-5.1900000000 0.9015631133 -0.3130240770 0.3140101823 93.6817665703
-3.4600000000 0.9511878334 -0.3143101856 0.3198137890 95.4125329752
-3.1576289421 0.9607924231 -0.3134385519 0.3208282664 95.7150594565
-2.0301586309 0.9991124024 -0.3141986624 0.3246112888 96.8431814257
-1.7300000000 1.0099605003 -0.3146926750 0.3256184956 97.1435380738
-0.0000000000 1.0670626540 -0.3214228592 0.3314230789 98.8745479301
0.3035966564 1.0761497120 -0.3250941245 0.3324417124 99.1783044253
1.4219334760 1.1076320307 -0.3365602595 0.3361937357 100.2971433966
1.7300000000 1.1164467789 -0.3397194729 0.3372273156 100.6053539368
2.4687694517 1.1367815159 -0.3469484826 0.3397058473 101.3444485691
2.7488944037 1.1438627013 -0.3490839598 0.3406455904 101.6246711813
3.4600000000 1.1621679747 -0.3541205561 0.3430311760 102.3360394825
3.7828970428 1.1717148980 -0.3551951160 0.3441145184 102.6590813379
4.8567919563 1.2033463130 -0.3580955040 0.3477175053 103.7334462442
5.1900000000 1.2133313780 -0.3587623262 0.3488354583 104.0668065788
5.7249937359 1.2288924710 -0.3588733300 0.3506303845 104.6020318738
6.4091303728 1.2472538427 -0.3583777477 0.3529255612 105.2864151896
6.9200000000 1.2606734652 -0.3575670976 0.3546394307 105.7974665099
7.2822703996 1.2703525719 -0.3577869208 0.3558548120 106.1598686903
8.2736123568 1.2961951969 -0.3611262172 0.3591806397 107.1515533195
8.6500000000 1.3060133955 -0.3619240577 0.3604433720 107.5280724725
9.1500000000 1.3167107410 -0.3618860266 0.3621206261 108.0281915398
9.6500000000 1.3364853982 -0.3711491153 0.3637991053 108.5286728144
11.3800000000 1.4042489173 -0.3927551853 0.3696060816 110.2601901857
11.6831331234 1.4163443989 -0.3969189610 0.3706236654 110.5635948259
12.8046073180 1.4672426173 -0.4153758608 0.3743893755 111.6863754065
13.1100000000 1.4804455098 -0.4208943932 0.3754147622 111.9921049175
14.8400000000 1.5502671428 -0.4506832146 0.3812226460 113.7238259138
15.1532333816 1.5637583462 -0.4590672605 0.3822745833 114.0374636356
16.2491926277 1.6085840178 -0.4894190046 0.3859549355 115.1347593024
16.5700000000 1.6218076023 -0.4982827899 0.3870322560 115.4559633681
17.1649753070 1.6485775572 -0.5162020399 0.3890307520 116.0518168261
17.7367464717 1.6743450788 -0.5348243079 0.3909514774 116.6244714079
18.3000000000 1.6999443576 -0.5528080181 0.3928435848 117.1885991182
18.6463296782 1.7162888904 -0.5615671714 0.3940068719 117.5354271660
19.6715755721 1.7615911536 -0.5877122893 0.3974501322 118.5620066572
20.0300000000 1.7774225737 -0.5968940258 0.3986538954 118.9209004624
20.4968654677 1.7971958468 -0.6116086255 0.4002220025 119.3884202457
21.3234004346 1.8335343476 -0.6441278137 0.4029991424 120.2163926306
21.7600000000 1.8525439300 -0.6615574576 0.4044661160 120.6537569176
22.1732304359 1.8712176031 -0.6768070305 0.4058545167 121.0676933244
23.0504455266 1.9145083056 -0.7092809892 0.4088024475 121.9465762748
23.4900000000 1.9360913383 -0.7256152437 0.4102795867 122.3869670392
23.8607058788 1.9532077575 -0.7388244225 0.4115251223 122.7583055051
24.8696636060 1.9979331082 -0.7793769152 0.4149154360 123.7690680809
25.2200000000 2.0134186676 -0.7937024304 0.4160926698 124.1200413892
25.7855703695 2.0387010388 -0.8166313978 0.4179931760 124.6866468325
26.3464701431 2.0639225262 -0.8383576288 0.4198778877 125.2485338015
26.9500000000 2.0913565449 -0.8610466902 0.4219058013 125.8531197432
27.4500000000 2.1439160906 -0.8802304294 0.4235934090 126.3562453856
27.9500000000 2.1947601908 -0.9003056050 0.4252805525 126.8592295068
29.6800000000 2.3732459921 -0.9766703381 0.4311199675 128.6001463975
29.9816550229 2.4057138498 -0.9931996426 0.4321391989 128.9039954081
31.0874096334 2.5206669674 -1.0487340408 0.4358730180 130.0170956396
31.4100000000 2.5540883159 -1.0651558167 0.4369623135 130.3418302003
31.9098870353 2.6063184570 -1.0871566824 0.4386499029 130.8449246341
32.7228432951 2.6930273842 -1.1206873501 0.4413947165 131.6631793963
33.1400000000 2.7375463857 -1.1381168468 0.4428032198 132.0830702403
33.6367520372 2.7910072203 -1.1573958014 0.4444804402 132.5830674216
34.2754047162 2.8585910093 -1.1820888062 0.4466363604 133.2257607148
34.8700000000 2.9218180637 -1.2053564227 0.4486437019 133.8241677030
35.1758478329 2.9564206927 -1.2179186865 0.4496770844 134.1322248255
36.2981659708 3.0829872437 -1.2661894091 0.4534692797 135.2626883440
36.6000000000 3.1170608172 -1.2792387916 0.4544891699 135.5667215240
37.2441707449 3.1924428492 -1.3057251272 0.4566666432 136.2158367609
37.7941987176 3.2533124519 -1.3287736272 0.4585246435 136.7697024360
38.3300000000 3.3128536609 -1.3514060821 0.4603347041 137.3092824013
38.7297898220 3.3581313931 -1.3675256328 0.4616855124 137.7119539482
39.5721145765 3.4582250838 -1.3982256632 0.4645329657 138.5607604576
40.0600000000 3.5161238206 -1.4162385397 0.4661822479 139.0524042061
40.3820192803 3.5563048081 -1.4270127373 0.4672714965 139.3771015414
41.4896954232 3.6939506315 -1.4623157330 0.4710178623 140.4938556342
41.7900000000 3.7311212789 -1.4721256301 0.4720335149 140.7966126720
42.5689308382 3.8290941446 -1.4982083369 0.4746686433 141.5821260589
42.8741989617 3.8667535980 -1.5100971352 0.4757012732 141.8899382419
43.5200000000 3.9462938515 -1.5343777893 0.4778856590 142.5410803552
43.8945523360 3.9930104078 -1.5491886228 0.4791529053 142.9188281281
44.7875980276 4.1089086631 -1.5848112775 0.4821763671 143.8200674410
45.2500000000 4.1690033024 -1.6032461485 0.4837418954 144.2867266440
45.7500000000 4.2349498051 -1.6219842432 0.4854349957 144.7914098557
46.2500000000 4.2988942205 -1.6413843703 0.4871273276 145.2958603866
47.9800000000 4.5301088561 -1.7066826256 0.4929869334 147.0425243255
48.2807452609 4.5705309527 -1.7165101600 0.4940055219 147.3461348602
49.4066588831 4.7181255855 -1.7488538834 0.4978167684 148.4821420829
49.7100000000 4.7577322226 -1.7576961373 0.4988435339 148.7881875875
51.4400000000 4.9887784737 -1.8055174601 0.5047013737 150.5342635288
51.7546344512 5.0314720780 -1.8152605679 0.5057671643 150.8519328512
52.8466578579 5.1798069046 -1.8482226338 0.5094662732 151.9544778273
53.1700000000 5.2237751626 -1.8582263651 0.5105616088 152.2809511391
53.7495000961 5.3034195771 -1.8749399474 0.5125249610 152.8661442531
54.3475224586 5.3856810275 -1.8918040123 0.5145510761 153.4700334687
54.9000000000 5.4614500475 -1.9077901733 0.5164228209 154.0279177885
55.2491162500 5.5081102329 -1.9179104088 0.5176050593 154.3802862222
56.2704507841 5.6430556666 -1.9399767412 0.5210623945 155.4107336524
56.6300000000 5.6905146174 -1.9477361914 0.5222794916 155.7734871898
57.1029999828 5.7516987696 -1.9556081391 0.5238799427 156.2504974981
57.8989918156 5.8473433485 -1.9675118825 0.5265701843 157.0523034646
58.3600000000 5.9026458361 -1.9744776393 0.5281282393 157.5166734467
58.7423948949 5.9505948999 -1.9812980811 0.5294215194 157.9021261758
59.6973901029 6.0671295772 -1.9974557882 0.5326500064 158.8643411444
60.0900000000 6.1151507692 -2.0045930208 0.5339773530 159.2599445013
60.5130031840 6.1656173363 -2.0105570861 0.5354068559 159.6859929417
61.4078939954 6.2740250704 -2.0246952799 0.5384318100 160.5875371788
61.8200000000 6.3237881276 -2.0312200414 0.5398247700 161.0026916059
62.2414709928 6.3750047855 -2.0375100280 0.5412495042 161.4273133425
63.1172831448 6.4817463353 -2.0513080300 0.5442102734 162.3097142590
63.5500000000 6.5344127804 -2.0582532645 0.5456730956 162.7456835702
64.0500000000 6.5971981016 -2.0646719259 0.5473640990 163.2496561978
64.5500000000 6.6647394470 -2.0707108589 0.5490571609 163.7542387424
64.9809959738 6.7257466237 -2.0765696786 0.5505178882 164.1895743675
65.9342719438 6.8648306299 -2.0896871207 0.5537507274 165.1530326692
66.2800000000 6.9152996589 -2.0946350856 0.5549232233 165.5024625576
68.0100000000 7.1572158311 -2.1191724694 0.5607852942 167.2495297142
68.3212947230 7.1999075897 -2.1250691056 0.5618398308 167.5637955930
69.4204562561 7.2348175913 -1.9859543479 0.5655594344 168.6722757731
69.7400000000 7.2453278177 -1.9458142562 0.5666406968 168.9945043834
70.3357431357 7.2657850505 -1.8724301670 0.5686560673 169.5951061958
70.9119250217 7.2881351288 -1.8012695541 0.5706056688 170.1760958792
71.4700000000 7.3102424670 -1.7324820267 0.5724940085 170.7388351616
71.8218005878 7.3238289304 -1.6877557600 0.5736849144 171.0937302687
72.8282099023 7.3631247309 -1.5596569001 0.5770919182 172.1090202077
73.2000000000 7.3778649220 -1.5123400998 0.5783505709 172.4841018233
73.6343729169 7.3967332502 -1.4583999560 0.5798207642 172.9222215234
74.5249607483 7.4343824752 -1.3500432041 0.5828340307 173.8201667667
74.9300000000 7.4518201087 -1.3007590892 0.5842045120 174.2285692875
75.3800827882 7.4709953811 -1.2439196983 0.5857282360 174.6826362577
76.1747841157 7.5058168960 -1.1420011452 0.5884194540 175.4846028207
76.6600000000 7.5277136940 -1.0796521852 0.5900627632 175.9743029343
77.0038884796 7.5441704707 -1.0353841784 0.5912276163 176.3214218090
78.0658082072 7.5989411939 -0.8998505225 0.5948248357 177.3933561665
78.3900000000 7.6157328472 -0.8587148388 0.5959229375 177.7205806871
80.1200000000 7.7072120498 -0.6425550517 0.6017817385 179.4664944938
80.4215516978 7.7206549198 -0.6056680160 0.6028022738 179.7705931177
81.5497993257 7.7775572814 -0.4661207923 0.6066222703 180.9088614017
81.8500000000 7.7929911486 -0.4287226149 0.6076388458 181.2117779637
82.3500000000 7.8187130824 -0.3676472711 0.6093315180 181.7161560043
