X Y Z LocalTime TrackLength
-98.8200000000 3.6158426197 -1.8123379710 0.0000000000 0.0000000000
-82.3500000000 3.6158426197 -1.8123379710 0.0551905847 16.4700000000
-81.8500000000 3.6158426197 -1.8123379710 0.0568660730 16.9700039256
-80.1200000000 3.6218207008 -1.8059942046 0.0626633554 18.7000729630
-79.8128239014 3.6227364495 -1.8085507029 0.0636927765 19.0072625593
-78.6969201566 3.6243416853 -1.8160198229 0.0674323901 20.1231926750
-78.3900000000 3.6252135698 -1.8178497640 0.0684609404 20.4301210189
-76.6600000000 3.6290071922 -1.8290474422 0.0742585354 22.1602089462
-76.3543227529 3.6326059573 -1.8289545529 0.0752829888 22.4659088789
-75.2343408991 3.6425974065 -1.8252914978 0.0790364384 23.5859415170
-74.9300000000 3.6451549973 -1.8243363285 0.0800563873 23.8902961374
-73.2000000000 3.6560899722 -1.8254957131 0.0858541038 25.6203788640
-72.8971515821 3.6558378544 -1.8245655286 0.0868690358 25.9232302832
-71.7729423120 3.6549139305 -1.8193690272 0.0906366164 27.0474521655
-71.4700000000 3.6544828667 -1.8179807708 0.0916518760 27.3503994359
-69.7400000000 3.6557636109 -1.8016577257 0.0974499253 29.0805250383
-69.4369189536 3.6535755600 -1.8019574611 0.0984656951 29.3836156126
-68.3141825866 3.6438790937 -1.8036307747 0.1022285826 30.5063953276
-68.0100000000 3.6413554223 -1.8041136438 0.1032480593 30.8105902605
-66.2800000000 3.6205792532 -1.8169908742 0.1090465984 32.5408113680
-65.9715475222 3.6151354503 -1.8171388942 0.1100805509 32.8493134660
-64.8620054269 3.5966466353 -1.8219258720 0.1137997904 33.9590201724
-64.5500000000 3.5915683036 -1.8231747726 0.1148456412 34.2710710119
-64.0500000000 3.5823664507 -1.8248855760 0.1165217173 34.7711626853
-63.5500000000 3.5711709324 -1.8291885622 0.1181979913 35.2713106060
-62.9044248407 3.5573412940 -1.8418487354 0.1203626124 35.9171647969
-62.4465744647 3.5468718079 -1.8502712775 0.1218978566 36.3752123805
-61.8200000000 3.5329426559 -1.8620253316 0.1239988459 37.0020583388
-61.4901477273 3.5266022408 -1.8687233703 0.1251048561 37.3320413259
-60.4263567368 3.4986905765 -1.8869023576 0.1286721629 38.3963540037
-60.0900000000 3.4900921889 -1.8928201800 0.1298000907 38.7328745319
-59.5539425762 3.4755594138 -1.9031289282 0.1315978212 39.2692327453
-58.8777639411 3.4561563333 -1.9167959285 0.1338656205 39.9458279300
-58.3600000000 3.4412531420 -1.9275220582 0.1356021447 40.4639217978
-58.0031543345 3.4298440902 -1.9344902272 0.1367990594 40.8210199069
-56.9984740146 3.3936892139 -1.9571051666 0.1401695923 41.8266050708
-56.6300000000 3.3804407027 -1.9654958185 0.1414057681 42.1954148993
-56.1776789219 3.3638354700 -1.9765970233 0.1429233485 42.6481801907
-55.3378932189 3.3306830916 -1.9926286743 0.1457408857 43.4887732086
-54.9000000000 3.3136533809 -2.0016200574 0.1472100562 43.9270928705
-54.4972167229 3.2986184976 -2.0124318406 0.1485615572 44.3303043432
-53.5924016795 3.2637039315 -2.0386861710 0.1515979170 45.2361734553
-53.1700000000 3.2475287801 -2.0509088213 0.1530153868 45.6590643708
-52.7827673639 3.2317893198 -2.0608986969 0.1543148521 46.0467479853
-51.8125549921 3.1963116249 -2.0855109854 0.1575701303 47.0179208897
-51.4400000000 3.1826147404 -2.0947151914 0.1588201288 47.3908435031
-50.9518136890 3.1646802970 -2.1084945887 0.1604582592 47.8795574214
-50.2230717743 3.1407063883 -2.1295085112 0.1629033126 48.6089965607
-49.7100000000 3.1240769556 -2.1446358864 0.1646247624 49.1225650138
-49.3713781688 3.1125158387 -2.1571928559 0.1657612584 49.4616186798
-48.3017785737 3.0672742347 -2.2071440151 0.1693536616 50.5333395687
-47.9800000000 3.0534431898 -2.2221557565 0.1704344317 50.8557666561
-46.2500000000 2.9832489012 -2.2964087697 0.1762435148 52.5888320306
-45.7500000000 2.9638513066 -2.3246187531 0.1779237873 53.0900071281
-45.2500000000 2.9435896346 -2.3522812633 0.1796040837 53.5911859031
-44.9399737693 2.9315324795 -2.3706736423 0.1806461309 53.9019928739
-43.8398664003 2.8889929010 -2.4431447579 0.1843452557 55.0053053476
-43.5200000000 2.8767300593 -2.4640632720 0.1854207652 55.3260913149
-42.9369735003 2.8521079504 -2.5015858844 0.1873813024 55.9108486400
-42.3309256106 2.8253183122 -2.5411033257 0.1894195516 56.5187743847
-41.7900000000 2.8022872825 -2.5764681871 0.1912386767 57.0613490313
-41.4318547395 2.7878537040 -2.6011511651 0.1924432925 57.4206361630
-40.4406713507 2.7465519643 -2.6685363875 0.1957771062 58.4149658320
-40.0600000000 2.7306668049 -2.6944870877 0.1970575036 58.7968538034
-39.6373125766 2.7140459922 -2.7244155110 0.1984793503 59.2209284632
-38.7295611459 2.6827993491 -2.7909887074 0.2015328887 60.1316541590
-38.3300000000 2.6691006616 -2.8204794818 0.2028769934 60.5325391185
-37.8803698468 2.6544949212 -2.8533920813 0.2043893754 60.9836123863
-37.0782668506 2.6255989547 -2.9098106836 0.2070871274 61.7882162982
-36.6000000000 2.6080888245 -2.9435126162 0.2086957558 62.2679928314
-36.2499902142 2.5949006870 -2.9680846583 0.2098730275 62.6191140354
-35.2050743527 2.5584688963 -3.0399924742 0.2133869606 63.6671348416
-34.8700000000 2.5466689437 -3.0628570979 0.2145137487 64.0031976346
-34.2455401333 2.5262608737 -3.1054527599 0.2166135058 64.6294481690
-33.8026870164 2.5099637864 -3.1355048956 0.2181027934 65.0736190636
-33.1400000000 2.4868482653 -3.1810963471 0.2203313591 65.7382824649
-32.8279033608 2.4787878913 -3.2041694452 0.2213810192 66.0513363650
-31.7173059648 2.4530668982 -3.2894153253 0.2251167998 67.1654977270
-31.4100000000 2.4457139842 -3.3129696229 0.2261505151 67.4737944559
-29.6800000000 2.4059081602 -3.4456355172 0.2319697944 69.2093840784
-29.3790075071 2.3959743473 -3.4693387698 0.2329827173 69.5114734607
-28.2500168313 2.3581389098 -3.5567407572 0.2367817657 70.6444744047
-27.9500000000 2.3480075789 -3.5800178482 0.2377913448 70.9455649996
-27.4500000000 2.3288743510 -3.6187774576 0.2394741506 71.4474344308
-26.9500000000 2.3087032168 -3.6589355338 0.2411574752 71.9494544466
-26.6492363801 2.2972726787 -3.6831349301 0.2421699651 72.2514081110
-25.5233071108 2.2563633890 -3.7735417740 0.2459600264 73.3817019892
-25.2200000000 2.2452219342 -3.7978900932 0.2469810225 73.6861904044
-24.5401901885 2.2188458573 -3.8537120326 0.2492699316 74.3688064274
-24.0857323895 2.2010270713 -3.8907908759 0.2508000571 74.8251226113
-23.4900000000 2.1785264481 -3.9396237781 0.2528057959 75.4232829095
-23.1284353927 2.1635733234 -3.9689718412 0.2540232277 75.7863470953
-22.1709780487 2.1279639426 -4.0487871804 0.2572471672 76.7477853049
-21.7600000000 2.1124970445 -4.0830766629 0.2586310445 77.1604843457
-21.3896200730 2.1005080568 -4.1144139634 0.2598781169 77.5323834174
-20.3644615405 2.0666518735 -4.1931962611 0.2633277753 78.5611221293
-20.0300000000 2.0556109296 -4.2186328355 0.2644531720 78.8967332390
-18.3000000000 1.9954107382 -4.3653823237 0.2702787276 80.6340443360
-17.9999933146 1.9821893127 -4.3902485377 0.2712891878 80.9353716431
-16.8787567160 1.9392131652 -4.4865878855 0.2750657387 82.0615600351
-16.5700000000 1.9272976711 -4.5132346081 0.2761057402 82.3716952119
-15.9755696705 1.9037921985 -4.5664989381 0.2781086582 82.9689763919
-15.3537858527 1.8789020369 -4.6199238791 0.2802031672 83.5935474118
-14.8400000000 1.8580159905 -4.6638223602 0.2819338547 84.1096329298
-14.4477638708 1.8393081017 -4.6968853948 0.2832553899 84.5037072704
-13.5635621846 1.7976179985 -4.7747259341 0.2862353636 85.3923073584
-13.1100000000 1.7761172634 -4.8146248238 0.2877639894 85.8481322729
-12.7660420886 1.7603371506 -4.8440048240 0.2889228894 86.1937053711
-11.6946663876 1.7149576045 -4.9346019349 0.2925318799 87.2698622053
-11.3800000000 1.7014093518 -4.9613215573 0.2935919164 87.5859533271
-9.6500000000 1.6295966484 -5.1059610905 0.2994189487 89.3235297534
-9.1500000000 1.6129923997 -5.1437643424 0.3011015143 89.8252363213
-8.6500000000 1.5964948325 -5.1803343750 0.3027837722 90.3268479568
-8.3410295879 1.5872199055 -5.2014267150 0.3038228641 90.6366781290
-7.2366043635 1.5515322615 -5.2766567915 0.3075373741 91.7442379690
-6.9200000000 1.5413337395 -5.2981949634 0.3086022013 92.0617398124
-6.3006325258 1.5213120107 -5.3359488836 0.3106843816 92.6825870004
-5.7717230085 1.5013549336 -5.3684874997 0.3124628711 93.2128723733
-5.1900000000 1.4799890100 -5.4047356965 0.3144189728 93.7961214736
-4.8460965970 1.4691348549 -5.4263448740 0.3155752274 94.1408762498
-3.8172690435 1.4396406128 -5.4894828366 0.3190337042 95.1720614393
-3.4600000000 1.4293716239 -5.5116231124 0.3202347388 95.5301655257
-2.9888248866 1.4176258554 -5.5429066081 0.3218189853 96.0025282728
-2.1806804167 1.3966409674 -5.5929577279 0.3245355464 96.8124931986
-1.7300000000 1.3847263351 -5.6208130491 0.3260505082 97.2641946261
-1.3354683457 1.3746349562 -5.6459402050 0.3273768583 97.6596573466
-0.4112043505 1.3509075039 -5.7047572009 0.3304840924 98.5860949813
-0.0000000000 1.3402442625 -5.7308879606 0.3318665018 98.9982699161
0.3977799904 1.3301955502 -5.7555380943 0.3332036321 99.3969426080
1.3499435604 1.3024219606 -5.8166202903 0.3364051064 100.3514677397
1.7300000000 1.2910921903 -5.8410098049 0.3376830039 100.7324771854
2.1980708759 1.2854150955 -5.8810696024 0.3392587758 101.2022976638
2.9864520030 1.2800808922 -5.9466936861 0.3419122422 101.9934234326
3.4600000000 1.2765360691 -5.9859455098 0.3435060340 102.4686129088
3.8235231050 1.2727804714 -6.0168412043 0.3447297741 102.8334684118
4.8313199587 1.2632291356 -6.1017837589 0.3481221385 103.8448839492
5.1900000000 1.2596654529 -6.1319940395 0.3493295018 104.2048540924
5.6959419548 1.2512634584 -6.1741531823 0.3510325984 104.7126239422
6.3934201495 1.2350656927 -6.2309245592 0.3533803938 105.4125963228
6.9200000000 1.2223755080 -6.2737135827 0.3551529456 105.9410694952
7.2568674701 1.2132511666 -6.3019115110 0.3562872151 106.2792403742
8.3230870997 1.1847999512 -6.3935989221 0.3598779589 107.3497733528
8.6500000000 1.1760639049 -6.4215659406 0.3609788760 107.6779986818
9.1500000000 1.1639635103 -6.4620182644 0.3626619391 108.1797831276
9.6500000000 1.1427407928 -6.4957695746 0.3643443633 108.6813749656
9.9594161215 1.1309866298 -6.5152207572 0.3653850096 108.9916264553
11.0518713870 1.0930390525 -6.5885514521 0.3690601661 110.0871977545
11.3800000000 1.0816191048 -6.6102911517 0.3701639753 110.4162460859
11.8944730659 1.0618182236 -6.6443793974 0.3718948791 110.9322324927
12.6504050558 1.0352716498 -6.6939625294 0.3744377433 111.6902539742
13.1100000000 1.0190079596 -6.7242997737 0.3759838245 112.1511402825
13.5228215704 1.0053119658 -6.7512619634 0.3773723987 112.5650713869
14.3825901588 0.9808249169 -6.8037738970 0.3802631604 113.4267902596
14.8400000000 0.9675291890 -6.8318527359 0.3818011465 113.8852580640
15.1914557462 0.9587989679 -6.8519213519 0.3829824482 114.2373969804
16.2429841930 0.9303432437 -6.9148790044 0.3865176000 115.2911929598
16.5700000000 0.9214205938 -6.9343327778 0.3876169838 115.6189104910
18.3000000000 0.8815835579 -7.0382065769 0.3934326130 117.3525428146
18.6007152723 0.8713741746 -7.0590791263 0.3944444510 117.6541562271
19.7277931603 0.8337516983 -7.1373884624 0.3982367674 118.7845778234
20.0300000000 0.8236243441 -7.1584923789 0.3992536444 119.0876916808
20.7948069511 0.7983851347 -7.2064547204 0.4018258530 119.8544281626
21.0614444838 0.7876784696 -7.2225729366 0.4027227330 120.1217670152
21.7600000000 0.7603871281 -7.2651487729 0.4050724121 120.8221604022
22.0971692071 0.7495295740 -7.2890431815 0.4062069931 121.1603518194
23.1211801783 0.7185627996 -7.3577410603 0.4096517281 122.1871318708
23.4900000000 0.7073185784 -7.3825867073 0.4108924587 122.5569612963
23.9123339451 0.6923763676 -7.4113992113 0.4123135293 122.9805441156
24.8428148070 0.6629352736 -7.4774355967 0.4154447412 123.9138300148
25.2200000000 0.6506956521 -7.5041244922 0.4167140434 124.2921591550
25.7564904870 0.6330317585 -7.5471808674 0.4185207631 124.8306702041
26.3343146571 0.6140359677 -7.5945179501 0.4204669595 125.4107415674
26.9500000000 0.5944334486 -7.6456470238 0.4225408005 126.0288648086
27.4500000000 0.5765190233 -7.6859364718 0.4242248780 126.5308102650
27.9500000000 0.5577788338 -7.7271679026 0.4259093240 127.0328623638
28.2889799936 0.5437230657 -7.7554123091 0.4270515810 127.3733096240
29.3535643208 0.5083024366 -7.8431458042 0.4306375571 128.4420902890
29.6800000000 0.4972836838 -7.8701674741 0.4317371849 128.7698299050
30.3743281019 0.4738942971 -7.9281422152 0.4340762347 129.4669764477
30.6649104997 0.4603709643 -7.9514244100 0.4350553879 129.7588037244
31.4100000000 0.4266069106 -8.0116760284 0.4375660678 130.5070988151
31.7152286834 0.4141881547 -8.0279772285 0.4385925025 130.8130165512
32.8392080972 0.3674035616 -8.0907506362 0.4423729284 131.9397195509
33.1400000000 0.3546543815 -8.1075639518 0.4433846581 132.2412524811
34.8700000000 0.2774809615 -8.2130077517 0.4492058949 133.9762411271
35.1752098863 0.2609491767 -8.2313364065 0.4502333441 134.2824493632
36.2821499969 0.1966032973 -8.2960497937 0.4539602085 135.3931451946
36.6000000000 0.1783670495 -8.3146533604 0.4550303111 135.7120630538
37.1732354200 0.1463371935 -8.3479524234 0.4569600183 136.2871642143
37.8122442987 0.1081976520 -8.3840249610 0.4591114265 136.9283259072
38.3300000000 0.0774753018 -8.4131872362 0.4608545546 137.4478169995
38.7052962304 0.0556929418 -8.4348702316 0.4621180801 137.8243725315
39.6518756210 0.0051001399 -8.4885417793 0.4653039800 138.7738214198
40.0600000000 -0.0169847924 -8.5119346301 0.4666777132 139.1832152305
40.4460509632 -0.0377787627 -8.5339988915 0.4679771251 139.5704579846
41.4380465424 -0.1008393879 -8.5925408394 0.4713183543 140.5661785634
41.7900000000 -0.1234424052 -8.6130383733 0.4725037980 140.9194547931
42.3888967759 -0.1609115510 -8.6496924790 0.4745211475 141.5206483923
42.8588575979 -0.1894412489 -8.6768553650 0.4761036987 141.9922575222
43.5200000000 -0.2288210400 -8.7157521319 0.4783300189 142.6557219344
43.8273082853 -0.2469188136 -8.7370910280 0.4793655113 142.9643033240
44.9491759652 -0.3069962254 -8.8168853098 0.4831450402 144.0906088570
45.2500000000 -0.3229553662 -8.8380202582 0.4841584184 144.3925982919
45.7500000000 -0.3500495491 -8.8727864553 0.4858427802 144.8945425218
46.2500000000 -0.3757927553 -8.9056259099 0.4875264783 145.3962858498
46.5820204173 -0.3933803188 -8.9249959615 0.4886441109 145.7293378119
47.6660849216 -0.4501967418 -8.9878789379 0.4922930864 146.8167102426
47.9800000000 -0.4668267049 -9.0061748639 0.4933497792 147.1315995383
49.7100000000 -0.5633046862 -9.1151046441 0.4991758065 148.8677708533
50.0104473146 -0.5807843133 -9.1349781108 0.5001879737 149.1693835610
51.1314391126 -0.6479520822 -9.2104822128 0.5039651598 150.2949214922
51.4400000000 -0.6661981648 -9.2309464158 0.5050047396 150.6047000684
52.0746937461 -0.7039473731 -9.2715697436 0.5071428323 151.2418203116
52.6083691354 -0.7367032245 -9.3108532045 0.5089420235 151.7779414754
53.1700000000 -0.7707811490 -9.3524893068 0.5108354549 152.3421503110
53.5378777751 -0.7921614833 -9.3810041779 0.5120758213 152.7117533282
54.4872762156 -0.8458666683 -9.4511313996 0.5152757479 153.6652520784
54.9000000000 -0.8693353079 -9.4815206194 0.5166668263 154.0797616573
55.2735421859 -0.8916510170 -9.5087631761 0.5179259975 154.4549631112
56.2928684080 -0.9501372153 -9.5860553579 0.5213623200 155.4788875001
56.6300000000 -0.9694690320 -9.6111967385 0.5224987419 155.8175099327
57.4000275702 -1.0133885830 -9.6694607146 0.5250945698 156.5909991231
57.5036483642 -1.0186569002 -9.6774338066 0.5254438060 156.6950597062
58.3600000000 -1.0612589252 -9.7440411553 0.5283300195 157.5550692248
58.6604328160 -1.0775678496 -9.7653890364 0.5293423319 157.8567026931
59.7872136892 -1.1391672115 -9.8435425527 0.5331386781 158.9878694590
60.0900000000 -1.1557519528 -9.8643640871 0.5341587912 159.2918255860
60.8202870689 -1.1941412836 -9.9137947729 0.5366187519 160.0248010229
61.1582072351 -1.2125463448 -9.9353076066 0.5377568581 160.3639052894
61.8200000000 -1.2478481817 -9.9779149146 0.5399857268 161.0280164806
62.1608476394 -1.2637207436 -9.9984248750 0.5411330022 161.3698518294
63.1861944494 -1.3099476146 -10.0483239327 0.5445818987 162.3974526372
63.5500000000 -1.3264031725 -10.0657795094 0.5458055802 162.7620510735
64.0500000000 -1.3472397380 -10.0920393009 0.5474874918 163.2631788894
64.5500000000 -1.3694610390 -10.1198492784 0.5491698947 163.7644498151
64.9953182026 -1.3907752819 -10.1423852065 0.5506681534 164.2108512676
65.7994012324 -1.4265781237 -10.1837240036 0.5533731768 165.0167920239
66.2800000000 -1.4483368138 -10.2086680327 0.5549900640 165.4985342695
66.6265391455 -1.4629485753 -10.2273781574 0.5561559420 165.8458881964
67.6810392051 -1.5089307681 -10.2843826667 0.5597038959 166.9029287832
68.0100000000 -1.5233246232 -10.3024129859 0.5608107668 167.2326999485
68.7223405121 -1.5564853681 -10.3344945863 0.5632067627 167.9465441209
68.9816415940 -1.5673446363 -10.3457834111 0.5640787075 168.2063179856
69.7400000000 -1.5986684338 -10.3792122329 0.5666288196 168.9660712457
70.0449024213 -1.6132322251 -10.3938672887 0.5676546159 169.2716749045
71.1696257844 -1.6669397561 -10.4465073307 0.5714383579 170.3989099239
71.4700000000 -1.6813400076 -10.4603624615 0.5724488425 170.6999500922
73.2000000000 -1.7613278891 -10.5323930950 0.5782671250 172.4333606401
73.5071415754 -1.7770487471 -10.5423603191 0.5793000167 172.7410678149
74.6107569284 -1.8336997781 -10.5761576154 0.5830112161 173.8466532175
74.9300000000 -1.8499524050 -10.5859349698 0.5840847349 174.1664614528
75.5002536749 -1.8804734407 -10.6033052059 0.5860025865 174.7378025375
76.1330834243 -1.9098140181 -10.6268906174 0.5881308077 175.3717512766
76.6600000000 -1.9337660013 -10.6466360247 0.5899027824 175.8995875695
77.0263932111 -1.9532372199 -10.6587884874 0.5911352187 176.2667019721
77.9919642731 -2.0055713247 -10.6927023188 0.5943835349 177.2342850016
78.3900000000 -2.0269448723 -10.7074023718 0.5957226362 177.6331686591
78.7848623434 -2.0491382540 -10.7221590734 0.5970512734 178.0289328900
79.7575888938 -2.1043732794 -10.7566301515 0.6003242285 179.0038362450
80.1200000000 -2.1249175769 -10.7693852772 0.6015436266 179.3670561530
80.6670106970 -2.1545201314 -10.7890003390 0.6033839327 179.9152250031
81.2595116416 -2.1813302934 -10.8187193922 0.6053776492 180.5090766039
81.8500000000 -2.2070555597 -10.8484693782 0.6073644698 181.1008811201
82.3500000000 -2.2315912272 -10.8710552810 0.6090468464 181.6019976082
