X Y Z LocalTime TrackLength
100.0000000000 100.0000000000 100.0000000000 0.0000000000 0.0000000000
100.0004269721 100.0123415553 96.5075976606 0.0116494131 3.4924044053
100.0264058351 104.9805328252 28.3308134450 0.2390233251 71.6573801174
100.0230556706 106.3557883891 18.8059132204 0.2711049979 81.2752190638
99.9969159016 112.7595722496 -14.7177326341 0.3843362681 115.2210882968
99.9311738017 138.3617776275 -96.9749376787 0.6658535376 199.6178415107
99.9177824197 148.3860241176 -120.5696759028 0.7511176038 225.1793555000
99.9537422514 293.9145688223 -303.5885998088 1.5167100097 454.6984257127
99.9182378028 316.9753774068 -321.4456246623 1.6139954312 483.8638505563
99.8591930544 363.8298058386 -352.0009152358 1.8036359374 540.7166328968
99.5172108975 410.6957344194 -375.2716423071 1.9809847566 593.8844596296
99.4575460979 417.3903506567 -378.0048814631 2.0051058887 601.1157895599
99.2706136172 439.1172363914 -386.3675800575 2.0829351438 624.4484037948
98.9331897585 481.7883266256 -399.2369411639 2.2332615314 669.5151087973
98.8541146774 490.2431872894 -401.2938077144 2.2622882404 678.2170930092
98.2080648062 557.7374175178 -412.0403041825 2.4930740035 747.4049162782
97.4155421246 651.9706988078 -411.5618594739 2.8086085861 841.9998099482
97.1906211697 681.3249350706 -407.8575010850 2.9069920737 871.4944266644
96.5614130558 761.9272377158 -388.6691164461 3.1792445776 953.1136715187
96.3574027147 790.5865418393 -378.5456189578 3.2799938772 983.3175406834
95.9139203832 846.8872605945 -353.0678255769 3.4821933550 1043.9354087525
95.4260424270 907.4529314636 -316.3153043560 3.7127378176 1113.0508919129
94.8727016794 971.4189730672 -263.0151792686 3.9861618252 1195.0213449226
94.8443036017 974.5775195308 -259.7258843056 4.0013734777 1199.5816813226
94.6561312485 994.5341532206 -238.5599919651 4.0984115755 1228.6729603548
94.5826260110 1001.6181249615 -230.1279690007 4.1351470892 1239.6859850983
93.9781367080 1050.0027837933 -163.1133759839 4.4152132265 1323.6476995997
93.5674796533 1076.2042109836 -112.5465063495 4.6086879165 1381.6499415112
93.2069147773 1093.8271606494 -66.3277066878 4.7760283321 1431.8173239893
93.1863973151 1094.7358460051 -63.4041835321 4.7862405937 1434.8788814239
92.6187565390 1113.8337954434 26.1691199301 5.0985145325 1528.4962580018
92.5199043375 1115.5529329777 43.6553507321 5.1572201412 1546.0957490330
92.3670465518 1116.9647143270 69.7175804083 5.2444278137 1572.2399413366
92.1770487710 1116.7239671436 104.7346844455 5.3612800746 1607.2713560921
91.8350524901 1109.3157543679 172.7523107532 5.5883594183 1675.3480223709
91.8123905875 1108.5341654253 177.1099708113 5.6031271662 1679.7752795787
91.7831345659 1107.4980672716 182.6070055480 5.6217864425 1685.3691870802
91.4522298470 1090.1628684282 248.1488892605 5.8447268031 1752.2050170537
91.1291147341 1063.2124118244 314.1901305278 6.0776280057 1822.0270333360
91.0954068126 1059.8445574463 320.7917605186 6.1023489354 1829.4381779637
90.9853179971 1048.3306329446 342.5880713071 6.1845737010 1854.0885327184
90.8902837689 1037.0442756850 361.6398097112 6.2584382775 1876.2325665092
90.8678446685 1034.3047894356 365.8343268810 6.2751495732 1881.2424843834
90.8075959232 1026.6032705995 377.3707769105 6.3214185205 1895.1135594688
90.7854559953 1023.6603897511 381.5311264414 6.3384170459 1900.2095865940
90.6985201320 1011.7470003115 398.0104553415 6.4062473643 1920.5445958538
90.4286820967 965.7847559675 452.3858465212 6.6401701251 1990.6728677046
90.3707858394 954.2610871470 463.4123554389 6.6933722928 2006.6224691588
90.2898814263 936.9662356780 478.9464711391 6.7709156067 2029.8693603670
90.1858701295 917.1143276155 495.2132526425 6.8565255917 2055.5345781311
89.8219709509 850.5143938836 539.6190132744 7.1297956144 2137.4588676038
89.4431752272 772.1740563768 573.9305908202 7.4240441205 2225.6723518328
89.3838440703 758.9535939047 578.1501253927 7.4703345744 2239.5498744064
89.2812830314 734.5547385874 584.7986072688 7.5550601530 2264.9499538316
89.1443664232 700.7418289053 591.7650473588 7.6709579711 2299.6952337631
88.8736731423 646.7321928052 597.8355468370 7.8535647392 2354.4393539850
88.7985067000 629.3029928542 598.5169139340 7.9117941997 2371.8960993256
88.4879630946 533.8392471715 591.5322380110 8.2302900917 2467.3787719620
88.4495696888 515.2228689443 588.0802269623 8.2932839709 2486.2638535874
88.4208808872 502.5798828827 585.3742359144 8.3363739883 2499.1819097736
88.3751066861 477.7548917230 579.0035386424 8.4214702137 2524.6931062027
88.3125974640 425.8824544156 561.3434050723 8.6016471955 2578.7087947041
88.2404226341 378.7611132318 539.8650734790 8.7717311696 2629.6986752606
88.1083180833 336.0135024706 515.3083504394 8.9338698323 2678.3066112071
88.0356961883 309.6097839347 497.5523063240 9.0399887992 2710.1202657111
87.9804377121 288.4238789865 481.3216699419 9.1290123694 2736.8088502219
87.9320871181 274.4897782737 469.4295282693 9.1901175372 2755.1277105954
87.9278698422 273.3684330960 468.3992723969 9.1951969880 2756.6504908505
87.7216634164 205.9284381103 396.2068516467 9.5231266299 2854.9613327023
87.7052994191 198.2177641259 385.6165697288 9.5668232093 2868.0612315119
87.5807736506 155.7990209820 317.1524819603 9.8433905955 2950.9740462015
87.1440940042 112.0938528883 186.9706666769 10.3242086915 3095.1197452977
87.1253918959 110.9798781351 180.4735482516 10.3461970509 3101.7116862920
86.9020019184 104.7196151633 98.7249746385 10.6222643462 3184.4745774415
86.7765746230 106.4074380347 60.4756388672 10.7498524934 3222.7245294804
86.7431591820 109.0803119041 35.3417359629 10.8339677810 3247.9416482313
86.7293634642 112.6585818004 12.0772825819 10.9122463876 3271.4089744679
86.7287880858 112.9289564958 10.5815615419 10.9173164380 3272.9289365335
86.7310721280 115.7052477982 -3.8297472881 10.9661927699 3287.5816854608
86.8870214052 148.2727235963 -106.1753403663 11.3154259570 3392.2791748174
86.8919982338 149.5112320280 -108.9030919104 11.3254187292 3395.2749309962
86.9564393851 164.2856394105 -139.7294229445 11.4386507182 3429.2210155264
86.9923472648 176.0391942208 -161.1939993855 11.5202826158 3453.6936328573
87.3912419483 252.9640648758 -260.8236858524 11.9329552914 3577.4098218675
87.5274982995 276.9446611156 -284.0718285145 12.0443644104 3610.8094238016
87.6431390166 299.0790565174 -302.8367477745 12.1411616089 3639.8284829326
87.7388903177 320.5939494247 -319.0555906497 12.2310342550 3666.7716139145
87.7604540015 325.2335711349 -322.1805099515 12.2496934734 3672.3655040037
87.9357389398 363.3115541767 -346.3784682254 12.4016816740 3717.9304077901
88.0549690820 395.7540995996 -363.1784120366 12.5244172541 3754.7255969269
88.4136977667 533.4918108594 -404.2635222276 13.0271828918 3905.4510137451
88.4948368564 592.4462269607 -408.6861961147 13.2255672759 3964.9251450787
88.5913052821 681.6872121929 -402.0947646529 13.5232861954 4054.1790337380
88.6445411524 717.5040969732 -394.9583298937 13.6443730205 4090.4799386033
88.6483855611 723.2038222652 -393.5850340321 13.6639293419 4096.3427732906
88.6870649069 790.4759836669 -371.9601911988 13.8955018594 4165.7664595486
88.6831265903 807.0443625052 -365.1385258612 13.9552690185 4183.6841951323
88.6445541179 855.9942163803 -340.7099324548 14.1346660259 4237.4660531189
88.6355144187 875.8677453967 -328.8838201347 14.2118075416 4260.5924881565
88.6338924064 885.5302812872 -322.5129438531 14.2504134185 4272.1662333292
88.6298013291 900.2470012369 -312.3189977850 14.3101301612 4290.0688544886
88.6248075939 906.7832860878 -307.4334469357 14.3373503003 4298.2292428222
88.6196516902 911.0323058326 -304.1473899717 14.3552674803 4303.6006755353
88.5345042924 949.6460798148 -272.9445316224 14.5194742694 4352.8286201339
88.5081108996 960.3463494860 -262.6040303818 14.5691093045 4367.7088224654
88.4726314474 977.0774508710 -245.4518539136 14.6490345441 4391.6697967209
88.4659494162 979.4072953461 -242.8220700509 14.6607539924 4395.1831971005
88.3278644372 1021.7373854613 -191.4396925098 14.8854106017 4462.5335455087
88.1037858804 1068.6483101758 -108.8049644707 15.2114209991 4560.2690119432
88.0104026926 1080.5048570736 -78.9487171786 15.3192876715 4592.6066152382
87.9784553846 1084.2332547565 -68.0424695052 15.3577340796 4604.1325528878
87.7732503410 1099.9484291268 -6.6619859386 15.5724818485 4668.5123047570
87.5100997748 1107.4398060853 54.8780283730 15.7811580690 4731.0718517290
87.2753552435 1107.4805850957 110.7462853264 15.9678010006 4787.0259834365
87.2264815845 1106.8506130908 120.5736654722 16.0006316721 4796.8683663532
87.1864665605 1106.2158771604 128.4064817967 16.0268328833 4804.7232879469
87.1328023271 1105.1228143691 139.3862639625 16.0636070787 4815.7479090345
87.1025450621 1104.3642150931 146.0154942934 16.0858595930 4822.4190416433
86.9457987420 1099.4991434997 177.0835414157 16.1903237773 4853.7366048160
86.6006594343 1084.9019557637 235.5961847238 16.3890526256 4913.3140038913
86.3419659996 1071.9980985430 272.2550963954 16.5174560039 4951.8083559923
85.9994604711 1050.1787733416 320.4763061074 16.6912200145 5003.9014837648
85.2664162457 981.5571949615 421.4267762911 17.0897446622 5123.3761960123
85.2285333194 977.8466389307 425.5036782606 17.1081333456 5128.8889817939
84.8297459741 934.4522965155 470.1249597719 17.3146620291 5190.8047131809
84.4769734913 888.0736457950 507.5424451430 17.5165273440 5251.3224015194
84.4374127699 882.3991506423 511.2531630845 17.5391436117 5258.1025845526
84.4304639876 881.3953780465 511.8903286864 17.5431095039 5259.2915285007
84.0672059513 834.1667688492 539.9222215900 17.7294328620 5315.1498544647
83.9612713514 820.4534387336 546.6101442545 17.7803269979 5330.4075255456
83.2708185826 760.1834820366 570.2770857635 18.0008696544 5396.5245415174
83.2256552077 757.0591389845 571.2253344365 18.0117618139 5399.7899270741
81.3544121424 623.3434487447 592.3518942621 18.4770103989 5539.2679978327
81.1485362070 608.6552874241 592.3728646565 18.5260165807 5553.9596747206
81.1103628040 605.9371040676 592.3305660130 18.5350851270 5556.6783550654
80.7140020605 577.5632832472 590.9731699429 18.6297630315 5585.0620659087
80.6972003143 576.3807467237 590.8818666283 18.6337196875 5586.2482409029
80.6730954707 574.7007169585 590.7482606698 18.6393419340 5587.9337471072
80.4897731279 562.2193704180 589.5718605105 18.6811232224 5600.4594562822
78.4854065297 436.1109403886 560.1988085329 19.1039963337 5727.2336628618
77.5696584127 382.9861761090 537.2572104457 19.2936734707 5784.0974265884
77.3236664944 369.1305076376 530.0343184069 19.3458002601 5799.7246377362
76.4481405340 320.4719160045 500.6940281515 19.5319485380 5855.5304759522
76.0217027048 297.4137367322 484.0467615905 19.6268232970 5883.9732022603
75.0142546568 248.3369044552 441.9897563698 19.8393735293 5947.6941490424
74.9308523053 244.7966952736 438.2579191586 19.8565340148 5952.8387305288
73.3671308942 184.3034208407 363.0309141174 20.1797321945 6049.7311146626
73.0409918361 174.3900541281 346.9706903785 20.2426961702 6068.6072313890
72.8301589027 168.1690799769 335.9912864843 20.2847955792 6081.2283107014
72.7907445581 167.0217263304 333.8434909075 20.2929190866 6083.6636756265
72.5020770057 158.6891032487 318.0823925868 20.3523946819 6101.4940025952
72.2579019309 152.2985467002 304.8664181647 20.4013690713 6116.1761483445
71.8837440400 142.9207885257 283.9022500090 20.4780176832 6139.1548145247
70.9392550400 124.3914187527 229.9136830183 20.6716408039 6197.2015546376
70.5720064381 118.6331469980 207.0179965318 20.7507102883 6220.9059799365
70.5115164748 117.8045390019 203.2120369827 20.7637045723 6224.8015662546
69.1417168823 107.3632102230 119.4954234030 21.0490563650 6310.3478812891
68.8650466561 107.0295661268 102.2903373891 21.1064914456 6327.5664775176
68.3257013297 108.0162028810 69.7117769672 21.2151795125 6360.1503285854
67.8818285536 110.3911601398 43.1301886998 21.3040358023 6386.7887636078
67.3773159234 114.6867917565 13.7261401359 21.4028072249 6416.3996800077
66.4745106323 126.4859445047 -37.7542857371 21.5772641244 6468.7005306522
66.1194832658 132.4228965755 -57.5527663398 21.6460245091 6489.3143664935
65.7221711526 139.8231644433 -78.9954676009 21.7214647602 6511.9307753474
65.7113831055 140.0425393540 -79.5630166367 21.7234947221 6512.5393422750
65.6853195395 140.5759332483 -80.9385839251 21.7284167718 6514.0149348615
65.4821424595 144.8253718291 -91.7859682406 21.7672834648 6525.6668706737
65.4160336621 146.2927637245 -95.2842500788 21.7799394138 6529.4610267738
65.0588166529 154.4767893203 -114.3840882352 21.8492618807 6550.2433705475
65.0494595025 154.7108794373 -114.8730516417 21.8510704358 6550.7855614298
64.9712410508 156.6767003835 -118.9676433114 21.8662233166 6555.3282784549
64.9392649098 157.5000147763 -120.6438103119 21.8724533891 6557.1960061944
63.8587374252 188.5308143018 -177.1603392994 22.0828672153 6620.2764743072
61.4281188923 282.2925579356 -284.6609500237 22.5520993953 6760.9487988497
61.3645256905 285.2599146846 -287.1346569053 22.5649874396 6764.8125353038
60.8326272675 310.3082428262 -307.7003947874 22.6731064209 6797.2257787805
60.7489796373 314.4824654842 -310.6967414859 22.6902482634 6802.3647712077
60.1648216937 346.3640575215 -332.8773006998 22.8202681541 6841.3437414030
59.9256329840 360.7944750677 -341.4467027420 22.8762556569 6858.1283648475
59.7008545567 375.1777781637 -349.3539417378 22.9310101747 6874.5433488360
59.2414631972 406.7241286912 -364.8117808846 23.0490177044 6909.9211041150
58.3948153182 467.5353180909 -386.8225997431 23.2691435897 6975.9131751217
57.3791809355 538.3878058449 -401.3514580120 23.5143732474 7049.4311705377
56.9844371956 566.5438215275 -404.0739618450 23.6090191065 7077.8052743096
56.4278859239 605.0966857410 -405.1542314406 23.7379162480 7116.4476527752
56.3062095140 613.3243346494 -404.9906632942 23.7653656461 7124.6767711635
56.0832110050 628.8628119783 -404.3167735216 23.8172215189 7140.2227635506
56.0210241453 633.2857351383 -404.0477938677 23.8320012942 7144.6536264039
55.8638771172 644.2502974620 -403.1981923827 23.8686622540 7155.6443003147
54.2742367903 753.1454916341 -381.6215853394 24.2332717370 7264.9514916555
53.9487219304 775.5527049306 -374.1409224176 24.3117822148 7288.4883309973
53.7736368608 788.1903990379 -369.4044471289 24.3568042412 7301.9855885647
53.0722506350 837.3068934138 -347.2450164202 24.5336161458 7354.9924519550
52.3896083500 880.1943274533 -322.7112589881 24.6960771503 7403.6970233524
52.0944553944 897.7331723895 -310.8996653586 24.7666170220 7424.8443357836
51.6500190835 923.3184878191 -292.0254791787 24.8726807686 7456.6414354621
50.5999879662 981.0210703242 -238.6089217557 25.1323762551 7534.4961791982
50.4172452098 990.4044936676 -227.7969726593 25.1801326208 7548.8131707454
49.3198696408 1042.6404717383 -155.4567373224 25.4815987431 7639.1904433106
48.1589163822 1081.2670237562 -73.3378189447 25.7951466003 7733.1897314371
48.0613723610 1083.7495922809 -65.9864168623 25.8210308341 7740.9496256080
47.6181874821 1093.4693534549 -32.7454143182 25.9374644463 7775.8555323288
47.2815563042 1099.4128346361 -6.0526225399 26.0291382343 7803.3386317762
46.1844393785 1108.1307626184 85.1944624027 26.3388560757 7896.1897092308
44.6401320891 1093.7265626084 205.5482155705 26.7402890613 8016.5363205321
43.8146213612 1074.7277780911 267.3458971077 26.9525815220 8080.1799892204
43.7570856129 1073.1390482821 271.4323423860 26.9672076089 8084.5647774768
43.5489707344 1067.0549263328 286.6931958157 27.0220127098 8100.9949258500
43.1191698441 1053.0663709218 317.3189727678 27.1335232502 8134.4249329733
42.7522806772 1039.9591918852 342.2881878524 27.2274301754 8162.5775099608
42.6476911116 1035.9707479429 348.9981923638 27.2534701331 8170.3840889440
42.5671932420 1032.9099103893 353.9716626105 27.2729517040 8176.2245139484
42.1702107296 1017.9366127831 377.6855848414 27.3665107321 8204.2727940537
41.8653141546 1005.1379670255 395.6358990727 27.4400543655 8226.3206112753
41.5189180381 989.4894399379 415.6547587485 27.5248189471 8251.7323832349
41.3957785107 983.5570447225 422.4964183764 27.5550275056 8260.7886767310
40.8206384907 955.3772291052 453.8451668155 27.6956461446 8302.9450715254
39.6107833936 883.8031414281 512.8311309877 28.0059332120 8395.9667987515
39.4257732035 871.2339606984 520.8782469574 28.0557194290 8410.8923241626
39.1177633595 850.7923196171 533.1351005229 28.1352276006 8434.7282644621
37.8701621960 769.4230379853 569.7859767511 28.4431724354 8527.0478075182
36.7732550772 696.1622996276 588.0854309909 28.7000360064 8604.0535639459
36.6284787286 685.9376587627 589.7016244452 28.7345907512 8614.4128107243
35.0672905674 572.7420213967 592.2222742499 29.1160805672 8728.7806037346
34.2078102893 509.4062753080 582.2038644879 29.3283078790 8792.4047412481
33.8655378209 485.3197724249 576.2448674387 29.4107178148 8817.1106083310
33.6422647960 469.7785711109 571.8039392145 29.4645808389 8833.2583292656
33.1883761466 438.1575871826 560.9624787669 29.5752396925 8866.4330071167
33.0170235078 425.9975521271 556.2049065203 29.6187988986 8879.4917223373
32.9204539917 419.1747193481 553.3297312960 29.6434977131 8886.8962368687
32.1156588381 363.1859175377 525.7446147814 29.8474775185 8948.0478334979
30.9157879671 293.6738844710 478.7817597494 30.1200634885 9029.7670489654
30.4833750856 271.0453234999 459.3997680420 30.2194556614 9059.5640614958
29.7312314903 232.7663272997 421.6409722470 30.3983606477 9113.1984150403
29.0304315439 199.7467119163 380.6665918533 30.5757700297 9166.3843976187
28.9951411271 198.2944763780 378.4781369345 30.5845317689 9169.0110995662
28.1011941895 162.5263208541 318.7532727791 30.8227956925 9240.4408195189
27.7898357128 151.8615397056 295.9120617075 30.9070053165 9265.6862194120
27.6084615497 146.0247934631 281.6581530673 30.9583870792 9281.0900771614
25.9518829842 115.8634211500 156.8196830031 31.4029496846 9414.3666393558
25.4326842516 113.5046336852 116.3504708020 31.5386062181 9455.0354323591
25.2820743552 113.4399947852 104.5472244669 31.5779865163 9466.8413430064
24.9144485646 114.4418106123 76.2475650047 31.6723973131 9495.1449768436
23.7536370366 129.3638420526 -17.6883637521 31.9863822073 9589.2752854712
23.1170022923 144.3365705605 -66.3560844930 32.1541415696 9639.5682646183
22.8191175873 152.5345774010 -87.8971851100 32.2308213342 9662.5562700472
21.4168571338 200.9012516631 -179.9863794104 32.5663391410 9763.1419885384
20.7583204742 226.5016462374 -215.6054477200 32.7115936077 9806.6881694229
20.7504195235 226.8303877913 -215.9951564154 32.7132944790 9807.1980775533
18.5243713067 330.9733893771 -311.5367766711 33.1805638809 9947.2819756561
16.6852604536 426.7850369796 -363.5676973339 33.5533170775 10059.0305934743
16.3960921363 441.0390515116 -369.0076760818 33.6042176634 10074.2901980723
16.0945724367 456.3046838574 -374.2978049514 33.6581184757 10090.4492475894
15.8314525013 469.9410613561 -378.5352368838 33.7057584801 10104.7313548057
15.0956259275 509.7826703284 -388.1529776786 33.8437424375 10146.0978918398
14.4366427115 547.1627824733 -393.9430833238 33.9706958486 10184.1575545014
14.2520457024 557.9643330670 -395.0733873853 34.0069594577 10195.0291056372
13.1700204638 620.2690346105 -396.7882842386 34.2156611882 10257.5963001006
13.0706629332 625.7508027440 -396.5647257814 34.2339611621 10263.0824913811
12.8360960079 638.5268816926 -395.8025069049 34.2766323205 10275.8749766709
12.2189551457 672.2711628783 -392.1961154411 34.3895077168 10309.7141571265
11.9220461032 688.3429255087 -389.7074282691 34.4436601417 10325.9486381558
9.5948509341 809.1638540966 -353.5806440916 34.8529848004 10448.6611165959
9.5532293697 811.1751621955 -352.6605983999 34.8603637191 10450.8732595668
8.2348854409 876.3360038491 -318.2855876594 35.0998603223 10522.6725276666
7.4701336524 910.9460221979 -294.9485856091 35.2381037305 10564.1168460744
7.0565140125 927.2338953431 -282.1324489716 35.3072517496 10584.8468916370
6.6457017854 942.0595280177 -269.4475318782 35.3723483645 10604.3623571380
6.3799149127 951.2248515263 -260.9680472368 35.4140069675 10616.8512860658
5.3259051141 985.4249683020 -227.7547383502 35.5730585265 10664.5337312101
5.1503264271 990.5086499703 -221.7799828815 35.5992325982 10672.3805164982
4.5824988457 1006.4460839380 -202.4663117166 35.6827774347 10697.4266180509
4.3949092409 1011.3914835926 -195.8127246740 35.7104375678 10705.7189131421
2.9088638886 1046.2684332478 -143.9862734507 35.9232628558 10769.5223193468
2.7622657278 1049.1440326319 -138.6790729964 35.9434033171 10775.5602746102
1.5211488238 1070.8196910891 -94.4181610840 36.1103032846 10825.5956135927
1.1942557954 1075.6757579158 -82.4070869942 36.1535328272 10838.5554981455
0.0736362529 1089.3317231318 -41.9856057371 36.2975144425 10881.7200877240
-0.5160822779 1094.9574116862 -20.6312462189 36.3714579217 10903.8877755926
-0.8069475445 1097.3980011544 -10.0147753474 36.4078071349 10914.7849901729
-1.1464713508 1099.8955890270 2.3452532192 36.4499207967 10927.4103422512
-2.0205535170 1104.6510326938 34.2522145857 36.5580912146 10959.8390058537
-2.5118967413 1106.3954462596 52.4395495937 36.6191633611 10978.1479664694
-2.9112800085 1107.3131393122 67.2912375336 36.6688632861 10993.0476221236
-3.0253399704 1107.4977011057 71.5764462306 36.6831774923 10997.3389109139
-4.6062407534 1106.0790427168 131.9576859741 36.8847997316 11057.7837267271
-4.7637632479 1105.5566372164 137.9008889486 36.9047023148 11063.7503679781
-6.6555204247 1093.5833332965 208.9212785466 37.1427796496 11135.1241499441
-6.7551895808 1092.6820998560 212.5701479050 37.1553211358 11138.8839909017
-10.5608894010 1036.5582147889 351.2649901566 37.6385937346 11283.7655343085
-11.0539960998 1026.4873044704 367.6100346991 37.7026554932 11302.9707577780
-13.8326824300 957.2591083385 453.0021391145 38.0636228555 11411.1860680418
-15.2876895487 915.1480212660 491.5682226420 38.2552399395 11468.6314131141
-18.5259599586 795.6447271228 560.0587274503 38.7202434992 11608.0360282229
-19.0794281602 773.1434709466 568.3217939782 38.8004752235 11632.0888839981
-19.8877777631 739.8734040026 578.1304138713 38.9171222308 11667.0587648021
-22.9769005728 611.5585633037 592.7038778167 39.3581167874 11799.2656518491
-23.0479411834 608.5880902749 592.6321516401 39.3680303498 11802.2376614977
-23.3527587176 595.9084698385 592.1195943405 39.4103537803 11814.9259005917
-24.3241875284 555.5265409377 588.3029684197 39.5452901781 11855.3788022380
-25.3346128456 514.1570165098 580.9766335859 39.6845897106 11897.1397387030
-26.6659301421 460.5286300288 566.0805031566 39.8679812453 11952.1191256724
-27.3476051084 434.2705093873 556.5062966361 39.9607269867 11979.9235884686
-29.2291394506 363.7698611138 522.4014312384 40.2151604287 12056.2008101080
-34.9520897769 196.3481745571 356.6352329152 40.9867010536 12287.5031280110
-35.1432192161 192.2301372662 349.7859269930 41.0133670256 12295.4973812173
-35.3559951414 187.7924730246 342.1211351700 41.0429185671 12304.3567059842
-35.8838334894 177.0682916765 322.8137066535 41.1166107436 12326.4490551844
-36.4847904919 165.5779557054 299.6307393255 41.2030291398 12352.3566280239
-36.4987974651 165.3361785478 299.0752697641 41.2050504370 12352.9625973498
-37.1751590491 153.9627354249 271.9770365921 41.3036075535 12382.5092661800
-37.7465815425 145.5924440876 248.2188041940 41.3879899759 12407.8064695899
-39.6860307260 126.9198296622 163.2191888965 41.6846785330 12496.7514632387
-40.2034982524 125.2248532628 137.3897681143 41.7715048512 12522.7812872008
-41.2509844586 131.5494933780 82.7709169397 41.9537150822 12577.4064818829
-41.8875256947 142.8079642150 47.9691869966 42.0732824477 12613.2518163175
-42.9804373366 183.9176106034 -17.0298084142 42.3247069969 12688.6269720729
-43.1856073525 194.7436444121 -28.6784292485 42.3777597979 12704.5317655909
-43.5981248724 217.2726635674 -48.5132428931 42.4784583649 12734.7203806621
-44.9249069061 320.6161348190 -90.7900312010 42.8508658755 12846.3654449196
-45.9089823947 396.2762048985 -87.0308136225 43.1048576623 12922.5102408600
-47.8454097964 516.1572533016 -18.1190002282 43.5603352304 13059.0592283067
-48.7408132249 558.4966714709 47.1844638218 43.8193559624 13136.7116675920
-48.8316383123 561.6903353294 55.0309148573 43.8476159933 13145.1837907635
-48.9238238875 564.4169748171 62.5380744838 43.8742597159 13153.1713579736
-49.4965101887 574.5184714868 109.2756715092 44.0381330974 13202.2993002634
-50.0058619999 574.0276476904 157.7960548694 44.2007921272 13251.0631889770
-50.3850097265 570.9953398835 177.4172480787 44.2666511974 13270.8071986934
-50.5983679685 568.6405288314 187.9822627708 44.3026200916 13281.5903758334
-51.3840969179 556.5378365464 223.9076866848 44.4263686216 13318.6891909720
-52.0711850466 541.0752542194 253.9711805741 44.5362692698 13351.6365181107
-52.3500829911 533.7007148682 265.4092099211 44.5816746857 13365.2486874671
-52.7043506097 522.7452985059 280.1799089418 44.6427936456 13383.5716502081
-52.7208793324 522.1886545453 280.8220256916 44.6456288290 13384.4216145300
-52.8873729177 516.5566299615 287.2738893286 44.6742013536 13392.9874207104
-53.2724813550 502.7502752416 301.9057358062 44.7413214691 13413.1094813030
-53.4895133841 494.2048687315 309.4547438596 44.7793620495 13424.5137327679
-53.6602099195 486.7842758221 315.3611625274 44.8110034562 13433.9995643552
-55.0211108401 423.8638599314 348.8205010337 45.0512076903 13506.0109467923
-55.2521358891 411.9177359879 352.4260645189 45.0930634929 13518.5589706945
-55.8149043886 384.1185691944 357.9628037788 45.1889156459 13547.2946681114
-56.5714335123 347.6233721422 359.5938946682 45.3116775712 13584.0977060547
-56.6170795015 345.4065519687 359.4976935389 45.3190793339 13586.3166927016
-57.1967648710 317.1754001759 356.3332578455 45.4133764209 13614.5861934802
-57.8931120871 283.3084781800 347.7554545079 45.5280993996 13648.9792172337
-60.1845373568 188.6179769474 285.7858310896 45.8995054034 13760.3240374471
-62.0764946890 144.1382283543 214.6890775825 46.1782900347 13843.9015600044
-63.3666022814 131.7680833494 164.7094220292 46.3557598283 13897.1056052281
-63.5888375442 130.9144005345 155.8989647459 46.3853531288 13905.9774313344
-64.9377845355 134.0117851753 98.6467491536 46.5768639200 13963.3908650350
-65.4918810838 139.6920011485 74.8762593412 46.6575398005 13987.5768352196
-68.5961178089 227.9245586083 -47.6653573545 47.1543256697 14136.5098384503
-68.9815674651 246.9048607493 -59.7778554194 47.2304759924 14159.3390823676
-69.1848324434 257.0194065653 -65.1325988015 47.2686576238 14170.7856194131
-69.7874893594 285.8728034979 -76.7122485621 47.3748400712 14202.6182575855
-71.9189497449 382.6559493598 -84.0346460648 47.7124778984 14303.8395872186
-72.8214316415 424.6657792460 -73.7284555172 47.8542111005 14346.3300684066
-73.2370680927 442.7308318915 -66.5876848215 47.9182573734 14365.5306150868
-73.9052559144 472.2620752233 -50.9883924761 48.0267910619 14398.0681369654
-73.9720143080 474.9058499556 -49.2420155965 48.0373623829 14401.2373308409
-75.5996090021 529.4842366902 1.9459892492 48.2834792572 14475.0212814097
-76.3863930495 549.0672077954 31.4560311843 48.4044229958 14511.2792401947
-82.8701444921 523.8581231127 278.5671416150 49.2641560079 14769.0224185970
-82.9057555941 523.0123735654 279.5549906069 49.2684954389 14770.3233437279
-83.7861286682 500.9285187430 303.1956720164 49.3754660724 14802.3922737671
-86.1849211187 428.1702376303 346.8383484345 49.6578634823 14887.0528831993
-86.2409407884 426.3053681087 347.4704998230 49.6644343615 14889.0227778661
-91.5502313645 260.3499290602 336.8488905902 50.2470832722 15063.6971084986
-92.3687109644 238.1232616331 325.0655803782 50.3295212289 15088.4113348484
-92.8192478905 226.9400417769 317.9714863783 50.3737232875 15101.6627466454
-94.7326608423 183.3295487249 277.8317114838 50.5691055809 15160.2368280277
-94.9421851913 179.0885901484 272.5242648461 50.5917775682 15167.0337012217
-95.3371620736 171.4328961731 262.3097283503 50.6343783607 15179.8050664921
-95.6173663166 166.3985816989 254.7146365790 50.6647872619 15188.9214026889
-95.9191609367 161.3142579000 246.3106962419 50.6975655386 15198.7480581408
-96.5784322581 151.8233147871 227.7975008526 50.7679283422 15219.8422498527
-96.6235863555 151.3221375390 226.6182718571 50.7722050025 15221.1243568388
-98.5847404369 136.0506733506 174.4221463838 50.9610035183 15277.7246693701
-98.8325982263 135.1214526439 167.6924722651 50.9837171631 15284.5340310978
-102.7793238524 149.9075548512 57.0504799385 51.3555599912 15396.0098103243
-102.8388078394 150.5589819988 55.4809924412 51.3612317611 15397.7101594865
-103.2503179109 155.2862694675 44.5940095812 51.4007024400 15409.5431421842
-107.8294224658 248.0335029565 -54.8582211883 51.8474195735 15543.4658073357
-108.9836345053 278.0154184285 -68.8215866539 51.9608379529 15577.4677211351
-110.5085883888 319.5793150618 -79.5307678052 52.1080197374 15621.5916456503
-110.8990681430 333.7765889176 -81.1088502563 52.1558884987 15635.9423048916
-111.0583962557 347.4710877315 -81.5600469498 52.2016654361 15649.6658523401
-111.4536786439 373.1647609665 -80.0394615091 52.2873818177 15675.3629242601
-111.8363598184 399.1163718849 -75.4473372354 52.3745611894 15701.4985889983
-112.7184400368 450.4150548058 -56.8863067277 52.5507458714 15754.3173661391
-113.2549531203 477.8654095415 -40.7323895309 52.6543013406 15785.3624561490
-113.2928316190 479.8082808196 -39.3149096322 52.6623245653 15787.7677517955
-113.5385809999 492.1607016218 -30.0882410536 52.7137615379 15803.1881317399
-113.5653597555 493.5000276115 -28.9315829645 52.7196651384 15804.9579817740
-113.8619541195 509.1932666624 -15.0243573267 52.7893860834 15825.8597491891
-113.8774498581 510.0257490683 -14.1369367572 52.7934451498 15827.0766233147
-113.8903993718 510.7311611350 -13.3765655778 52.7969051352 15828.1138980097
-115.5372522046 568.1202685955 101.0353501266 53.2188283901 15954.6034970330
-116.5833770522 567.0852528189 174.6108201501 53.4672326769 16029.0731978227
-117.8076178501 527.5454869704 267.1289018527 53.7958429741 16127.5881313441
-118.1261962648 510.8095704881 288.4358353697 53.8846180112 16154.2021638257
-118.5171557373 486.6045023125 311.4653327742 53.9957794517 16187.5274647034
-118.8695941969 460.2292875411 330.0299528035 54.1057677373 16220.5010628027
-118.9478724847 453.4427665282 333.8015532948 54.1316671702 16228.2654974000
-118.9728819348 451.4929401194 334.7956127038 54.1389680587 16230.4542426697
-119.0382341614 446.5740916349 337.2425081251 54.1572948547 16235.9484633746
-119.7711976486 386.9847839107 356.3743263934 54.3766763105 16301.7173216548
-121.4571563714 246.2454242076 331.9455364926 54.8538054274 16444.7573373615
-121.6162313029 233.9272987225 325.0129364567 54.9007975703 16458.8451933865
-122.4547084931 182.3894476336 280.7168819130 55.1241353009 16525.8001148765
-123.1681377969 152.3986348267 236.2048074696 55.3045426462 16579.8848152096
-123.9410762206 134.1460320888 185.0136247965 55.4940993265 16636.7124194328
-124.1556070197 131.5368825624 169.7652459541 55.5460113543 16652.2752169084
-124.5029262028 134.2336389679 137.3540955316 55.6552141050 16685.0132115280
-124.8083717951 181.2453843101 86.5170321757 55.8862349641 16754.2725031889
-124.7967677355 187.8845225408 84.3035897899 55.9098587644 16761.3546084576
-124.6739582321 229.9420402055 84.9911848847 56.0553920683 16804.9844238412
-124.2072101565 269.2525148651 111.4470786356 56.2114571614 16851.7716702815
-123.4596576488 284.1709611249 173.8645823096 56.4277271332 16916.6085453017
-123.3972552213 282.4867273210 180.6593772776 56.4508623198 16923.5441697754
-123.2966286061 274.3571469499 199.4390663166 56.5168256283 16943.3192357209
-123.2832640742 239.7831330998 230.1859651801 56.6687786458 16988.8736805444
-123.2819988622 238.7729683966 230.6206697698 56.6724470570 16989.9734185149
-123.1459148298 200.9112499469 236.1233911999 56.8092093561 17030.9736941362
-123.1441385067 184.7416920668 232.6080637550 56.8635101087 17047.2524251426
-123.1395750416 176.6565688643 229.4836508461 56.8919575851 17055.7806110385
-123.2463541506 131.1801004475 154.1985480844 57.1930826287 17146.0579181848
-122.8217138417 155.2479089933 102.5196462369 57.3820228467 17202.7011985859
-121.6314070666 228.5261475090 84.2463547594 57.6372150410 17279.2072786102
-121.2090103318 257.2254652941 99.1132649071 57.7427386768 17310.8422880379
-121.1800446290 258.5254088732 100.2049902908 57.7484019830 17312.5400678075
-121.1413140002 260.1973350161 101.6683866676 57.7558145134 17314.7622410932
-119.7434150024 262.2019986264 214.2204333402 58.1619377276 17436.5200521430
-119.5340664406 251.9783797413 222.7573996525 58.2065368574 17449.8903284586
-119.4117950479 242.2068816796 228.4956425210 58.2454025442 17461.5417776577
-119.1796537197 218.6361864088 235.2838323650 58.3318351573 17487.4533959108
-118.8650084894 184.1091068705 230.8328709508 58.4477778705 17522.2120054545
-117.5645468041 133.0582055861 148.6000878018 58.7808426648 17622.0653788752
-117.4621312884 146.3214466786 113.4759433095 58.9035948238 17658.8654404619
-117.4664735867 147.7689683992 111.4273886741 58.9119622553 17661.3738798692
-117.8002217768 197.0688276971 81.3706760424 59.1038284306 17718.8943770418
-117.8356376924 212.0900015789 80.5906048788 59.1544691752 17734.0758695035
-118.8565699070 286.7755769440 152.1590388823 59.5168112503 17842.7071384567
-118.8807332025 285.6523349180 171.4237913982 59.5811962682 17862.0090425720
-118.8839357571 284.5924791295 176.2774467950 59.5976720280 17866.9482520148
-119.1485684458 256.8133120445 219.1202899080 59.7657167347 17917.3270032494
-119.3153447509 193.1393886071 233.3710481105 59.9852598328 17983.1451948056
-119.3099728359 187.6119042747 231.9062952845 60.0041851256 17988.8187430864
-117.6655405529 156.6879201874 101.4580853664 60.5219963824 18144.0640532526
-117.4975335653 171.8064729058 89.6839307552 60.5858694847 18163.2124882900
-117.0457196691 206.4940376198 79.1082505618 60.7087890069 18200.0627241521
-117.0008906657 209.8545686657 79.0412301598 60.7200088840 18203.4262880598
-116.1872530203 281.8849784135 130.0787639238 61.0253961689 18294.9815153014
-114.4969312013 221.7392171561 232.0049812527 61.4696031169 18428.1579220655
-113.9796197649 200.4614303694 232.5545662479 61.5415814743 18449.7362483434
-113.0362362133 159.4123250496 214.7968978597 61.6890729088 18493.9531115779
-112.8784685012 154.3173874155 210.4046832573 61.7114951898 18500.6750127981
-110.4266541760 132.5160312349 158.0437859637 61.9012118002 18557.5510667952
-110.1672242643 132.7629037505 151.7293279224 61.9222931159 18563.8709629710
-109.2500811930 138.7871293436 126.8185504823 62.0055968056 18588.8445456855
-104.2937192102 228.1690440184 82.2876289169 62.3537626239 18693.2255317022
-101.1834279050 285.6782808370 143.7535807272 62.6401842189 18779.0945865731
-98.9641076055 260.1867776863 214.2843049105 62.8975626094 18856.2561407333
-98.4127055453 243.3659162695 225.5080752584 62.9654182902 18876.5985187779
-97.4783644012 217.5281314714 232.7729666644 63.0594975076 18904.8025415337
-90.7022885581 168.5541791579 89.0505857994 63.7173541441 19102.0395711593
-89.6681829579 194.8372846731 77.9060766328 63.8140099306 19131.0160355616
-87.9898786542 244.6710444195 84.8167727508 63.9837308425 19181.8973198719
-87.5701645103 255.6901425424 91.3514178027 64.0251654565 19194.3189020277
-85.7350317135 284.0869916024 131.8789449949 64.1883009648 19243.2258704962
-85.1419418685 286.7612750676 148.4243327832 64.2455037423 19260.3745959453
-81.4968890742 243.0241729005 221.7326707487 64.5383199566 19348.1608598412
-80.7122782205 228.0749350187 227.1260346691 64.5933977490 19364.6725334311
-80.6947952369 227.7139594964 227.2067035565 64.5946329378 19365.0428252319
-79.4323155490 200.4026441142 228.0745584825 64.6880285866 19393.0419163907
-76.6136345886 144.3110797146 188.5577795334 64.9180173646 19461.9918184497
-75.1494322988 135.1261451652 146.5183141161 65.0641392628 19505.7980953927
-73.3182347503 151.0490954165 107.0616426035 65.2043260025 19547.8250142216
-71.8621160304 176.4521111400 86.6285224735 65.3115140061 19579.9589886433
-70.5482764772 204.1891870369 78.7134388219 65.4114817432 19609.9283552346
-70.3918330305 207.9181332240 78.5266555086 65.4239648693 19613.6706218414
-67.2509894530 268.2152355797 104.9844053162 65.6440873692 19679.6625534062
-66.3056936664 280.1438585144 123.4615747971 65.7177974044 19701.7600155952
-65.0663118726 286.3145503536 149.5625131655 65.8125664718 19730.1708453003
-64.0937529426 282.5302455221 176.5687092614 65.9028546883 19757.2383398153
-63.0648771877 267.7625713253 202.4401941317 66.0001947289 19786.4199341572
-61.8408203255 242.7066653871 221.2018489408 66.1031219960 19817.2765533702
-60.1049443475 202.1360272026 227.6824732717 66.2461839305 19860.1654542323
-59.6068663209 187.9599615990 224.4696282370 66.2938870306 19874.4662587274
-59.4871307706 184.8730538278 223.3987564083 66.3047647177 19877.7272357538
-57.9341518881 146.7046081547 191.9973205316 66.4671778891 19926.4176515007
-57.3503151777 139.9331121845 178.1567807312 66.5205165913 19942.4079553004
-55.1817549044 142.3272701328 124.1846079071 66.7108971408 19999.4830784043
-51.6921024567 270.1104958944 105.3738984509 67.2066794834 20148.1237593607
-51.6668043611 270.9064998098 106.3071585420 67.2107720425 20149.3506492715
-51.1678602579 286.3456287025 135.2577763504 67.3198014690 20182.0366704072
-51.0278934886 287.8631070142 142.6328659625 67.3451829484 20189.6456974014
-50.7542572192 288.6959584077 153.4087395804 67.3815522722 20200.5487527650
-50.6825429820 288.6497379995 156.1597399060 67.3907323940 20203.3008225244
-50.2871553821 286.4618562803 171.6363659010 67.4424414865 20218.8025833244
-44.2348333790 151.8258309922 198.8853515175 67.9900596878 20382.9856708983
-43.5624461124 142.0366085963 182.2066322589 68.0554582803 20402.5914231695
-40.5861942572 154.1810424457 105.0078649261 68.3359518762 20486.6832699106
-37.6700507145 266.5534859473 100.9106051501 68.7415236265 20608.2760725394
-37.4658344616 277.8156026308 115.5539188069 68.8031537380 20626.7520645189
-37.2340579911 287.3874160514 164.2277768581 68.9692938996 20676.5598414212
-37.0592324079 277.7287041209 191.3617408790 69.0628021533 20704.5926821195
-36.2275126487 249.9799763817 217.0274642237 69.1868056838 20741.7678951843
-33.7755891725 158.1595584204 198.3200601712 69.5190539715 20841.3766637047
-33.7522186703 157.5557540928 197.5677580056 69.5222726909 20842.3415887506
-33.7432526513 157.3137256327 197.2582186146 69.5235837292 20842.7346187554
-33.3375208571 147.3115448195 181.1406548420 69.5875430329 20861.9088823197
-31.1403193798 153.8551228650 109.4053962212 69.8474617606 20939.8321320500
-30.9897684586 157.1923167980 104.5855126222 69.8669349697 20945.6699313888
-30.8795291489 160.1256581480 100.9521845367 69.8825163102 20950.3409990936
-30.5545658403 172.2699662305 89.8345202185 69.9371382966 20966.7160152156
-30.2989576695 180.7739394888 84.3582159162 69.9717137106 20977.0812738262
-30.2672355926 182.0111790558 83.7275966786 69.9763471953 20978.4703250092
-29.0294819174 248.6589835850 83.7922549026 70.2054513585 21047.1550575122
-28.8321633882 277.8169711906 109.9581958308 70.3338870172 21085.6590135524
-28.8095794353 285.4189621443 174.6305129656 70.5550899313 21151.9748874834
-28.8023840805 284.7881610665 176.3575212884 70.5612230623 21153.8135111605
-28.7409201542 275.8505109589 193.1927823022 70.6230191036 21172.3392448160
-28.6340089715 264.0753840001 206.2976596458 70.6810541512 21189.7374648588
-28.6368053415 236.8832853188 221.5641534033 70.7846433896 21220.7925351608
-28.5722597094 228.1829403237 223.5422022803 70.8148278097 21229.8414233535
-28.5593346432 226.6437215417 223.7786484267 70.8200262257 21231.3998327080
-28.5235921422 222.0920002297 224.2740180036 70.8353534693 21235.9947249508
-28.4330372120 176.5247852277 213.1773014296 70.9908441748 21282.6097788051
-29.7801585961 141.9338841402 134.9133847657 71.2843643416 21370.6072188085
-29.9168646925 150.3565368580 111.6987692461 71.3641230796 21394.5180324500
-30.1747907017 167.7349350469 91.0461882844 71.4526600662 21421.0605109338
-30.6623144260 207.5829399941 74.6958604804 71.5952275442 21463.8011741234
-31.2463387131 253.7343327461 86.4246312234 71.7535639353 21511.2693689601
-31.3570502408 261.2193296623 91.6866069010 71.7834879349 21520.2401850226
-31.7980188692 283.9663587651 171.5273838656 72.0685499766 21605.7017630187
-32.0766119766 260.8800108739 205.4926020085 72.2032681622 21646.0892120981
-32.1695023463 171.8427148487 209.4481846411 72.5141725295 21739.2987394379
-32.1926070638 153.6946769521 191.5362897268 72.5981220939 21764.4659342852
-31.4145093451 180.0578751756 83.1088693315 73.0067188034 21886.9658402177
-31.3630069983 195.3330731333 77.0096957940 73.0639266243 21904.1160616362
-31.2303358630 217.2162031688 74.9094281727 73.1392020000 21926.6827912047
-30.6583494462 289.1711269635 151.5075139189 73.5116840934 22038.3546158909
-30.5816556441 286.9119941669 167.1996496134 73.5640607897 22054.0565101402
-30.5493514146 265.6480917258 202.8586571282 73.7007072635 22095.0220582416
-30.2682960855 219.2692849466 222.4449008008 73.8682752100 22145.2578946488
-28.6668614403 143.4449716448 160.2742952271 74.2150271582 22249.2152507035
-28.2235665493 146.2920591543 126.0202068200 74.3303694020 22283.7938274464
-27.9113052629 155.6936723572 106.8079646571 74.3997464170 22304.5922705281
-27.3640862690 187.7523840045 80.8180487535 74.5353225759 22345.2369388039
-25.4889383831 278.9912897860 109.2726089686 74.8842726366 22449.8533465710
-24.8306619433 291.0127282468 145.1115104281 75.0111766559 22487.8981173748
-24.5472558670 288.3162895543 168.2214591721 75.0883908880 22511.0461003727
-24.4117342773 283.3188891232 181.4003900433 75.1341509183 22524.7643814101
-23.8725527828 214.3036792344 222.6908128313 75.4072966993 22606.6533251505
-23.8155523212 196.8848158881 219.8028701474 75.4654442690 22624.0852718588
-23.2647477011 147.8172239802 173.9151773605 75.6899186340 22691.3819799708
-23.2443543609 143.7191315760 151.4485809295 75.7691919804 22715.1472704959
-23.4487355010 176.0540421797 89.2647578883 76.0057316097 22786.0612593939
-23.7463705835 213.0585937690 76.5065572191 76.1366991010 22825.3242529515
-23.7753518632 218.1361424590 76.4750808235 76.1536511848 22830.4062478633
-23.8797815148 231.2292804146 78.0066915307 76.1973237558 22843.4987287307
-24.0874297416 272.2679914010 102.0513674926 76.3541667756 22890.5192115801
-24.2574862401 284.7116859600 122.1343237801 76.4331930469 22914.2104297533
-24.3145529351 286.9099146004 128.1753685299 76.4548927984 22920.7157135050
-24.4648505869 290.0685199717 152.4373231588 76.5394151585 22946.0546238699
-25.0765183780 245.5466108987 216.6478994758 76.8062704628 23026.0576120472
-25.1984957420 220.6947525474 222.6249935475 76.8961574040 23053.0047924662
-24.6798395947 145.9945682652 129.3767776043 77.3446609613 23187.4701134462
-24.6499485079 150.3282062454 117.2933211861 77.3864767414 23200.0059467257
-24.5786876872 168.7620481245 92.5901896878 77.4873673870 23230.2519831457
-24.5713416401 170.2340898702 91.3483068955 77.4937917543 23232.1779137155
-24.6530797474 211.6430686009 74.7586799850 77.6414994654 23276.4596210983
-24.6539559426 212.2597884587 74.7287097980 77.6435593733 23277.0771506098
-24.6170388493 236.3514890919 77.6888480075 77.7240307728 23301.2016072850
-24.2539107643 280.8241259518 114.5965292695 77.9159380275 23358.7344727401
-24.0966797761 287.8376162923 136.5649319114 77.9962377446 23382.8074564053
-24.0017085588 287.3049524347 148.2571974649 78.0355496446 23394.5917643542
-22.6151666762 224.5195750878 124.9701710816 78.3882466523 23500.3477414124
-21.8663897775 281.1027849622 154.5163479515 78.7237013519 23600.9320924238
-21.3911538399 275.5717057588 161.4160151561 78.7527757257 23609.6474356836
-21.2683961863 273.6839838199 163.1141537382 78.7612561283 23612.1894743593
-19.3884399964 243.1179151863 167.4968197323 78.8665386177 23643.7512487873
-18.7572891682 230.4420403406 158.5818786771 78.9172868872 23658.9638724891
-18.7341077422 230.0549815184 158.1055907837 78.9193358620 23659.5780578583
-18.4851610604 226.4950189919 152.7473724182 78.9411139889 23666.1062272380
-15.1954353824 282.7123340401 152.6303228018 79.3558273644 23790.4662659866
-15.0747015272 277.2730181283 160.4440737860 79.3870057598 23799.8123183331
-14.6069912179 242.4941743723 167.2438523966 79.5092286572 23836.4530966128
-17.7513462829 287.7176321662 131.1047763281 79.9221779524 23960.2840908372
-17.9336661734 288.5241082614 139.6825963166 79.9515310476 23969.0829702952
-18.3672418428 236.8110605258 163.3370471128 80.1751885193 24036.1389742172
-19.5314244278 237.7272019792 114.7041090089 80.3539680319 24089.7375634606
-19.2411916831 285.6180875613 126.3792830554 80.5369524959 24144.5970334374
-19.2448451176 285.9203904791 127.0465010554 80.5393961591 24145.3295261937
-19.1568712352 284.9403196107 154.0380204804 80.6368971611 24174.5583123415
-19.1488002672 282.4683260251 158.1558769553 80.6524798730 24179.2293188327
-19.1563105542 279.9010345241 161.3655817566 80.6659337098 24183.2621744974
-19.2448423515 262.1928897715 170.7252494058 80.7319996130 24203.0667660064
-18.9118690044 229.5864330366 153.5904956194 80.8604584404 24241.5772140519
-18.6151117472 268.5687634284 109.1065743586 81.1001339861 24313.4368410916
-18.4686371861 275.7388003046 112.2911353316 81.1254096422 24321.0134286166
-18.1233254768 285.8301105246 122.6155688278 81.1727314356 24335.1988308408
-17.7793070372 277.6506763172 163.6411063120 81.3223846792 24380.0640337578
-17.7753596060 265.1640534823 169.3961204391 81.3682950838 24393.8263297937
-17.8507489386 236.6132268136 160.0895778024 81.4719829292 24424.9099767025
-17.8480721756 235.6024840505 158.9685250266 81.4770184501 24426.4193850209
-17.8484229836 235.1287357301 158.3841809405 81.4795281648 24427.1716755886
-18.4682418485 252.4139002943 109.3070135285 81.6803063620 24487.3668530061
-18.5343771428 275.6700954372 112.6186273582 81.7600821461 24511.2815476838
-18.7531231274 273.1012667559 167.2384666329 81.9761737005 24576.0688120572
-19.4994653549 263.3879733926 169.5174911666 82.0112621101 24586.5869364371
-30.0218298571 289.1328038746 118.3976204949 82.4238341598 24710.3057275774
-34.1415552117 289.5545062844 154.5766779451 82.5510854313 24748.4541046609
-38.8501367000 250.4495644664 163.3702275056 82.6932513484 24791.0743373187
-39.4062118084 246.0448447977 160.6119808201 82.7101774313 24796.1480165793
-56.5933042549 245.4041994733 159.2610553784 83.3380939097 24984.4829764349
-57.7876309935 235.5756665156 145.2845586164 83.3943521215 25001.3473089042
-69.0473311912 288.2379347217 155.6375045084 83.8116622530 25126.4878812269
-75.2705480549 240.7704186917 155.5727068300 83.9866458652 25178.9483182848
-76.1285844207 237.0786412394 150.0862630701 84.0091364304 25185.6900085191
-76.7629777580 235.3225036589 145.8016929774 84.0251468050 25190.4891892000
-80.3874132683 241.2935521891 117.3001658391 84.1277576009 25221.2498888591
-82.6542974336 258.6832157337 107.0244368709 84.1950829642 25241.4319971453
-87.1317525593 290.5974901882 121.3338338608 84.3166680553 25277.8815069327
-87.5187003358 292.0541387037 123.9757009510 84.3269620805 25280.9671678128
-88.5242719004 294.5117429183 131.1602625030 84.3536129112 25288.9559538127
-94.6798104045 271.8093721131 166.2224134164 84.5059082471 25334.6133687716
-95.0378855065 268.8794332748 166.7550543061 84.5160067149 25337.6404009321
-102.1916377268 235.9892293270 129.8076850145 84.7076797759 25395.1053959184
-113.7443770459 284.3290892276 159.8615806483 85.0748932808 25505.2186116323
-119.5209175505 237.3564318745 148.0763123695 85.2578335074 25560.0649630061
-123.4308357782 238.1157439485 124.5814068706 85.3435291142 25585.7543343634
-126.3510839951 249.1625352569 113.4153854262 85.3958813463 25601.4476654320
-128.4860167332 259.1328335081 109.8322481066 85.4328272437 25612.5225494769
-145.1929403094 267.9251965253 167.4985085109 85.7370752563 25703.7490267283
-147.3472390616 256.4362390584 166.9017056514 85.7765556762 25715.5836847724
-151.2901955073 239.1740963124 154.9717696965 85.8471166930 25736.7357499201
-160.1333873731 247.1060798725 113.9381266034 86.0009071507 25782.8414782231
-175.8607471258 284.6948607159 162.1983313051 86.2901442263 25869.5657615841
-191.6405849215 244.5482436120 115.0827849857 86.6092035293 25965.2349006977
-191.7341253109 244.9553928745 114.7792704672 86.6109262562 25965.7512848006
-193.2339294025 252.1645018126 110.7602408444 86.6392595415 25974.2443695251
-195.1729031894 262.5631245030 108.8256938589 86.6767635699 25985.4865509635
-223.3721057010 276.1677683028 112.6562696512 87.3305614906 26181.5951037309
-224.6262962462 283.7257508051 118.1313446119 87.3614003974 26190.8392828069
-230.3765689869 287.7078486948 154.9295207957 87.4921486616 26230.0361126520
-234.6457828096 262.6410647103 168.4911171745 87.5895858647 26259.2456439137
-236.0052106153 253.5110672288 166.9665330441 87.6203392874 26268.4641957245
-244.2966039463 237.6446029548 122.7929071893 87.7957079098 26321.0401685377
-247.8940001451 254.9666227363 109.6958624472 87.8684243634 26342.8383902477
-252.4062672746 282.6277551488 117.9041638771 87.9699157040 26373.2633872626
-284.0987866137 283.3835577201 118.8411808997 88.5798045508 26556.1937773402
-287.5635762656 289.7575203905 139.7040913613 88.6537544295 26578.3617625591
-289.7749715399 284.9302713780 153.5324801534 88.7021673171 26592.8741190285
-297.1096481885 238.4257203575 156.3612533438 88.8773247642 26645.3867843265
-299.8026773840 231.0551225504 139.5026184156 88.9389135900 26663.8490428974
-330.5771873109 266.5004394735 107.4978111057 89.7151832555 26896.7261534893
-334.9603292384 280.1210454047 160.3617929021 89.9333688626 26962.1418110188
-340.3458045399 230.9165312889 135.2789837932 90.1552941580 27028.6789682628
-343.3851793441 256.5318341888 106.8711605145 90.2901677674 27069.1126934689
-347.5572813348 289.6327815354 139.2695787604 90.4633377015 27121.0294080972
-351.0727984128 258.7344995825 165.8633409138 90.6067508250 27164.0235874320
-359.7899790263 260.7211244279 106.4395562986 90.9006781895 27252.1551527937
-360.7824924739 269.1387026102 107.7805139649 90.9289596441 27260.6326627528
-361.5610459533 275.6659108126 110.5522044595 90.9518906071 27267.5062954589
-368.2364865249 276.2762755013 162.4664904381 91.1514608320 27327.3395971300
-378.5193691191 251.1603983463 110.7062773165 91.4648494938 27421.3085250934
-379.3168377600 258.6263851429 108.8873503879 91.4916171147 27429.3322373133
-382.1726375342 286.5036944650 122.2502299854 91.5973858852 27461.0396203135
-387.5151634916 264.2210881758 167.0120161828 91.7945400474 27520.1484233993
-388.2430804602 254.5061549221 166.0518878209 91.8270757867 27529.9012120103
-389.4954934643 236.9248227861 153.3139394495 91.8986397902 27551.3538779548
-389.5918458179 235.7653552171 151.4102803590 91.9061265625 27553.5980222774
-389.9136340309 233.2922450544 145.4122495540 91.9287257008 27560.3721785765
-391.0394895208 238.2578273832 120.4351415341 92.0170590979 27586.8522708792
-391.9212800237 266.0682485846 108.7055622361 92.1190597739 27617.4299196390
-393.1718399455 290.8926109696 131.6930105362 92.2344266860 27652.0149894740
-393.7642763413 288.2633113472 150.8973705160 92.2995332023 27671.5317549741
-398.6370509418 283.1031475638 118.5909778444 92.7773143858 27814.8196430692
-401.7452455735 245.3360515683 162.3638491918 93.0491878540 27896.3368270482
-402.2159191406 237.6796243322 154.9837632520 93.0842136078 27906.8360255515
-404.6055835036 252.5524802562 110.9477186694 93.2607729015 27959.7691165606
-405.7005271135 281.3021539704 117.7800803908 93.3638513887 27990.6698897753
-408.0472270473 278.9570129142 162.4347169634 93.5269913922 28039.5791068175
-411.4012939626 233.8771025872 151.0801889529 93.7001852039 28091.5030283722
-417.6577113844 271.5604293329 111.4826165060 93.9270399811 28159.5187075929
-428.3765571810 233.2578987214 138.6492687448 94.3315830496 28280.8330574807
-428.7863303771 233.7508582633 133.9580740305 94.3473078930 28285.5465727041
-434.5562740887 292.6604208061 137.0293368400 94.6158487941 28366.0644062951
-437.2648322565 252.7874539930 170.6172341938 94.8202691108 28427.3522801724
-438.1152622527 236.4420242644 154.6186062830 94.8959444448 28450.0374438124
-438.2273735571 235.3528248330 151.5998370039 94.9068363470 28453.3022663144
-439.9055100232 247.4769358967 119.2299730760 95.0295174323 28490.0802715074
-440.1384375996 250.1558063833 117.6606271575 95.0400790926 28493.2461027710
-440.4221927296 253.8248149726 116.1410585772 95.0536685877 28497.3195330164
-443.1242033932 290.9122551372 135.7720363146 95.2079467749 28543.5715389085
-444.3327533608 289.1244153355 156.2675257061 95.2790095564 28564.8738793527
-446.7478422190 250.2966689893 169.1518952776 95.4270585953 28609.2580980165
-447.7636798722 237.3858537774 155.6873027902 95.4886435117 28627.7190764837
-448.2378509883 235.2106601870 147.5751258448 95.5180799286 28636.5427487389
-449.7790863926 257.4057807562 116.1325127218 95.6541123858 28677.3239105496
-453.3101623146 268.4174774068 174.3896958524 95.9522657947 28766.7238509859
-454.7641940337 245.4015307973 168.0612709320 96.0337402858 28791.1475574805
-455.5368515284 238.0360280833 157.1186963241 96.0769992477 28804.1147805083
-456.8800200569 245.3650153918 126.3398665868 96.1915124945 28838.4438505381
-457.9287091334 272.6914294466 119.6830663613 96.2866737944 28866.9709111741
-462.0639728698 241.9550508724 130.8370614523 96.7510382621 29006.2351687279
-465.3327178805 287.6059578716 129.6721709596 96.9184422764 29056.4230156312
-466.6494565087 293.6737920692 152.3197771123 96.9975606466 29080.1403433575
-467.0809824374 290.2492933574 161.9063268419 97.0305629223 29090.0329132187
-469.4578068255 239.7822822228 135.7176171110 97.3093222809 29173.6159530176
-470.1118530424 259.6847301630 119.7576686657 97.3943598493 29199.1078465285
-471.6327486238 272.3718152558 174.1576041090 97.6785524591 29284.3205694222
-471.7761585084 266.8928918346 174.8136592274 97.6972773989 29289.9333495413
-471.9098940110 262.0803385171 174.4431287955 97.7133511766 29294.7514304711
-471.9826251526 259.1878053933 173.8127585375 97.7231414202 29297.6860136422
-477.2854162008 290.9696865644 159.3243637761 98.1734734120 29432.7405342019
-477.6069772582 279.6928244708 170.6354004552 98.2260133700 29448.4899383104
-480.7167990249 256.0173680823 117.1442817393 98.5268115683 29538.6836038957
-487.3015210615 262.4072704735 171.5904776582 98.8595336971 29638.4533747369
-487.6727130333 256.8262184967 170.3299857199 98.8783385487 29644.0900996573
-488.0768744430 250.6745206587 167.5206456829 98.9001589519 29650.6307545000
-499.8388442346 288.4743375870 162.4122498630 99.3399592929 29782.5256199042
-517.3171458301 292.7039441841 167.7211311464 99.9132169757 29954.4713605028
-517.6574113178 290.3953516728 170.2609808723 99.9246092691 29957.8861480381
-527.3975094841 252.9578942212 128.6097555166 100.2099558343 30043.4453137461
-527.7593644655 255.3194320590 126.6713028547 100.2203378064 30046.5572566387
-528.8818041153 264.7743763626 122.3790477763 100.2555474691 30057.1114838872
-538.4635842107 273.2967693509 176.3666297977 100.5523678731 30146.1122800193
-541.7714197821 246.9401228957 163.0174138594 100.6533990612 30176.3991258211
-543.2196277379 242.8096588042 150.7251794515 100.6974422231 30189.6013590567
-545.8666032263 251.4621729358 128.0168048715 100.7793238081 30214.1470253895
-548.0611774920 271.3614190044 120.6076559217 100.8509747258 30235.6255744239
-565.4638998098 260.2651311292 124.1526297179 101.3782353130 30393.7672847692
-565.4924876427 260.4712130732 124.0727894365 101.3789787796 30393.9901320235
-571.7470639857 297.0373010306 145.3995859572 101.5434434824 30443.2966514663
-578.0809478455 272.0260698894 177.2507489834 101.6917710085 30487.7643787849
-581.3028934830 251.0173106152 169.5410487489 101.7679410360 30510.5977142175
-583.5184539487 242.4731400480 153.3943802637 101.8286706105 30528.8021505849
-591.0316553489 290.8552350855 132.2188148182 102.0618517358 30598.7156995187
-602.1384333560 246.7892237798 165.2850289110 102.3520044222 30685.7167930596
-602.6345183951 244.7402731994 161.8797488042 102.3657244378 30689.8292985490
-602.8997794004 243.8334703276 159.8539938636 102.3732591565 30692.0877753435
-607.5966508680 259.0286761766 128.0959903703 102.5065877471 30732.0580213198
-608.4151423554 271.9781485625 127.3190125953 102.5521848718 30745.7256755981
-610.6899046998 292.3388181753 152.2737932662 102.6640128232 30779.2492178171
-614.1113761207 244.8917522133 163.8962517790 102.8749571816 30842.4950526548
-614.8734302986 241.6364310055 151.5708528834 102.9183108814 30855.4901933348
-617.9699932402 273.9581731642 128.3225422949 103.0677787850 30900.2998844699
-631.1964718345 289.3257536531 147.5968135894 103.6577913364 31077.2998601035
-638.0635317250 243.3083374298 164.8329861174 103.8745821200 31142.2992059617
-641.1787185280 241.9574837505 138.4318649955 103.9651147945 31169.4380048590
-649.3563705635 287.7865269755 150.2123827740 104.1741965173 31232.1252692425
-657.8519385087 237.7233123488 143.6941873410 104.4462801134 31313.7096936650
-660.3270531475 256.2371622215 125.5468783451 104.5353346186 31340.4053124598
-660.3401290199 256.3808082553 125.5162625936 104.5358265783 31340.5527659676
-663.5182954004 283.9512312192 138.7929067870 104.6436673599 31372.8808161794
-665.0250626857 286.1427727447 155.4201044968 104.7007779777 31389.9998673529
-666.1064514156 280.8724046458 165.6804204092 104.7386353791 31401.3473821153
-668.2640878779 252.2189357169 172.8465927656 104.8402917423 31431.8211987476
-669.1133229663 243.3924071194 166.4640489432 104.8761187236 31442.5600725013
-669.8096781411 238.9126055174 158.8252303197 104.9057582665 31451.4442224726
-672.0734037812 247.2389873963 130.9341633046 105.0093340747 31482.4935238167
-672.9456859042 261.4497875311 125.5231571152 105.0597421454 31497.6033045947
-673.1441410753 264.6934064899 125.6315269295 105.0705957774 31500.8564749132
-674.2588541339 278.5950418547 131.8694643661 105.1211313700 31516.0044813202
-676.4387950107 285.1217068956 160.2024628346 105.2205818817 31545.8169331602
-681.4991797624 242.6203028973 164.1221111943 105.3879674458 31595.9996294883
-683.0969008650 238.4199587177 146.9721488221 105.4474255595 31613.8223892284
-684.4763304603 244.2726167116 134.0549964147 105.4943793237 31627.8966578412
-693.3096210546 269.4587711479 134.1532844574 105.9058236428 31751.3612366185
-696.4154781303 246.2974634539 156.7956296146 106.0550801817 31796.1072393196
-697.9735491033 240.6085813571 140.5551334317 106.1141888380 31813.8217705676
-709.0114954636 251.0292856366 131.5762765186 106.4832347962 31924.5475367009
-709.8216581894 256.6513701646 130.8472849477 106.5031391480 31930.5118943252
-716.7698501272 254.5714920828 161.1881579036 106.6628700181 31978.3998411954
-716.8834355471 253.4634002313 161.0476678171 106.6666022026 31979.5181254304
-718.1452673455 243.8202527738 155.7216042254 106.7031125450 31990.4591267508
-720.7885512104 242.8123655383 135.9080101422 106.7723431912 32011.2078563612
-728.0259534999 269.5822581144 153.7059090705 106.9284027943 32057.9945103780
-729.3575855561 261.0936587012 160.4490182262 106.9645434623 32068.8246945283
-731.2703155263 244.5410307483 155.7561170658 107.0252199043 32087.0090813656
-731.2944802926 244.3963268468 155.5841396422 107.0259743596 32087.2351372458
-732.3507603102 240.8171205663 145.3193085084 107.0625291474 32098.1894197529
-737.6723602685 240.9702635069 154.4407107226 107.3509235430 32184.6923679242
-738.9950422793 267.7634283449 136.5366654316 107.5036424280 32230.4768968672
-739.5907247268 267.7318838529 155.2373933449 107.5694106121 32250.1875538722
-740.0677270888 261.5290348752 160.0873114557 107.5953223298 32257.9521118963
-741.1744990488 243.0258024763 155.4017916444 107.6646421638 32278.7274583091
-741.8012856621 239.9751608579 141.6404383026 107.7120982213 32292.9490019907
-742.7424662171 264.6128090191 133.4016561958 107.8107242985 32322.5107277677
-745.0887262864 246.5054394350 159.1427190500 107.9624912099 32368.0096832385
-745.9012023595 241.8536567528 137.6591598049 108.0422533638 32391.9155054416
-749.3213201800 246.3996908114 162.3227687589 108.2715234102 32460.6695681278
-751.5641465890 253.2328620135 132.8331880427 108.4054332484 32500.8123340659
-752.9223201482 268.4757445722 145.6147924053 108.4753426457 32521.7643024133
-754.5536047337 252.7270337025 163.1736135515 108.5643442984 32548.4401673365
-757.4147319046 253.0307098440 131.0536196320 108.7157820201 32593.8403464646
-758.0384073800 263.3474808245 134.1881835835 108.7519307907 32604.6727771991
-758.2184581424 266.1911696303 136.9283920599 108.7649763187 32608.5816874290
-760.1534784122 256.5219492955 161.3557547127 108.8680993130 32639.4916745588
-763.6663193266 241.2875847636 159.8611403537 109.2232518046 32746.0474438467
-764.2011388651 240.5754439834 138.5063993690 109.3000305924 32769.0586871698
-764.3172508131 264.8070192220 141.0636256184 109.3912053553 32796.3860243391
-765.3545504295 238.1536281391 158.7477224146 109.5413602553 32841.4013769891
-766.2920777561 265.0888232924 156.1369197830 109.7499852123 32903.9597540625
-766.2941159476 265.0563365506 156.2125492508 109.7502600191 32904.0420913233
-766.9879255660 238.7964223847 158.6499669541 109.8550814569 32935.4612570549
-755.1803008562 253.7212000026 175.1352494025 110.7259458329 33197.2757290180
-754.3295250262 245.8228228618 173.3382330932 110.7526311424 33205.2718952748
-744.3878572429 250.1609705337 173.2593290160 111.0442234291 33292.7377943147
-743.8635258544 242.3963564496 168.7790149903 111.0737727511 33301.5922275638
-741.7960031205 253.2769317619 144.0053990576 111.1852785482 33335.0156929131
-741.7688780769 253.7415992418 144.0088354615 111.1868320230 33335.4811382447
-741.3634657760 261.2211263737 146.1732284816 111.2124669069 33343.1624768511
-740.7374422276 267.9853144475 155.5552265474 111.2510901414 33354.7362857981
-740.2623425841 267.9362805790 162.0550889744 111.2733734903 33361.4132593554
-738.3459018518 240.8544366011 168.3460991718 111.3815555262 33393.8399649682
-736.8644124701 242.6390726161 147.0641885250 111.4571759231 33416.5036244494
-733.7547616244 256.6962506915 171.9822871366 111.6259386288 33467.1011264633
-731.7992112596 237.1796141195 158.2881268714 111.7159444180 33494.0776390687
-729.0655823754 237.1237105362 164.0954700793 112.0006418882 33579.4738516075
-728.8325184049 237.9031052330 150.6533122219 112.0491404623 33594.0073567841
-728.8500941683 256.3756476056 144.4856808425 112.1175965597 33614.5231485828
-728.5262631359 263.7506286825 165.3126647506 112.1967478621 33638.2452292730
-727.1569360757 253.6439057772 144.4935962690 112.4081820895 33701.6472843156
-726.5257113017 240.5085391425 172.2961040427 112.5754050518 33751.7828475907
-727.0344250138 255.8638750387 147.7662923358 112.7186603281 33794.7283865366
-727.4907190958 251.2047034935 176.5986860028 112.8386809249 33830.7051186289
-727.0894193996 236.2995434075 170.1629665003 112.8949041053 33847.5538436830
-726.9593628753 234.1957994052 165.6428730479 112.9117816060 33852.6107970673
-725.9856963888 245.8353744122 147.8986486839 112.9906967065 33876.2619272685
-725.9598818362 246.8633892993 147.7490993268 112.9941826128 33877.3063398399
-721.0076572418 257.9553136305 147.2394017831 113.3241482944 33976.3008330749
-720.4229873036 260.7722666175 170.4245754903 113.4106483847 34002.2259619265
-717.0608935066 254.4990757033 144.3174353499 113.6083721122 34061.5135693879
-708.2912875757 233.1762848646 170.7644485426 114.0847942002 34204.5354774701
-707.3302503160 241.1835916460 147.8460061884 114.1746732315 34231.4736040906
-707.2091093579 243.7138301884 147.3675083061 114.1834458073 34234.1019828078
-703.6524702000 241.0701888087 175.4597225913 114.3490830376 34283.7617973356
-701.9232875193 230.6656691357 163.6074030721 114.4028074029 34299.8613418292
-699.0390294754 247.1291573888 146.6225038515 114.4906624061 34326.1925709633
-696.9790419224 259.3079284748 161.2257938452 114.5586157108 34346.5572784767
-695.6220747908 251.6912275376 173.5183045073 114.6074157040 34361.1807969098
-685.9391017622 257.7494655575 174.2235325830 114.8894128491 34445.7685389799
-679.1039596597 233.7790404860 158.3484506182 115.0226827309 34485.7187319007
-671.1849907779 256.2381900579 174.2422673387 115.1840901187 34534.1095075555
-670.7448516235 253.9732296848 176.0627437169 115.1939208283 34537.0548829623
-656.1539128802 260.5611985847 168.7184839936 115.4544014660 34615.1816746461
-655.2393652462 257.6063904733 173.4429650545 115.4729232491 34620.7311703648
-654.6783832079 255.0828630046 175.5789623658 115.4840757625 34624.0725787012
-652.1670935102 239.0551473518 175.3812264601 115.5396288824 34640.7200618114
-645.8749580950 250.3205904052 150.5648190339 115.6670307827 34678.9101785177
-640.9692727480 257.5013750636 174.1949912999 115.7617789932 34707.3079571479
-640.4501105125 255.3133375608 176.2581971867 115.7719006718 34710.3404924651
-628.6121079593 260.8443877637 154.7974673047 115.9895992968 34775.6236396472
-607.9381075103 252.3536627687 174.3757227844 116.3722743210 34890.4625151501
-606.3988727466 242.5998496547 172.6594974173 116.4062291098 34900.6366110151
-600.6974915603 249.8201350834 146.1657895548 116.5238746857 34935.9005254823
-599.8776419334 255.1287317647 147.1143596705 116.5418552314 34941.2877448889
-584.6422697045 262.6156334392 146.7498988778 116.8456164627 35032.4145694201
-579.7106645394 256.6250741194 171.7642824320 116.9464945677 35062.6501278719
-573.5439703421 252.6976122883 143.1473530987 117.0964027107 35107.5909907722
-571.1250733238 267.4787746865 159.8486611314 117.1813449094 35133.0483228705
-568.4057138412 259.2306932067 143.3934966218 117.4012668386 35198.9993212242
-566.1280448821 256.7859307036 170.5919749174 117.5189621612 35234.2779630033
-560.3190687330 260.5885251212 173.6214193215 117.7944347634 35316.9086132684
-558.8091214034 244.2088935737 168.9985523253 117.8558176032 35335.3031036072
-556.1573919559 269.8629712041 160.6968330409 118.0248341112 35385.9767822532
-554.0472754939 267.1950172286 155.7701042458 118.2877443207 35464.8351565664
-554.5760000435 242.5225229288 152.7121138024 118.4772815537 35521.6666177452
-554.1070535766 267.1215000733 162.7374675901 118.5976785573 35557.7553352586
-553.7941624434 261.4489151687 171.8223023101 118.6331392692 35568.3804220581
-553.8937980594 243.0663153841 150.7787248014 118.7630079421 35607.3099342985
-550.2888244414 270.6344241975 151.9986726885 119.1295023424 35717.2911845378
-545.5937534222 254.7844820006 171.9798019229 119.2339247124 35748.5891308581
-534.3920693112 246.7447941393 173.0240345165 119.5305451936 35837.5735051894
-527.8965826051 262.3928941599 155.6691841557 119.9541356228 35964.7249134235
-524.8370424772 237.0643243986 165.0053401304 120.1179564241 36013.8396049896
-524.7141686576 237.0253695458 162.8610518590 120.1251529815 36015.9955783702
-522.5236236582 237.1561122012 161.1920875013 120.4054624950 36100.0811105558
-521.2561959619 261.7476682953 163.7083425752 120.8062113732 36220.3649084961
-515.2712339285 253.8807369647 178.4998802881 121.1325162337 36318.2701680421
-516.4868863456 239.3175620923 173.8080454001 121.1876499529 36334.7909519491
-517.3385881120 236.8644264164 163.2310659704 121.2243594663 36345.7899417549
-518.6953461476 256.7026356802 154.1556978039 121.3048069170 36369.8989034112
-518.8274842462 258.5848681467 155.3666841065 121.3120783792 36372.0772814681
-518.8937976382 259.5075804037 156.1236430033 121.3160537463 36373.2681989786
-520.9409206524 237.5868017300 168.9609034286 121.4755212556 36421.0766806147
-522.2655160903 250.1626671989 152.1913033443 121.5537393191 36444.5171836546
-524.9334119131 254.0090865313 179.5634520015 121.6800919022 36482.3916137792
-528.4839210677 265.1210654027 173.6448637570 121.9124025733 36552.0634225106
-529.9422071312 263.9648477850 160.6399649698 122.1372357725 36619.4903082883
-530.0854557074 250.4566333242 181.3729631396 122.2382142025 36649.7548955058
-529.4839274788 244.5404050427 156.8333834295 122.3383192298 36679.7575591163
-528.1944955221 265.9334389374 165.7012146106 122.4284751250 36706.7769921532
-527.8210012921 254.0213014182 180.1692449774 122.4964898721 36727.1585328604
-525.3776146542 264.0506168846 173.4690262602 122.7236687249 36795.2898455468
-525.1606085196 242.2739898154 181.2190562140 123.0601864742 36896.2675039822
-524.7151535321 236.5396237641 171.2113677436 123.0988351950 36907.8473164924
-524.0676084785 242.1436536393 159.7509197080 123.1418957524 36920.7492643069
-522.7980274086 260.5434734528 163.1648322444 123.2097518885 36941.0830867634
-518.8100220481 259.3125323977 165.1574580353 123.4793710667 37021.9600908136
-518.0572998519 258.6785985445 177.2167108576 123.5215059120 37034.5845627544
-517.9208354680 257.4902989467 178.8550290712 123.5281204795 37036.5660641102
-515.9213918980 236.9534646882 177.1250883917 123.6055670591 37059.7748172586
-513.4274587273 257.6550824469 162.1163185238 123.7315640540 37097.5422190664
-511.4356916264 245.7359727305 184.4562423582 123.8342040072 37128.3046890307
-482.8829012295 250.9545812941 167.7321751626 124.9104598097 37452.4928864591
-473.4664062260 268.4332871075 170.0345837846 125.1163317760 37514.2280770244
-457.8188274124 252.7118031900 166.6633855779 125.4429722410 37612.2403103604
-440.6064503843 279.9780863774 156.7747283133 125.8540163508 37735.6341631113
-435.0144250861 255.5990895235 153.5481728958 126.0053279350 37780.9952469488
-433.7695948040 268.2700852987 145.4265231831 126.0573228874 37796.5743800576
-424.2920651811 276.4070841949 152.4048917194 126.3553251704 37885.9809796834
-422.6082687105 268.3613447567 171.5468739813 126.4332234093 37909.3245921938
-422.0970380147 261.3919372880 171.2152350891 126.4572413018 37916.5199080112
-419.9877202658 271.0095854967 148.4492577305 126.5924617258 37957.0535374747
-417.9715442407 256.6619991236 168.4404611554 126.7314651704 37998.7219837596
-417.8300565452 254.7933147216 166.2746455988 126.7409909948 38001.5755085053
-413.6637974076 255.4933045422 156.8925468039 127.0319456900 38088.8650974827
-413.6843278952 253.5270256866 168.1650666796 127.2552229449 38155.8263641098
-414.5101559954 266.7696478176 149.2994408190 127.3479433538 38183.6137042351
-416.4136176564 258.4123836240 172.6856110249 127.4893062297 38225.9898632155
-416.5166350841 255.6818174365 170.6717314684 127.5004335397 38229.3231119390
-416.8549640462 252.1372971935 163.7557782120 127.5262338887 38237.0523684893
-417.2527976145 253.0932089946 156.6839751105 127.5501013551 38244.2024938290
-425.3015578845 269.4239312632 150.6887042315 127.8680951467 38339.6191437682
-425.9895278829 276.9221735540 162.3038393725 127.9151458530 38353.7161390613
-426.9619119115 252.8736077174 168.3602802806 128.0209118061 38385.4151832880
-427.4535131632 252.4689332305 156.1316377311 128.0625007292 38397.8753532717
-428.2930297572 273.9410971668 154.0708126539 128.1429247689 38421.9757466802
-428.7136833651 276.3548348945 166.0594266186 128.1840859256 38434.3076748816
-429.0503146271 267.2290065245 174.5738320569 128.2259294246 38446.8440737385
-429.1397969809 262.3358265117 174.6841700917 128.2427380067 38451.8792548653
-429.1543438985 261.4264955694 174.4896554391 128.2458224674 38452.8031656638
-429.5837680888 253.7852193006 156.6949464825 128.3183399331 38474.5332179259
-429.8481323520 261.0298268472 150.6054165344 128.3497192223 38483.9339470072
-431.5417747415 272.2665909546 172.2891791087 128.4628000624 38517.8265389292
-432.2228944346 257.2862036341 172.0156184115 128.5157287761 38533.6849948300
-432.3413193024 255.6715705492 170.5217847492 128.5230057803 38535.8647672743
-437.7228455536 269.3509578751 154.7887699462 128.8865659661 38644.9838354054
-443.1558898435 251.0722303335 163.3992405493 129.0618875362 38697.5494499916
-447.0354998587 259.2970517424 176.1442896450 129.2551922459 38755.5127282313
-449.5469171131 274.7378912146 155.7730830634 129.4001698007 38798.9730056777
-450.5627174248 271.3117061086 174.9492749292 129.4721816360 38820.5512218209
-450.6206168125 270.3677911403 175.4158591396 129.4757415713 38821.6175348319
-450.7932961896 266.7160007699 176.3254529305 129.4889301324 38825.5681405834
-451.7327355385 261.7968708237 151.5056509389 129.6043237302 38860.1541165202
-452.3515008664 277.1484471757 168.8541707448 129.6985616100 38888.3958409435
-452.4831800048 275.1502177847 172.0041026060 129.7107495513 38892.0466751269
-452.6408538185 272.5509783180 174.1941255728 129.7220399563 38895.4286384713
-453.8668136284 280.0462904340 165.1822522125 129.9340738862 38959.0148466343
-453.8580664870 280.0234015777 165.4589651673 129.9350005899 38959.2924171092
-453.5811117311 273.9390656187 175.1580563946 129.9732116509 38970.7400073495
-453.5664021780 273.2136372513 175.5428581240 129.9759676901 38971.5655163681
-453.6367509249 255.9654170382 162.3504969736 130.0630389756 38997.6583533056
-453.8795458717 277.7824851190 156.7487078907 130.1532904986 39024.7046398275
-453.8348163281 262.4867614480 176.0688938858 130.2589437314 39056.3692560822
-454.0873165554 258.1474992961 157.6174923434 130.3297159285 39077.5756109181
-454.1272471913 263.0444899659 153.9193672363 130.3498881299 39083.6182844497
-454.1715674948 277.5475450837 158.8655766756 130.4065916963 39100.6076798130
-454.2585318152 271.4800981762 177.0010956751 130.4765373416 39121.5662185460
-454.3826927918 263.3396739987 176.9869490554 130.5055398987 39130.2544811218
-453.7127169177 250.8363867868 165.9937399856 130.7978793556 39217.9646536984
-452.3513915872 262.0059979417 178.9954946280 130.9858961333 39274.3407696083
-445.9278104397 263.1625203027 149.5418196507 131.3537091560 39384.7448313906
-445.4561910447 269.0546133094 151.1033179432 131.3737155032 39390.7377106775
-442.7383664154 252.0667742263 164.8831182367 131.5243854016 39435.9055571971
-440.3702978831 269.3087708219 174.5485632645 131.7027470832 39489.3836145340
-438.2899096446 259.4734404647 153.3730754722 131.8265128481 39526.4801621392
-435.4665263566 261.2253374858 153.4105223335 132.3176453025 39674.0114546541
-437.6229419049 270.8234271609 175.3048955109 132.4216399791 39705.1781503966
-438.9434984105 253.2829728897 170.0674238579 132.4908854470 39725.9263069516
-439.0027514701 252.9363432804 169.1108339985 132.4943279312 39726.9573748996
-439.0364570108 252.7437281835 168.4460177838 132.4966554589 39727.6544931479
-440.0281556056 254.0440530593 160.7316228717 132.7639736705 39807.8475558697
-441.8174626870 254.2454202506 176.2798403938 132.9556362553 39865.3182764024
-440.5474674364 262.7452774173 180.6630962942 133.1654705014 39928.2448533321
-438.1729313622 260.8750481136 159.6070213398 133.5234985938 40035.7106330377
-434.6744425335 250.4372322876 161.0677275764 133.7321677754 40098.2874872446
-433.6567971479 248.6145587023 177.5686985965 133.9161915815 40153.4651686425
-433.4492497943 245.7036651750 171.9885901266 133.9369125390 40159.6718464177
-431.1729769347 269.2697543216 173.4447801890 134.0735922898 40200.6418343161
-430.4426836596 249.9732592386 178.3091251366 134.1524019254 40224.2566285521
-430.3602865658 265.8748433501 161.0589338337 134.2633755002 40257.5157787105
-430.7358034372 270.3524684242 173.2681656460 134.3080241946 40270.8915853310
-430.8266173156 266.8492055161 179.3132126577 134.3309558601 40277.7604877252
-428.1833416364 257.0349996894 157.9119377912 134.4676218236 40318.7262579851
-423.6202381189 251.2083055294 175.8745754953 134.6272488811 40366.5815130245
-423.1164801325 249.5078477192 173.1118759144 134.6382929224 40369.8893377891
-417.2022056229 269.1265319308 161.7090461966 134.7484140180 40402.8926164314
-414.6440089734 269.8790737056 173.9535929041 134.7914878198 40415.7963307636
-413.2217341935 264.4145677853 179.0479768182 134.8164534420 40423.2744725411
-413.0690152257 263.6285072657 179.3614790137 134.8193506172 40424.1421633672
-392.0617963646 246.1018216347 164.1874621778 135.1387495086 40519.9933690945
-384.5661796485 267.3897468949 163.3595383374 135.2292437315 40547.1109430251
-378.7600729787 260.0390050164 178.3736210679 135.2944152294 40566.6371004789
-374.2521345771 248.4081956668 174.6668573763 135.3406237485 40580.4800278245
-302.5308339815 257.8728408524 162.1878142529 135.3444865560 40581.6369136899
