X Y Z LocalTime TrackLength
0.0000000000 0.0000000000 0.0000000000 0.0000000000 0.0000000000
-3.6254806122 23.2176418124 -0.5178215271 0.0784032556 23.5047047161
-3.6256350421 23.2186298162 -0.5178435630 0.0784065921 23.5057049588
-3.7597693948 24.0762031495 -0.5369708469 0.0813026314 24.3739157068
-3.7783124563 24.1947618088 -0.5396152062 0.0817030055 24.4939448427
-3.7821742572 24.2194617382 -0.5401660987 0.0817864168 24.5189509120
-4.3547815591 27.8819704751 -0.6218559621 0.0941546399 28.2268509385
-4.4753165458 28.6475403275 -0.6389343700 0.0967403917 29.0020398032
-4.4756276137 28.6495159900 -0.6389784427 0.0967470646 29.0040402905
-4.4760942155 28.6524794839 -0.6390445517 0.0967570739 29.0070410216
-4.5263309375 28.9735733599 -0.6462063553 0.0978414204 29.3321199306
-4.5935663732 29.4006131104 -0.6557349855 0.0992837695 29.7645253128
-4.8378426221 30.9625439412 -0.6905810787 0.1045584221 31.3458263773
-4.8458447355 31.0133646595 -0.6917150589 0.1047300721 31.3972857406
-5.0686765353 32.4380028161 -0.7234984077 0.1095411003 32.8395957175
-5.0895979648 32.5717241060 -0.7264817201 0.1099926824 32.9749766237
-5.0928378628 32.5922993181 -0.7269408081 0.1100621765 32.9958104232
-5.1105415843 32.7054482260 -0.7294650749 0.1104442853 33.1103637690
-5.1121614929 32.7157358269 -0.7296946220 0.1104790323 33.1207806574
-5.1443475139 32.9214607870 -0.7342842503 0.1111737733 33.3290587501
-5.1765334605 33.1271857377 -0.7388736158 0.1118685141 33.5373368161
-5.1781532875 33.1374733282 -0.7391031499 0.1119032610 33.5477536812
-5.1797731151 33.1477609187 -0.7393326840 0.1119380079 33.5581705466
-5.2143731782 33.3689152624 -0.7442662645 0.1126848545 33.7820695156
-5.2145351505 33.3699440202 -0.7442892089 0.1126883292 33.7831111990
-5.6549055021 36.1848756171 -0.8070611601 0.1221944414 36.6329719431
-5.6773243707 36.3281459798 -0.8102550910 0.1226782727 36.7780209131
-5.7474689194 36.7737014192 -0.8201891034 0.1241831557 37.2291734976
-6.0977389350 39.0123285114 -0.8700936855 0.1317430979 39.4955871424
-6.4866128185 41.4960703458 -0.9254633437 0.1401309332 42.0101968959
-6.4867683175 41.4970581824 -0.9254853751 0.1401342696 42.0111971392
-6.5643623103 41.9899886575 -0.9364790031 0.1417991595 42.5103185748
-6.6347336767 42.4395138290 -0.9465032464 0.1433172445 42.9654289949
-7.1477394182 45.7169068125 -1.0196010165 0.1543852525 46.2835343195
-7.5918669642 48.5535760947 -1.0828688687 0.1639649582 49.1554578414
-7.6863478705 49.1536465293 -1.0962544629 0.1659917284 49.7630682676
-7.6880113076 49.1642111582 -1.0964901251 0.1660274110 49.7737656490
-7.7181164842 49.3564519625 -1.1007778261 0.1666766302 49.9683966664
-7.7594725237 49.6205195821 -1.1066652320 0.1675684180 50.2357479171
-7.7631118524 49.6437575321 -1.1071833152 0.1676468953 50.2592748260
-7.7647753507 49.6543221737 -1.1074189314 0.1676825780 50.2699722285
-7.8081926741 49.9300593254 -1.1135685123 0.1686138964 50.5491744418
-8.0729199125 51.6201022569 -1.1512556679 0.1743213973 52.2602401751
-8.0840635879 51.6908849873 -1.1528344664 0.1745604692 52.3319121366
-8.0848893806 51.6961302674 -1.1529514616 0.1745781854 52.3372233127
-8.0931620311 51.7489440932 -1.1541293222 0.1747565447 52.3906940925
-8.1262532208 51.9601995192 -1.1588407951 0.1754699827 52.6045774248
-8.2809198023 52.9427030854 -1.1807603366 0.1787884269 53.5994219718
-8.4861002605 54.2524898828 -1.2099781830 0.1832117612 54.9255042308
-8.8301172644 56.4482022950 -1.2589473530 0.1906270184 57.1485423942
-8.8470832402 56.5564780835 -1.2613619949 0.1909926831 57.2581659374
-8.8634317238 56.6608044081 -1.2636884507 0.1913450106 57.3637910637
-8.8964104406 56.8702825850 -1.2683609765 0.1920525326 57.5759008057
-8.9450074117 57.1803186971 -1.2752757740 0.1930995832 57.8897986726
-9.7394571550 62.2489506531 -1.3882905961 0.2102172894 63.0215578924
-9.9147065420 63.3618769971 -1.4131081154 0.2139762674 64.1484711546
-10.9166496236 69.7508907541 -1.5555648623 0.2355534251 70.6171403123
-10.9547797809 69.9939177068 -1.5609835994 0.2363741919 70.8632000030
-12.9490165586 82.7001738269 -1.8442735756 0.2792869474 83.7281204635
-13.0626045124 83.4209451487 -1.8603500324 0.2817214444 84.4579643016
-13.1540393877 84.0011279446 -1.8732907884 0.2836810871 85.0454503957
-13.1556491970 84.0113424346 -1.8735186206 0.2837155879 85.0557934711
-13.1848442472 84.1972356596 -1.8776645840 0.2843434139 85.2440109811
-13.2249499560 84.4525837615 -1.8833579558 0.2852058144 85.5025521491
-13.2284787355 84.4750543415 -1.8838590435 0.2852817053 85.5253036400
-13.2300883717 84.4852688138 -1.8840867751 0.2853162059 85.5356466689
-13.2720998937 84.7518665449 -1.8900305686 0.2862166724 85.8055997272
-13.3362716863 85.1604237775 -1.8991386275 0.2875965153 86.2192662451
-13.5401964826 86.4545957954 -1.9279854410 0.2919677310 87.5297237328
-13.8527069559 88.4442385747 -1.9723307203 0.2986874604 89.5442479171
-13.9496615044 89.0594630563 -1.9860439758 0.3007654588 90.1672161609
-13.9513684940 89.0702944850 -1.9862854068 0.3008020433 90.1781839301
-13.9823326045 89.2673983545 -1.9906784853 0.3014677357 90.3777534935
-14.0248660141 89.5381455073 -1.9967137251 0.3023821488 90.6518876501
-14.0286086441 89.5619711722 -1.9972447792 0.3024626167 90.6760113232
-14.0303153844 89.5728025329 -1.9974862947 0.3024992009 90.6869789882
-14.0748613251 89.8555010529 -2.0037898489 0.3034540484 90.9732350539
-14.3470794141 91.5882839955 -2.0424242815 0.3093062990 92.7276956644
-14.3585125921 91.6608535715 -2.0440423891 0.3095514103 92.8011781762
-14.3593652231 91.6662654432 -2.0441630594 0.3095696895 92.8066581305
-14.3763793746 91.7745645193 -2.0465776746 0.3099354559 92.9163121390
-14.3836411791 91.8207877456 -2.0476083616 0.3100915690 92.9631136643
-14.4275009862 92.0994833477 -2.0538224459 0.3110328673 93.2453078138
-14.8497725751 94.7864795331 -2.1137228361 0.3201079258 95.9659419081
-15.2500744476 97.3324863241 -2.1704804865 0.3287069039 98.5438506735
-15.2741015020 97.4843680618 -2.1738669455 0.3292199514 98.6976584633
-15.8115441214 100.9006466605 -2.2500279496 0.3407583788 102.1567919589
-16.8175980561 107.2899268134 -2.3924735503 0.3623385415 108.6263619797
-16.8510979611 107.5023010103 -2.3972086775 0.3630558785 108.8414142178
-18.2054230860 116.0911825690 -2.5886654108 0.3920663180 117.5385251762
-18.5690833805 118.3951424150 -2.6400263876 0.3998485319 119.8715741972
-18.6629115259 118.9871470386 -2.6532247297 0.4018483799 120.4711135495
-18.6645635284 118.9975696719 -2.6534570977 0.4018835886 120.4816688517
-18.6945256776 119.1872439205 -2.6576854519 0.4025242742 120.6737415723
-18.7356939857 119.4477874216 -2.6634848548 0.4034043487 120.9375812566
-18.7393145159 119.4707148631 -2.6639949349 0.4034817927 120.9607984053
-18.7409663686 119.4811374710 -2.6642268756 0.4035170012 120.9713536496
-18.7840797683 119.7531675453 -2.6702805291 0.4044359433 121.2468455392
-18.8499716682 120.1700409787 -2.6795568615 0.4058440866 121.6689962866
-18.9630534537 120.8835568842 -2.6954535605 0.4082544079 122.3915924340
-19.0479741298 121.4207166638 -2.7074204252 0.4100688720 122.9355550777
-19.0590407861 121.4905480086 -2.7089759488 0.4103047682 123.0062750018
-19.0599675326 121.4963958041 -2.7091062110 0.4103245226 123.0121972093
-19.0764379538 121.6006137296 -2.7114275533 0.4106765558 123.1177341195
-19.1258713688 121.9132712607 -2.7184160364 0.4117326813 123.4343525551
-19.3158034523 123.1118659214 -2.7452056887 0.4157816344 124.6481981593
-19.9373615723 127.0439710226 -2.8330864296 0.4290638149 128.6300957056
-20.4850165650 130.5062356593 -2.9104660465 0.4407591210 132.1362602797
-21.1147247105 134.4845337740 -2.9993806012 0.4541977780 136.1650682985
-22.1268795497 140.8728547357 -3.1421559821 0.4757779796 142.6346499737
-22.1593008041 141.0773002183 -3.1467252879 0.4764686262 142.8417006236
-22.1895573387 141.2679140680 -3.1509826138 0.4771125624 143.0347478273
-24.3060203037 154.6010719014 -3.4487862122 0.5221549812 156.5381252776
-30.1899646430 191.4989476134 -4.2729912558 0.6468184415 193.9112904614
-30.1899662832 191.4989577579 -4.2729914825 0.6468184758 193.9113007402
-31.9578814841 202.5376768607 -4.5196010514 0.6841179913 205.0934141785
-31.9578831240 202.5376870054 -4.5196012778 0.6841180256 205.0934244574
-35.5978240702 225.2038963283 -5.0253052854 0.7607116324 228.0556101037
-35.6773811713 225.6975287254 -5.0363196560 0.7623798651 228.5557336855
-35.6853751709 225.7468859119 -5.0374209804 0.7625466888 228.6057461803
-35.7092293405 225.8949776775 -5.0407249433 0.7630471585 228.7557832050
-35.7571926094 226.1911209060 -5.0473352768 0.7640481010 229.0558582176
-36.5520482146 231.1275573603 -5.1575071371 0.7807304208 234.0570918840
-38.3032313440 241.9873188178 -5.3999766917 0.8174315451 245.0598121703
-39.8981171178 251.8593660169 -5.6204090625 0.8507962206 255.0622902438
-39.9781991127 252.3529147755 -5.6314298700 0.8524644580 255.5624152140
-40.6177288612 256.3014828325 -5.7195959901 0.8658103410 259.5634102889
-40.8579823194 257.7821275434 -5.7526921392 0.8708150542 261.0637855647
-43.5785390339 274.5631274146 -6.1278027909 0.9275350857 278.0680232399
-44.5406410818 280.4855277764 -6.2602102048 0.9475539338 284.0695229036
-44.5748229377 280.6958381806 -6.2649126484 0.9482648322 284.2826448836
-45.1871969977 284.4613260383 -6.3491086924 0.9609932595 288.0985313875
-45.5632513058 286.7729091050 -6.4007957360 0.9688071397 290.4410737392
-45.6271696705 287.1657303861 -6.4095793074 0.9701350066 290.8391582370
-46.4688299537 292.3357340022 -6.5251879783 0.9876115673 296.0784993062
-46.4696416225 292.3406862066 -6.5252987292 0.9876283105 296.0835188091
-46.4704532917 292.3456384109 -6.5254094802 0.9876450538 296.0885383119
-46.5164609675 292.6279792053 -6.5317227855 0.9885994954 296.3746727006
-46.5172726369 292.6329314095 -6.5318334668 0.9886162386 296.3796922018
-46.6130494084 293.2172915656 -6.5448937045 0.9905919426 296.9719933624
-46.6138611163 293.2222437602 -6.5450043845 0.9906086859 296.9770128602
-46.6598772348 293.5045824182 -6.5513136317 0.9915631247 297.2631464090
-46.6606889550 293.5095346096 -6.5514243031 0.9915798679 297.2681659055
-46.6615006756 293.5144868009 -6.5515349745 0.9915966111 297.2731854020
-46.9239087475 295.1248192673 -6.5875171327 0.9970402743 298.9051545698
-47.3489309855 297.7321019164 -6.6457759086 1.0058541719 301.5474945944
-48.2902875498 303.5025378757 -6.7747178006 1.0253614581 307.3956318565
-48.2911301855 303.5076742006 -6.7748325902 1.0253788242 307.4008381077
-48.2919728215 303.5128105254 -6.7749473798 1.0253961904 307.4060443588
-48.3397945852 303.8056802603 -6.7814918020 1.0263862772 307.7028648977
-48.3406371583 303.8108166151 -6.7816065902 1.0264036434 307.7080711681
-48.4906152386 304.7250877278 -6.8020388757 1.0294948356 308.6347872800
-48.7633471248 306.3954823301 -6.8393643534 1.0351418246 310.3277119687
-50.5851953664 317.5410603918 -7.0884220365 1.0728220303 321.6239534731
-52.2749216407 327.8587082380 -7.3189881754 1.1077049561 332.0815915179
-55.0288591928 344.6343347027 -7.6939075902 1.1644252119 349.0858964225
-56.0029462536 350.5548031491 -7.8262302896 1.1844441442 355.0874213704
-56.6563562812 354.5234178118 -7.9148883263 1.1978635017 359.1104435273
-56.7651861626 355.1841874798 -7.9296503117 1.2000978295 359.7802781438
-57.8282531070 361.6346501414 -8.0737486996 1.2219097957 366.3193410997
-58.3775576293 364.9648264820 -8.1481416855 1.2331709038 369.6953363975
-59.3170161813 370.6558057327 -8.2752635126 1.2524155539 375.4647373417
-59.3178591172 370.6608707367 -8.2753766754 1.2524326855 375.4698732569
-59.3187020535 370.6659357405 -8.2754898381 1.2524498170 375.4750091721
-59.3664245378 370.9547761944 -8.2819418835 1.2534265840 375.7678365483
-59.3672674859 370.9598411933 -8.2820550003 1.2534437156 375.7729724595
-59.4667354028 371.5575110468 -8.2954027915 1.2554652391 376.3790099691
-59.4675783923 371.5625760284 -8.2955159082 1.2554823706 376.3841458701
-59.5153102808 371.8514125677 -8.3019652892 1.2564591296 376.6769708592
-59.5161532767 371.8564775468 -8.3020782984 1.2564762612 376.6821067562
-59.5169962729 371.8615425257 -8.3021913077 1.2564933927 376.6872426531
-59.7892186714 373.5089312736 -8.3389405913 1.2620643577 378.3573759510
-61.9845111785 386.7766943832 -8.6349231514 1.3069334347 391.8087868403
-63.9947731226 398.8993219009 -8.9053742882 1.3479323018 404.0999379788
-66.7827025783 415.6694247071 -9.2796178438 1.4046528104 421.1043186620
-67.7685761140 421.5879743203 -9.4117017531 1.4246718319 427.1058703281
-68.4293863349 425.5523439565 -9.5001458764 1.4380812409 431.1259100220
-69.7114884147 433.2362171689 -9.6715763827 1.4640725162 438.9178983398
-70.6560616645 438.8849260278 -9.7976175220 1.4831808243 444.6464249758
-70.6569031664 438.8899558976 -9.7977297598 1.4831978394 444.6515259868
-70.6577446686 438.8949857673 -9.7978419977 1.4832148546 444.6566269977
-70.7056747898 439.1817018623 -9.8042397189 1.4841847426 444.9473921032
-70.7065162217 439.1867317588 -9.8043519110 1.4842017577 444.9524931279
-70.8058052360 439.7802595234 -9.8175905860 1.4862095498 445.5544140371
-70.8066467101 439.7852894038 -9.8177027777 1.4862265649 445.5595150529
-70.8545810181 440.0720039043 -9.8240978448 1.4871964498 445.8502792178
-70.8554223709 440.0770338309 -9.8242099863 1.4872134650 445.8553802580
-70.8562637240 440.0820637573 -9.8243221278 1.4872304803 445.8604812983
-71.1297877416 441.7172928099 -9.8607793393 1.4927621343 447.5188294474
-71.8728490914 446.1589504024 -9.9598066699 1.5077874358 452.0233015379
-72.2703583071 448.5341573177 -10.0127615884 1.5158224027 454.4321240080
-73.0789931738 453.3628830475 -10.1204107848 1.5321575343 459.3292732714
-73.7707242811 457.4903717446 -10.2124258994 1.5461207368 463.5153360601
-75.6905970305 468.9306276211 -10.4674669899 1.5848242943 475.1183707072
-77.6776566693 480.7474286290 -10.7309180941 1.6248039515 487.1039703965
-78.5108976639 485.6954178783 -10.8412402164 1.6415451008 492.1228407054
-79.5081990349 491.6120892393 -10.9731589989 1.6615642308 498.1244248858
-79.5613052065 491.9230614170 -10.9800922927 1.6626167943 498.4399754696
-79.7276858531 492.9091236788 -11.0020696643 1.6659532429 499.4402175954
-79.7277198889 492.9093230115 -11.0020741050 1.6659539175 499.4404198618
-80.0271860110 494.6842383181 -11.0416025320 1.6719595228 501.2408550317
-80.1770219896 495.5721031302 -11.0613760199 1.6749637221 502.1414913268
-81.0842681126 500.9451394609 -11.1810395833 1.6931443223 507.5918981385
-82.0341089317 506.5650420665 -11.3062002862 1.7121607433 513.2928777205
-82.0349638735 506.5700432012 -11.3063117118 1.7121776713 513.2979526310
-82.0358188157 506.5750443358 -11.3064231375 1.7121945994 513.3030275416
-82.0840580442 506.8602831848 -11.3127763547 1.7131597969 513.5923864667
-82.0849128881 506.8652843541 -11.3128877264 1.7131767250 513.5974613936
-82.1847672020 507.4557821210 -11.3260336262 1.7151748584 514.1964866952
-82.1856220868 507.4607832759 -11.3261449978 1.7151917865 514.2015616148
-82.2338643148 507.7460210640 -11.3324951058 1.7161569819 514.4909199259
-82.2347191783 507.7510222264 -11.3326064490 1.7161739100 514.4959948487
-82.2355740421 507.7560233887 -11.3327177923 1.7161908381 514.5010697713
-82.5107529564 509.3828693785 -11.3689263383 1.7216958205 516.1514219677
-82.8878421143 511.6114512221 -11.4185240174 1.7292370498 518.4122256320
-84.8595139790 523.2500859334 -11.6775636201 1.7686219742 530.2195289178
-85.4549656556 526.7604478829 -11.7556949222 1.7805014033 533.7808921717
-86.6858027014 534.0098984195 -11.9170499139 1.8050349299 541.1358584217
-87.5636722333 539.1746201906 -12.0320072553 1.8225138862 546.3759176948
-87.6075761839 539.4322595055 -12.0377386308 1.8233858768 546.6373338856
-87.7088814187 540.0236681112 -12.0508982249 1.8253878179 547.2375007267
-88.8663352183 546.8250784902 -12.2022101995 1.8484065871 554.1383541454
-89.3702307567 549.7835590980 -12.2680303246 1.8584195404 557.1401620198
-89.7147582776 551.8044623299 -12.3129923229 1.8652594515 559.1907157714
-90.7034238374 557.6026253355 -12.4418624430 1.8848838982 565.0739768922
-90.7683766745 557.9830636789 -12.4503174384 1.8861715752 565.4600127610
-91.0498493710 559.6323411907 -12.4867649542 1.8917538395 567.1335334845
-91.1075906698 559.9696430576 -12.4942203997 1.8928955949 567.4758231276
-91.1234307554 560.0623588451 -12.4962696028 1.8932094169 567.5699046075
-91.7296079537 563.6085774755 -12.5746312232 1.9052127468 571.1684123733
-91.7454568063 563.7012884352 -12.5766797595 1.9055265578 571.2624905575
-91.8032077479 564.0386545018 -12.5841364144 1.9066685297 571.6048451122
-93.2685536120 572.6107995912 -12.7735983021 1.9356837758 580.3033970681
-93.3241590393 572.9353194481 -12.7807717292 1.9367822939 580.6327245066
-93.3392914514 573.0237147706 -12.7827256717 1.9370815093 580.7224270198
-93.9775624137 576.7515885530 -12.8651028922 1.9497002962 584.5054441812
-93.9927007520 576.8399833492 -12.8670560086 1.9499995132 584.5951471575
-94.0483113995 577.1645265416 -12.8742273626 1.9510981107 584.9244984243
-95.5405891330 585.8702266398 -13.0665971842 1.9805677225 593.7592657817
-95.5974082670 586.2014945453 -13.0739231109 1.9816891157 594.0954510112
-95.6129543252 586.2921452168 -13.0759278320 1.9819959810 594.1874468973
-95.8919691773 587.9190915900 -13.1119114897 1.9875034248 595.8385370260
-96.2356501847 589.9224535593 -13.1562220945 1.9942851523 597.8716477574
-96.2512039457 590.0131036536 -13.1582271735 1.9945920200 597.9636443846
-96.2833210912 590.2002933844 -13.1623680248 1.9952256921 598.1536145218
-96.3083567259 590.3444241902 -13.1655574054 1.9957137760 598.2999383907
-96.6987818142 592.6193748697 -13.2158807678 2.0034149647 600.6086966790
-96.7586600424 592.9640169232 -13.2235063658 2.0045820667 600.9585850411
-96.7750413642 593.0593815556 -13.2256157201 2.0049049045 601.0553693902
-97.3659263998 596.5005984309 -13.3017220875 2.0165543223 604.5477769978
-97.3823196322 596.5959732191 -13.3038317855 2.0168772003 604.6445733777
-97.4423040359 596.9412195487 -13.3114706891 2.0180463492 604.9950753902
-98.1225309961 600.8998475746 -13.3990309877 2.0314476209 609.0126755930
-98.3130199179 602.0078002037 -13.4235333271 2.0351984679 610.1371512340
-99.0311666160 606.1831896222 -13.5158753364 2.0493339283 614.3748556486
-99.0946095075 606.5479579590 -13.5239478156 2.0505692250 614.7451882771
-99.1122626124 606.6504862885 -13.5262161436 2.0509163375 614.8492499694
-99.6606955445 609.8369640518 -13.5967045147 2.0617041261 618.0833476543
-99.6783602025 609.9395058646 -13.5989727126 2.0620512894 618.1874245887
-99.7419285903 610.3049956667 -13.6070586432 2.0632890291 618.5584896123
-100.3311828626 613.7263921147 -13.6827277836 2.0748723515 622.0310823153
-100.4787811072 614.5830572149 -13.7016801831 2.0777726708 622.9005761503
-100.6071365857 615.3275265379 -13.7181507489 2.0802931906 623.6562089867
-100.7548183573 616.1844440235 -13.7370991550 2.0831943863 624.5259655802
-101.4479623522 620.2047219720 -13.8259977584 2.0968056762 628.6065276138
-101.5319389258 620.6870984005 -13.8366686787 2.0984392998 629.0962756624
-101.5583540364 620.8401670555 -13.8400539297 2.0989575518 629.2516437132
-101.9119412236 622.8897632716 -13.8853777431 2.1058969059 631.3320097380
-101.9383727803 623.0428677453 -13.8887632561 2.1064152850 631.4874158795
-102.0226129449 623.5267330168 -13.8994648136 2.1080539531 631.9786762080
-102.5489941314 626.5761849790 -13.9668917429 2.1183787080 635.0739598546
-102.6102838905 626.9280960709 -13.9746776123 2.1195705104 635.4312532378
-102.6271932409 627.0259778197 -13.9768426857 2.1199019236 635.5306084111
-103.2052459839 630.3726487626 -14.0508522249 2.1312332038 638.9276407621
-103.2221659421 630.4705374488 -14.0530171378 2.1315646458 639.0270045721
-103.2835395254 630.8229292263 -14.0608133536 2.1327580762 639.3847859862
-103.8762217807 634.2521307514 -14.1366630328 2.1443690051 642.8656549207
-104.0328821156 635.1582121253 -14.1567018628 2.1474369381 643.7853980759
-104.1379744277 635.7657158373 -14.1701376913 2.1494939380 644.4020711468
-104.2947123893 636.6719876934 -14.1901824945 2.1525625414 645.3220153102
-105.0076252490 640.7923846556 -14.2813194927 2.1665142249 649.5046247709
-105.0868535177 641.2468385371 -14.2913724789 2.1680533498 649.9660428211
-105.1109743801 641.3861359642 -14.2944532688 2.1685250226 650.1074467832
-105.5058254425 643.6668620511 -14.3448986227 2.1762477076 652.4226494915
-105.5299591069 643.8061811264 -14.3479802451 2.1767194589 652.5640769815
-105.6093562877 644.2616189454 -14.3580595054 2.1782619150 653.0264936796
-106.1551599848 647.4125170911 -14.4277792528 2.1889312334 656.2250748729
-106.2250704877 647.8133734872 -14.4366534142 2.1902888522 656.6320787375
-106.2451719912 647.9293360352 -14.4392201376 2.1906815235 656.7497986215
-106.7289496860 650.7203431135 -14.5010029012 2.2001323888 659.5830967852
-106.7490594119 650.8362923346 -14.5035693722 2.2005250210 659.7008049402
-106.8188690867 651.2365422891 -14.5124261383 2.2018805883 660.1071938107
-108.5716311513 661.3362145127 -14.7358852150 2.2360811557 670.3602659682
-108.6341189947 661.6940141491 -14.7437968149 2.2372929989 670.7235674113
-108.6514867269 661.7939511425 -14.7460062900 2.2376314296 670.8250263812
-109.2202658461 665.0666114192 -14.8183515654 2.2487141180 674.1475327875
-109.2376449012 665.1665519104 -14.8205630038 2.2490525668 674.2489971843
-109.3001897818 665.5246604049 -14.8284869970 2.2502654582 674.6126128776
-109.8608969005 668.7488344100 -14.8998204229 2.2611841575 677.8859565739
-109.9570628438 669.2992430176 -14.9119953435 2.2630483774 678.4448356395
-109.9905645059 669.4917686820 -14.9162535013 2.2637003789 678.6403007892
-110.2619633939 671.0485453395 -14.9506957281 2.2689727995 680.2209327161
-110.2955096563 671.2412791873 -14.9549590938 2.2696255109 680.4166106763
-110.3915791673 671.7911214260 -14.9671124908 2.2714878133 680.9749148862
-111.1762479753 676.2978625893 -15.0667162509 2.2867504547 685.5505396527
-111.3086757347 677.0553891555 -15.0834569788 2.2893162195 686.3197365963
-111.4916195098 678.1053932434 -15.1066591568 2.2928722621 687.3858113361
-111.6242657012 678.8642354420 -15.1234553022 2.2954424782 688.1563427566
-112.2142136857 682.2492419910 -15.1983721561 2.3069065674 691.5931902228
-112.2730530904 682.5857134280 -15.2058216784 2.3080462179 691.9348488385
-112.2891654532 682.6781254263 -15.2078675125 2.3083591957 692.0286772516
-112.9096224764 686.2316593381 -15.2865298279 2.3203946941 695.6368288857
-112.9257472915 686.3240856059 -15.2885758184 2.3207077260 695.7306734951
-112.9845750152 686.6604864265 -15.2960197355 2.3218471374 696.0722604264
-113.2857182122 688.3842433237 -15.3341622750 2.3276854429 697.8225403968
-113.3541630160 688.7764361459 -15.3428400184 2.3290137453 698.2207554194
-113.7729904491 691.1709158045 -15.3957727496 2.3371240538 700.6521647644
-113.8085843294 691.3747835749 -15.4002792099 2.3378145339 700.8591654897
-113.8395523238 691.5520259091 -15.4041981920 2.3384148494 701.0391355437
-114.1097676771 693.0959273241 -15.4383510740 2.3436442733 702.6068773861
-114.1643191951 693.4077527989 -15.4452507299 2.3447004586 702.9235137759
-114.1790397086 693.4919841004 -15.4471144211 2.3449857501 703.0090420114
-114.8635022031 697.4078540484 -15.5337634685 2.3582488703 706.9852254233
-114.8782289283 697.4920844245 -15.5356271247 2.3585341623 707.0707538158
-114.9327840826 697.8039181746 -15.5425263945 2.3595903769 707.3873989699
-116.3192492130 705.7261108784 -15.7178053990 2.3864239750 715.4319093150
-116.3738937087 706.0382154836 -15.7247108485 2.3874811311 715.7488367373
-116.3886526716 706.1225348131 -15.7265764282 2.3877667340 715.8344583275
-116.8769505022 708.9120883701 -15.7882912423 2.3972154059 718.6670988872
-117.0734462302 710.0337670423 -15.8131167703 2.4010148018 719.8061291438
-117.0882173724 710.1180847622 -15.8149830257 2.4013004065 719.8917512638
-117.1429218466 710.4301849452 -15.8218905356 2.4023575827 720.2086847241
-118.5508976730 718.4605613169 -15.9996232149 2.4295591018 728.3634949846
-118.6053319829 718.7708464231 -16.0064932776 2.4306101576 728.6785936027
-118.6200182995 718.8545758188 -16.0083471312 2.4308937800 728.7636214591
-118.9506499564 720.7395056118 -16.0500809041 2.4372787399 730.6777842854
-119.3114593728 722.7939741752 -16.0955664285 2.4442382440 732.7641911231
-119.3261640945 722.8777003493 -16.0974198057 2.4445218664 732.8492189781
-119.3807116569 723.1879648458 -16.1042880358 2.4455729198 733.1643168518
-120.9216787774 731.9616478183 -16.2985029294 2.4752938012 742.0744129469
-120.9966631165 732.3877650734 -16.3079438357 2.4767373582 742.5071804359
-121.0189051234 732.5142418877 -16.3107459583 2.4771658153 742.6356286487
-121.4650569323 735.0508415529 -16.3669269269 2.4857589246 745.2117780268
-121.4873060293 735.1773174625 -16.3697282603 2.4861873828 745.3402265593
-121.5623022113 735.6034939444 -16.3791677091 2.4876311410 745.7730543831
-122.1372125055 738.8697624602 -16.4515141297 2.4986963555 749.0903222257
-122.2807424704 739.6851078326 -16.4695791974 2.5014585306 749.9184014942
-122.4330635076 740.5505109411 -16.4887544280 2.5043902762 750.7973166940
-122.5765894758 741.3657779859 -16.5068339413 2.5071521928 751.6253184614
-122.8466159261 742.8994138090 -16.5408442883 2.5123477786 753.1829159146
-123.1548597382 744.6495905260 -16.5796513712 2.5182770048 754.9604531995
-123.2178927006 745.0040819323 -16.5875120639 2.5194782951 755.3205909723
-123.2353243721 745.1028967327 -16.5897027095 2.5198130749 755.4209554436
-123.8183299747 748.4116190247 -16.6630594105 2.5310224763 758.7814494478
-123.8357762214 748.5104618205 -16.6652509733 2.5313573566 758.8818440341
-123.8989083355 748.8655098651 -16.6731248352 2.5325605333 759.2425473392
-125.4233623321 757.5077647161 -16.8647386032 2.5618400223 768.0203172863
-125.4793061989 757.8220892225 -16.8717127497 2.5629052273 768.3396577280
-125.4943478019 757.9071748504 -16.8736002165 2.5631935119 768.4260832831
-126.1781709831 761.7793010243 -16.9594819309 2.5763125292 772.3590657308
-126.1932234982 761.8643920008 -16.9613688481 2.5766008377 772.4454984393
-126.2491893577 762.1788457645 -16.9683434310 2.5776664800 772.7649699525
-126.5933426566 764.1265968383 -17.0115351848 2.5842656907 774.7433635603
-126.6506510347 764.4485264367 -17.0186743666 2.5853566745 775.0704322699
-126.6661424736 764.5360646586 -17.0206152831 2.5856532783 775.1593518530
-127.3306564024 768.2949561044 -17.1039465230 2.5983890454 778.9774387789
-127.3461550978 768.3824805468 -17.1058872616 2.5986856082 779.0663460575
-127.4034284620 768.7042144237 -17.1130227713 2.5997759286 779.3932158896
-129.0049145567 777.7527353687 -17.3136680912 2.6304349418 788.5845568165
-129.0757797664 778.1504049646 -17.3224894030 2.6317826433 788.9885875810
-129.0961348890 778.2651601404 -17.3250346043 2.6321714932 789.1051618478
-129.5956903984 781.0844946060 -17.3875638068 2.6417245456 791.9690948852
-129.6160459145 781.1992025708 -17.3901080476 2.6421132406 792.0856227256
-129.6868025037 781.5963347968 -17.3989325089 2.6434591145 792.4891055853
-130.2160895915 784.5821961614 -17.4652695281 2.6535765669 795.5222415093
-130.2927980526 785.0125850711 -17.4748328965 2.6550351627 795.9595175211
-130.3156002477 785.1410164070 -17.4776863404 2.6554703672 796.0899885546
-130.7587992618 787.6341229299 -17.5330677830 2.6639188768 798.6227879931
-130.7816018073 787.7625007939 -17.5359195923 2.6643539058 798.7532064163
-130.8583735619 788.1932286149 -17.5454871081 2.6658136516 799.1908271845
-133.6937626917 804.1530479832 -17.8999576946 2.7198964095 815.4044301114
-133.7491610790 804.4633386449 -17.9068460297 2.7209480453 815.7197025936
-133.7640772842 804.5470859253 -17.9087050502 2.7212318602 815.8047881752
-134.4653343163 808.4819030889 -17.9960406237 2.7345669899 819.8025594931
-134.4802601320 808.5656483411 -17.9978992574 2.7348508038 819.8876447554
-134.5356588464 808.8759455335 -18.0047876082 2.7359024612 820.2029237153
-136.1543675627 817.9611929794 -18.2064599855 2.7666921820 829.4334497732
-136.2181808236 818.3182729819 -18.2143863927 2.7679024318 829.7962735528
-136.2359609348 818.4178915730 -18.2165976350 2.7682400555 829.8974905757
-136.8211562784 821.6961386003 -18.2893787345 2.7793506215 833.2283544841
-136.8389417638 821.7957560810 -18.2915905958 2.7796882447 833.3295713717
-136.9027454656 822.1527615412 -18.2995188631 2.7808982444 833.6923201441
-137.4375000113 825.1433713707 -18.3659344656 2.7910344889 836.7310897971
-137.5214760695 825.6130784487 -18.3763638479 2.7926264862 837.2083585830
-137.5476335063 825.7594964738 -18.3796148413 2.7931227352 837.3571302826
-137.9321034651 827.9112717403 -18.4273892425 2.8004156977 839.5435054470
-137.9582671083 828.0576871250 -18.4306397759 2.8009119416 839.6922756292
-138.0422665062 828.5274947333 -18.4410716806 2.8025042828 840.1696475118
-138.6623799527 831.9946957368 -18.5180606970 2.8142559456 843.6927073978
-138.7492237186 832.4802101473 -18.5288463042 2.8159015442 844.1860454289
-138.7768271723 832.6345821312 -18.5322756128 2.8164247660 844.3429033909
-139.1389915424 834.6598340810 -18.5772682913 2.8232890846 846.4007743382
-139.1666020521 834.8142085372 -18.5806979716 2.8238123187 846.5576359833
-139.2534594586 835.2997696911 -18.5914941133 2.8254580795 847.0510226470
-139.7435800500 838.0394600059 -18.6523991244 2.8347440095 849.8348744101
-140.0641235872 839.8252737471 -18.6921228805 2.8407974922 851.6496628726
-140.3206503683 841.2545961197 -18.7235618769 2.8456425115 853.1021631134
-140.9964177114 845.0261817656 -18.8065166422 2.8584265056 856.9347081288
-141.0530451005 845.3415308711 -18.8134522462 2.8594954722 857.2551762641
-141.0683634755 845.4269262669 -18.8153303210 2.8597849350 857.3419550256
-141.7597858036 849.2808604598 -18.9001050738 2.8728485845 861.2583386225
-141.7751099360 849.3662551411 -18.9019839255 2.8731380484 861.3451177140
-141.8317421895 849.6816214812 -18.9089243087 2.8742070748 861.6656037682
-142.1031165893 851.1922593780 -18.9421698563 2.8793278826 863.2007833138
-142.1756290375 851.5962407622 -18.9510612979 2.8806972762 863.6113172003
-142.6055774472 853.9902460751 -19.0037263596 2.8888124805 866.0441942489
-142.6738042864 854.3702370981 -19.0120860639 2.8901005648 866.4303522010
-142.9449639815 855.8794831907 -19.0452879296 2.8952166744 867.9641232825
-143.0009203346 856.1909591657 -19.0521411806 2.8962725266 868.2806597951
-143.0160295930 856.2750877603 -19.0539922035 2.8965577061 868.3661544524
-143.5611376479 859.3103509290 -19.1207674743 2.9068466441 871.4507004855
-143.7191464424 860.1892949999 -19.1401046791 2.9098261827 872.3439436723
-143.7342696579 860.2734219569 -19.1419555124 2.9101113650 872.4294391818
-143.7903079875 860.5848915134 -19.1488072212 2.9111672444 872.7459838498
-145.2389071518 868.6417446928 -19.3260369983 2.9384793481 880.9339465631
-145.2950596495 868.9535914966 -19.3328999945 2.9395365339 881.2508828872
-145.3102233566 869.0378425796 -19.3347541346 2.9398221477 881.3365077716
-146.0136088594 872.9455847705 -19.4207544847 2.9530695551 885.3079805817
-146.0287781520 873.0298352079 -19.4226089173 2.9533551702 885.3936058266
-146.0849326855 873.3416859369 -19.4294760463 2.9544123703 885.7105464619
-146.3790772783 874.9750789777 -19.4654404036 2.9599497225 887.3706028775
-147.5638206948 881.5491963079 -19.6102044807 2.9822370946 894.0521889476
-147.6212681771 881.8669585415 -19.6172050628 2.9833144708 894.3751782142
-147.6368211843 881.9531556743 -19.6191039445 2.9836067051 894.4627878457
-148.3256072275 885.7682412991 -19.7031538550 2.9965412391 898.3404635906
-148.3411699987 885.8544347037 -19.7050526385 2.9968334669 898.4280712859
-148.3986265943 886.1722289021 -19.7120531671 2.9979109534 898.7510936142
-148.7635858628 888.1894179228 -19.7564901280 3.0047504180 900.8015135125
-148.8262479820 888.5359284822 -19.7641220853 3.0059252759 901.1537270274
-148.8435756610 888.6318543223 -19.7662347735 3.0062505048 901.2512282006
-149.4595917428 892.0413286847 -19.8413109001 3.0178101384 904.7167191845
-149.4769262831 892.1372528464 -19.8434231467 3.0181353658 904.8142199163
-149.5396002576 892.4838133649 -19.8510547675 3.0193103946 905.1664846797
-150.2435654610 896.3747658667 -19.9367393332 3.0325030214 909.1215346951
-150.4036197920 897.2594517881 -19.9562180245 3.0355026252 910.0207932760
-151.1479916934 901.3723852732 -20.0467764917 3.0494480430 914.2015243674
-151.2164959709 901.7508420353 -20.0551085813 3.0507312541 914.5862213665
-151.2359425915 901.8583097400 -20.0574745628 3.0510956349 914.6954599883
-151.7826443479 904.8793895814 -20.1240040887 3.0613389491 917.7663283351
-151.8020969677 904.9868590816 -20.1263702765 3.0617033394 917.8755697958
-151.8638778222 905.3281774718 -20.1338858248 3.0628606270 918.2225159025
-151.8706543012 905.3653570599 -20.1347047161 3.0629867175 918.2603168776
-152.4566005277 908.6015286581 -20.2059672661 3.0739595151 921.5498788474
-152.5976084706 909.3749193276 -20.2230049365 3.0765824128 922.3362038022
-152.7786556783 910.3738509478 -20.2450074224 3.0799695695 923.3516478365
-152.9192144851 911.1446758319 -20.2619782144 3.0825837760 924.1353672054
-153.6033780282 914.9191047406 -20.3450609041 3.0953820770 927.9722013375
-153.6970243744 915.4324115400 -20.3563602099 3.0971229534 928.4941029453
-153.7278690468 915.6024209661 -20.3601019237 3.0976994367 928.6669282885
-154.0568446791 917.4111128349 -20.3999029982 3.1038330044 930.5057256315
-154.0876588067 917.5808932371 -20.4036387091 3.1044087176 930.6783201014
-154.1814341201 918.0948810950 -20.4149465859 3.1061519061 931.2009148655
-154.7835905846 921.4130099527 -20.4879338434 3.1174034036 934.5740289617
-154.8691212118 921.8816782317 -20.4982350418 3.1189929043 935.0505492956
-154.8956616334 922.0278262069 -20.5014468083 3.1194884906 935.1991223083
-155.2878603025 924.1827914473 -20.5488257516 3.1267964681 937.3899988650
-155.3143846071 924.3287986036 -20.5520358047 3.1272915826 937.5384304415
-155.4000049347 924.7979479186 -20.5623539346 3.1288827163 938.0154403396
-155.9542102197 927.8488809043 -20.6294430199 3.1392284941 941.1170264714
-156.0332451551 928.2817912357 -20.6389636371 3.1406967391 941.5571952615
-156.0567582513 928.4111364624 -20.6418078212 3.1411353618 941.6886910515
-156.5062836508 930.8792069508 -20.6960778832 3.1495053555 944.1979520183
-156.5298228801 931.0086375208 -20.6989239601 3.1499442740 944.3295364701
-156.6088042557 931.4412115605 -20.7084364264 3.1514113831 944.7693647104
-157.3324154878 935.4196834296 -20.7959136697 3.1649030112 948.8140530740
-157.6848008149 937.3562392613 -20.8385033174 3.1714702756 950.7828694157
-158.3122247993 940.8027694803 -20.9143023056 3.1831583429 954.2868638369
-158.3754108953 941.1485448052 -20.9219027802 3.1843310987 954.6384471727
-158.3928325543 941.2441876211 -20.9240048845 3.1846554541 954.7356864718
-159.0162148159 944.6617645603 -20.9991042468 3.1962460638 958.2104638558
-159.0336493508 944.7574258859 -21.0012060846 3.1965704876 958.3077236623
-159.0968155093 945.1030976056 -21.0088009117 3.1977428911 958.6592013914
-161.0176471290 955.6362320008 -21.2402127149 3.2334654203 969.3685462224
-161.3192052177 957.2845550035 -21.2764188487 3.2390561944 971.0446181302
-161.9711924439 960.8545196886 -21.3548302796 3.2511641040 974.6744781221
-162.0326952748 961.1905306015 -21.3622110198 3.2523038023 975.0161510823
-162.0495611706 961.2828234759 -21.3642381985 3.2526168295 975.1099942630
-162.6983457264 964.8309054299 -21.4421756266 3.2646509980 978.7177472076
-162.7152211653 964.9232019159 -21.4442029705 3.2649640427 978.8115956594
-162.7767134037 965.2591672813 -21.4515843052 3.2661035853 979.1532219292
-164.4190195545 974.2364039272 -21.6488157320 3.2965524969 988.2815759976
-164.4758219946 974.5464682915 -21.6556256017 3.2976042177 988.5968739552
-164.4911452665 974.6301492978 -21.6574634415 3.2978880549 988.6819662059
-165.2111039612 978.5612102404 -21.7438110830 3.3112218750 992.6793449207
-165.2140324606 978.5771947116 -21.7441621479 3.3112760936 992.6955992332
-165.2264375893 978.6448891242 -21.7456498409 3.3115057116 992.7644369695
-165.2832690384 978.9549460590 -21.7524614971 3.3125574255 993.0797328865
-166.5147314850 985.6722660716 -21.9000725949 3.3353427289 999.9105949931
-168.1606187799 994.6389608839 -22.0971281596 3.3657592008 1009.0292238489
-168.2181341490 994.9510758639 -22.1039909322 3.3668180810 1009.3466681532
-168.2336327334 995.0354268596 -22.1058454696 3.3671042225 1009.4324512279
-168.9507180940 998.9327656004 -22.1915407688 3.3803256550 1013.3961369778
-168.9662275207 999.0171188814 -22.1933951594 3.3806118106 1013.4819242559
-169.0237426276 999.3292127813 -22.2002582229 3.3816706215 1013.7993477863
-170.7074949840 1008.4803386510 -22.4014844221 3.4127151398 1023.1062602267
-170.7676762432 1008.8065728338 -22.4086590765 3.4138219596 1023.4380764492
-170.7840703991 1008.8955927499 -22.4106167250 3.4141239621 1023.5286145417
-171.4630079100 1012.5792541492 -22.4916355295 3.4266212167 1027.2751971985
-171.4794109357 1012.6682666868 -22.4935931053 3.4269232004 1027.3657296412
-171.5395991308 1012.9945330580 -22.5007684535 3.4280301300 1027.6975787801
-172.2076832373 1016.6161144495 -22.5804153243 3.4403171263 1031.3811276035
-172.4988790415 1018.1940051081 -22.6151233661 3.4456705324 1032.9860383788
-174.2417006366 1027.6362251270 -22.8228634882 3.4777059042 1042.5900012405
-174.4975777202 1029.0211086121 -22.8533339276 3.4824046655 1043.9986544264
-174.5550946194 1029.3323845821 -22.8601836361 3.4834607941 1044.3152738221
-174.5706300420 1029.4164624874 -22.8620337910 3.4837460619 1044.4007949691
-174.6377552301 1029.7797380227 -22.8700288253 3.4849786200 1044.7703065738
-175.2939209640 1033.3257747805 -22.9480787747 3.4970105419 1048.3773860330
-175.3094793720 1033.4098466472 -22.9499293984 3.4972958039 1048.4629054326
-175.3671564071 1033.7210947132 -22.9567825749 3.4983519385 1048.7795266110
-177.1559752068 1043.3883153978 -23.1696303276 3.5311534066 1058.6131593718
-177.2288068377 1043.7809375527 -23.1782709934 3.5324857072 1059.0125730281
-177.2497351449 1043.8938634198 -23.1807561421 3.5328688912 1059.1274487067
-177.7797978272 1046.7536835288 -23.2436884421 3.5425729685 1062.0366578833
-177.8007316167 1046.8666091771 -23.2461734204 3.5429561551 1062.1515343419
-177.8735785666 1047.2593120031 -23.2548172902 3.5442887297 1062.5510301570
-178.4174397525 1050.1899792304 -23.3193263141 3.5542336158 1065.5324320093
-178.4947148897 1050.6064176022 -23.3284941335 3.5556467487 1065.9560785777
-178.5174289382 1050.7288835573 -23.3311901571 3.5560623153 1066.0806623115
-179.0031241343 1053.3473529839 -23.3888242111 3.5649476536 1068.7444197439
-179.0258435960 1053.4698157638 -23.3915196267 3.5653632131 1068.8690013303
-179.1031083993 1053.8862093559 -23.4006816894 3.5667761924 1069.2926018698
-179.5010510190 1056.0304537718 -23.4478625426 3.5740524545 1071.4739703597
-179.5733684266 1056.4201570913 -23.4564394747 3.5753748670 1071.8704196610
-179.9314367707 1058.3496167396 -23.4989129661 3.5819222734 1073.8332827412
-180.6825512376 1062.3950951404 -23.5879608524 3.5956503703 1077.9488626492
-181.1120149908 1064.7057988130 -23.6388235539 3.6034918781 1080.2996875320
-182.2086488149 1070.6054400651 -23.7687998275 3.6235127459 1086.3017927099
-193.5626384203 1131.3612796131 -25.1076149010 3.8297292492 1148.1239451042
-193.9687972938 1133.5237561147 -25.1552785184 3.8370703436 1150.3247498371
-194.9156786577 1138.5640580244 -25.2665132733 3.8541811090 1155.4544282625
-195.8160592712 1143.3529948933 -25.3721571837 3.8704389840 1160.3284166099
-205.6407716191 1195.3682060112 -26.5182688759 4.0470523138 1213.2757608454
-208.6397856175 1211.1607820011 -26.8663104962 4.1006846779 1229.3543391052
-209.0964509971 1213.5612603477 -26.9193103757 4.1088373341 1231.7984439701
-210.9351855454 1223.2188438196 -27.1323426740 4.1416379392 1241.6318180242
-211.0340017379 1223.7368549286 -27.1437678213 4.1433974089 1242.1592937916
-211.3885753010 1225.5974645360 -27.1849061682 4.1497169151 1244.0538340844
-211.4414071020 1225.8747746326 -27.1910560807 4.1506587829 1244.3361989387
-211.5583047831 1226.4884995631 -27.2046282491 4.1527432451 1244.9611049823
-211.6049663411 1226.7334106153 -27.2100453010 4.1535750717 1245.2104803400
-213.0248413666 1234.1803519903 -27.3736468732 4.1788687659 1252.7933391247
-213.8321890802 1238.4114943093 -27.4665921418 4.1932403138 1257.1018208092
-214.1910062492 1240.2911091119 -27.5078256570 4.1996247356 1259.0158223201
-215.0729703589 1244.9083660740 -27.6089667032 4.2153083335 1263.7176466653
-215.2596347200 1245.8850396774 -27.6303542764 4.2186259002 1264.7122281555
-215.3121243089 1246.1596627693 -27.6363696334 4.2195587424 1264.9918872052
-216.0014251935 1249.7650582324 -27.7152610314 4.2318056952 1268.6634313038
-216.1674636161 1250.6334945566 -27.7338636257 4.2347556099 1269.5477934831
-217.3277341600 1256.6965737460 -27.8636474655 4.2553514037 1275.7222571391
-229.7446992546 1321.1731049202 -29.2510624576 4.4744228051 1341.3982110518
-230.1668517642 1323.3508742808 -29.2980835985 4.4818239475 1343.6170177455
-235.2614378669 1349.5038311709 -29.8666465685 4.5707208447 1370.2676376206
-236.0835361790 1353.7029197409 -29.9586625245 4.5849967092 1374.5474343121
-236.9525485573 1358.1290354416 -30.0549513506 4.6000459416 1379.0590809525
-238.1794497722 1364.3663546519 -30.1895751296 4.6212548387 1385.4173489081
-240.0715448673 1373.8682438628 -30.3998204534 4.6535796133 1395.1080733449
-240.4313815210 1375.6693974539 -30.4400077348 4.6597078056 1396.9452592065
-240.7358683467 1377.1901608402 -30.4738952377 4.6648824393 1398.4965754015
-242.8977893648 1387.9364092145 -30.7149902789 4.7014551056 1409.4607860209
-243.0902367658 1388.8870136873 -30.7364939269 4.7046911026 1410.4309135123
-244.0067617360 1393.4090727752 -30.8382429379 4.7200855077 1415.0460402539
-244.2862371076 1394.7833245577 -30.8691344338 4.7247644844 1416.4487621885
-244.2876238120 1394.7901414621 -30.8692887411 4.7247876945 1416.4557204172
-244.3676081970 1395.1831540846 -30.8781845146 4.7261258461 1416.8568881656
-244.4678220223 1395.6757333157 -30.8893296958 4.7278029848 1417.3596816902
-244.4692247326 1395.6826290308 -30.8894853383 4.7278264632 1417.3667203483
-244.6691538208 1396.6651637264 -30.9116627423 4.7311718266 1418.3696350628
-244.8120646287 1397.3673525131 -30.9275206819 4.7335626786 1419.0863944850
-245.3475045759 1399.9944110060 -30.9866722853 4.7425079394 1421.7681162467
-245.4970815113 1400.7266760296 -31.0031871542 4.7450015582 1422.5156843686
-246.2660576723 1404.4923360392 -31.0881554819 4.7578248041 1426.3599968939
-246.3851520656 1405.0754966492 -31.1013375113 4.7598106552 1426.9553401064
-246.5079152045 1405.6745685813 -31.1148572742 4.7618509684 1427.5670106129
-247.2802273992 1409.4510010625 -31.1987594566 4.7747115616 1431.4225195875
-248.1879166887 1413.8716184350 -31.2963452550 4.7897683070 1435.9364184173
-248.1893424102 1413.8785118837 -31.2964950439 4.7897917931 1435.9434593526
-248.1907681686 1413.8854053288 -31.2966447630 4.7898152791 1435.9505002904
-249.9350165130 1422.3327553935 -31.4801454594 4.8185935318 1444.5780038072
-249.9364376641 1422.3395990504 -31.4802950791 4.8186168521 1444.5849950662
-250.5197613383 1425.1487112505 -31.5416804129 4.8281891228 1447.4546897048
-250.5217984598 1425.1585064815 -31.5418923143 4.8282225028 1447.4646967682
-251.3840966563 1429.3092286047 -31.6314698331 4.8423665938 1451.7049887224
-251.6157053532 1430.4231705743 -31.6555290175 4.8461626179 1452.8430081248
-251.6643172064 1430.6541083920 -31.6605021987 4.8469500003 1453.0790594392
-251.8818311414 1431.6941319309 -31.6827991007 4.8504949860 1454.1418194546
-253.1741203575 1437.8813806365 -31.8150721674 4.8715834024 1460.4639679956
-255.2276303142 1447.6532931349 -32.0245043517 4.9048982674 1470.4515144629
-255.2317921521 1447.6728678382 -32.0249299837 4.9049650362 1470.4715312338
-257.3360877410 1457.5598492198 -32.2402909217 4.9386908008 1480.5822618277
-259.4234689378 1467.2421285406 -32.4505778756 4.9717368905 1490.4892338513
-259.4276368114 1467.2611292353 -32.4509833895 4.9718017910 1490.5086905214
-259.4285327718 1467.2652133518 -32.4510704548 4.9718157411 1490.5128726659
-259.5963801203 1468.0292711295 -32.4675339092 4.9744257136 1491.2953227443
-261.1563252539 1475.0755468878 -32.6207689099 4.9985040843 1498.5138385695
-261.1571980127 1475.0794546409 -32.6208477997 4.9985174429 1498.5178433752
-261.2038916914 1475.2889999264 -32.6249613748 4.9992336854 1498.7325675412
-261.4044660854 1476.1891533358 -32.6415591942 5.0023104080 1499.6549470303
-261.5340539159 1476.7675397765 -32.6511257154 5.0042877863 1500.2477506073
-261.5908167953 1477.0248117221 -32.6553197779 5.0051667035 1500.5112457473
-261.5918721743 1477.0295705322 -32.6553849889 5.0051829643 1500.5161206178
-261.5928395447 1477.0339152162 -32.6554428412 5.0051978128 1500.5205720722
-261.5937157461 1477.0378471609 -32.6554946951 5.0052112511 1500.5246007964
-261.7194505348 1477.6265942107 -32.6627172617 5.0072195189 1501.1266880484
-261.7476798317 1477.7635397007 -32.6652881121 5.0076860031 1501.2665375303
-261.8016393963 1478.0228915943 -32.6701639305 5.0085697849 1501.5314960143
-261.8554677806 1478.2753025160 -32.6748369982 5.0094308142 1501.7896335930
-261.9528141446 1478.7217607229 -32.6822889298 5.0109552396 1502.2466702560
-262.0125196997 1478.9858752663 -32.6899072550 5.0118588197 1502.5175651402
-262.0146840878 1478.9947720262 -32.6901929006 5.0118893778 1502.5267262313
-262.1144023802 1479.4481567588 -32.7104515569 5.0134393204 1502.9914139099
-262.1542282408 1479.6330192241 -32.7185734679 5.0140706845 1503.1806986381
-262.1658850870 1479.6881340948 -32.7210313333 5.0142587740 1503.2370869344
-262.1668318912 1479.6925920699 -32.7212322403 5.0142739907 1503.2416487725
-262.1672993220 1479.6947961394 -32.7213303275 5.0142815134 1503.2439039972
-262.2232300745 1479.9544610706 -32.7330286546 5.0151683902 1503.5098024479
-262.2687324351 1480.1594403395 -32.7488357165 5.0158707551 1503.7203657959
-262.3352938680 1480.4551782971 -32.7710896838 5.0168846315 1504.0243247485
-263.0752775710 1483.6035307223 -33.0075949476 5.0277015614 1507.2672538096
-263.1871153771 1484.0273394701 -33.0287876645 5.0291653410 1507.7060902171
-263.8201928648 1486.4604054065 -33.1361943902 5.0375589776 1510.2224937615
-263.9852807099 1487.2510762174 -33.1553568194 5.0402540382 1511.0304641063
-264.0509773647 1487.5479216781 -33.1620488108 5.0412684233 1511.3345909653
-264.0963415858 1487.7540064185 -33.1673257133 5.0419725321 1511.5456762671
-264.1641271675 1488.0599069632 -33.1774140812 5.0430182087 1511.8592571728
-264.3122591395 1488.7273667326 -33.1885160865 5.0452990482 1512.5435543291
-264.3907253728 1489.1001637779 -33.2017088395 5.0465705320 1512.9248891253
-264.4583376882 1489.4335208393 -33.2110286511 5.0477055940 1513.2653068938
-264.4638811778 1489.4590224944 -33.2113709493 5.0477926500 1513.2914077271
-264.4828906193 1489.5852676839 -33.2128139261 5.0482178900 1513.4192358675
-264.5267428422 1489.8025189150 -33.2271101671 5.0489567650 1513.6419397078
-264.5842775543 1490.0153279169 -33.2280131700 5.0496920876 1513.8636942136
-264.5847266467 1490.0167917168 -33.2280644164 5.0496972008 1513.8652267209
-264.6450898529 1490.2339891293 -33.2351521969 5.0504497745 1514.0908239973
-264.7370450204 1490.5502893888 -33.2371327866 5.0515489161 1514.4219395538
-266.0556427406 1494.2037143750 -33.3009496081 5.0645411834 1518.3429708631
-266.6554073308 1494.9939683964 -33.3023828998 5.0678521530 1519.3433410000
-268.0998170097 1496.4209190028 -33.0746944557 5.0746752569 1521.3966399592
-268.5526074588 1496.8380278053 -32.8782834430 5.0768318288 1522.0466741939
-270.9859679493 1498.7646871795 -31.8698721218 5.0877423405 1525.3399930089
-271.1467496691 1498.8826860009 -31.7658798843 5.0884929358 1525.5660173939
-271.2593186863 1498.9635218590 -31.7028471373 5.0890010185 1525.7183005305
-271.3578109653 1499.0557364222 -31.6342220201 5.0895029836 1525.8703690916
-271.6207940581 1499.4895348464 -31.4916087918 5.0911583868 1526.4166969363
-271.6752455075 1499.5486524652 -31.4747207754 5.0914298908 1526.4995771513
-272.0311496598 1500.1093030928 -31.2471926077 5.0936136656 1527.3060230226
-272.1896407899 1500.2932196692 -31.1768974943 5.0944585613 1527.5820974011
-272.2848180519 1500.3986418820 -31.1957974037 5.0949378627 1527.7255857075
-272.4265425779 1500.5435814534 -31.2350375099 5.0956282174 1527.9358660960
-273.9852199835 1501.8764256968 -31.8432154886 5.1028145476 1530.1358937777
-274.4103326501 1501.7497956454 -32.1218690853 5.1045669417 1530.6742255422
-277.0696667584 1499.7458338242 -35.1215397951 5.1192131519 1535.3267530788
-277.7316126952 1495.0190408137 -38.5982395522 5.1399641121 1542.4121017645
-275.3709526698 1492.3232103101 -38.7692376876 5.1525337596 1546.6527324440
-274.9577560845 1492.3508606124 -38.9084927103 5.1540079441 1547.0981597599
-274.7092648441 1492.4877450952 -38.9665070838 5.1549821482 1547.4041851219
-274.6955219984 1492.4992949726 -38.9692617439 5.1550434787 1547.4224193687
-273.8192514881 1494.0553973982 -38.5601347802 5.1609796921 1549.3548226360
-273.7272341025 1494.9035046329 -37.6797499390 5.1651498867 1550.6852674066
-273.7042687985 1494.9752802992 -37.6551187362 5.1654116182 1550.7658874076
-273.7103157275 1495.0468656205 -37.6368080142 5.1656582051 1550.8417314368
-273.6952449417 1495.1439617850 -37.6404425802 5.1659804613 1550.9426387092
-273.6702995243 1495.2105268626 -37.6275720563 5.1662192441 1551.0162272357
-273.6664677669 1495.2229321710 -37.6252839025 5.1662641827 1551.0295347776
-273.6184700813 1495.4598899818 -37.5962673512 5.1670948442 1551.2763243194
-273.6131016510 1495.5114193843 -37.5706959361 5.1672829488 1551.3434487448
-273.6105279155 1495.5696611392 -37.5489402093 5.1674716907 1551.4115540224
-273.5662670432 1495.5994185168 -37.5434587587 5.1676363000 1551.4697442594
-273.5455308528 1495.6442877817 -37.5153019171 5.1678086631 1551.5318098721
-273.5450806542 1495.5843599697 -37.4737330791 5.1680187243 1551.6143007823
-273.5422594226 1495.5415126630 -37.4314922560 5.1681951437 1551.6809687607
-273.5680043268 1495.5844855478 -37.4069898692 5.1683594156 1551.7424813280
-273.6012238778 1495.6146869658 -37.3690883010 5.1685307637 1551.8085841090
-273.6084339086 1495.6712835208 -37.3412573778 5.1687097756 1551.8800796870
-273.6176613962 1495.7186291592 -37.3204508344 5.1688621912 1551.9396632987
-273.6472430245 1495.7441046121 -37.2928066906 5.1690024679 1551.9934558340
-273.6582226449 1495.7837947587 -37.3272582441 5.1691532417 1552.0550695580
-273.6806999117 1495.7446825771 -37.3610655170 5.1693069242 1552.1208282063
-273.6846183535 1495.7228892577 -37.3096414823 5.1694559733 1552.1862037344
-273.7122133077 1495.7218672544 -37.3308965209 5.1695800660 1552.2418310060
-273.7912465793 1495.6604740719 -37.4635313020 5.1701655155 1552.4101820187
-273.8347692923 1495.6500269363 -37.5117736232 5.1704028228 1552.4768471519
-273.8529541050 1495.6486881681 -37.5256886331 5.1704828222 1552.5004278447
-273.8696039479 1495.6434035174 -37.5412450085 5.1705647569 1552.5246137410
-273.8836515778 1495.6321126223 -37.5496491740 5.1706347946 1552.5450585097
-273.9014458026 1495.6225836002 -37.5690481447 5.1707317127 1552.5741492546
-273.9252922726 1495.6226525543 -37.6027637613 5.1708709278 1552.6180950015
-273.9640898092 1495.6099298535 -37.6283042226 5.1710299454 1552.6699197185
-273.9986449864 1495.6042012848 -37.6354704896 5.1711528142 1552.7083459410
-274.0081167523 1495.5851704777 -37.6346703517 5.1712286983 1552.7306055798
-274.0154836892 1495.5619757240 -37.6297084455 5.1713222379 1552.7588193743
-274.0156992944 1495.5618267024 -37.6295279583 5.1713234483 1552.7591381073
-274.0625282139 1495.5097413335 -37.6001021540 5.1716076570 1552.8372407665
-274.0972783251 1495.4471340858 -37.5930558042 5.1718777421 1552.9110708950
-274.1505737128 1495.3879330627 -37.5699854625 5.1721835024 1552.9950340579
-274.2365904627 1495.3080294322 -37.5376835855 5.1726254107 1553.1194887386
-274.3252028243 1495.1557372560 -37.4817685571 5.1733037288 1553.3215252917
-274.2457475722 1494.9663736319 -37.4869671560 5.1740744344 1553.5604036916
-274.0737118332 1495.0227113729 -37.3907667113 5.1748411136 1553.8022941918
-274.1254313987 1495.1597428306 -37.3743603735 5.1753948939 1553.9654630786
-274.1516091880 1495.3056948086 -37.3965324245 5.1759284132 1554.1244331250
-274.1811875120 1495.3946103477 -37.3804951812 5.1763180062 1554.2318270755
-274.1945584967 1495.4904909994 -37.3930812773 5.1767022047 1554.3385964200
-274.1537773039 1495.5761299504 -37.3455816567 5.1770948993 1554.4569755819
-274.1517311231 1495.6261452292 -37.2917529720 5.1773965996 1554.5415791267
-274.1750020156 1495.6032792083 -37.2305643914 5.1776773269 1554.6229678246
