X Y Z LocalTime TrackLength
100.0000000000 100.0000000000 100.0000000000 0.0000000000 0.0000000000
100.0004269721 100.0123417950 96.5076242807 0.0116494131 3.4924044053
100.0264056865 104.9722809007 28.5685865290 0.2390233251 71.6573801174
100.0230555094 106.3920538227 19.0562684502 0.2711049979 81.2752190638
99.9969145828 112.8391662038 -14.2656652918 0.3843362681 115.2210882968
99.9311603499 138.3994602791 -94.5940806341 0.6658535376 199.6178415107
99.9177135913 148.7239348922 -117.9753032114 0.7511176038 225.1793555000
99.9530088382 289.8080582783 -296.4543632999 1.5167100097 454.6984257127
99.9174185301 313.0844560955 -314.0219839262 1.6139954312 483.8638505563
99.8581066037 361.1565276207 -344.3240636522 1.8036359374 540.7166328968
99.5156709428 408.9268350409 -367.5999376482 1.9809847566 593.8844596296
99.4559245235 415.6062450409 -370.3699811417 2.0051058887 601.1157895599
99.2687083376 437.4187857331 -378.6455851161 2.0829351438 624.4484037948
98.9304443979 480.5178222719 -391.7626101648 2.2332615314 669.5151087973
98.8511532933 488.9665884011 -393.8442649580 2.2622882404 678.2170930092
98.2033104290 557.1607255441 -405.2138508835 2.4930740035 747.4049162782
97.4079451849 651.6175511696 -405.6323673669 2.8086085861 841.9998099482
97.1821299918 680.9050688612 -402.1834925116 2.9069920737 871.4944266644
96.5503970763 760.3194873595 -383.7707389879 3.1792445776 953.1136715187
96.3452566113 788.8022810837 -373.7369747779 3.2799938772 983.3175406834
95.8992131561 843.9400790747 -348.6361165432 3.4821933550 1043.9354087525
95.4075312969 902.5982596986 -312.1984808298 3.7127378176 1113.0508919129
94.8475256435 964.9407940054 -259.1139282725 3.9861618252 1195.0213449226
94.8185929445 968.1511645938 -255.8752200576 4.0013734777 1199.5816813226
94.6270022583 987.9264550662 -234.5452481433 4.0984115755 1228.6729603548
94.5520907956 995.0894605697 -226.1805664908 4.1351470892 1239.6859850983
93.9367369528 1043.3773129270 -157.6192520257 4.4152132265 1323.6476995997
93.5166128833 1069.7302423608 -105.9861131222 4.6086879165 1381.6499415112
93.1469326083 1087.6255877464 -59.1427035878 4.7760283321 1431.8173239893
93.1258308423 1088.5657978315 -56.2291726458 4.7862405937 1434.8788814239
92.5401381390 1108.5733250555 35.0810868079 5.0985145325 1528.4962580018
92.4377837657 1110.4340758658 52.5807735272 5.1572201412 1546.0957490330
92.2803752550 1112.0879445188 78.6695268044 5.2444278137 1572.2399413366
92.0845742049 1112.1883604534 113.6930445440 5.3612800746 1607.2713560921
91.7313864220 1105.4523989356 181.3831296439 5.5883594183 1675.3480223709
91.7079904957 1104.6976825760 185.7455078646 5.6031271662 1679.7752795787
91.6778052542 1103.6891262278 191.2476325198 5.6217864425 1685.3691870802
91.3357862626 1086.9806853299 255.9110647627 5.8447268031 1752.2050170537
91.0008545080 1060.6337364301 320.5105674125 6.0776280057 1822.0270333360
90.9658244920 1057.3195251873 327.1392101425 6.1023489354 1829.4381779637
90.8513324607 1045.6116353189 348.8288982761 6.1845737010 1854.0885327184
90.7522205642 1034.2019269688 367.8049155595 6.2584382775 1876.2325665092
90.7288376131 1031.5062865266 372.0277174430 6.2751495732 1881.2424843834
90.6659715315 1023.8238650264 383.5763604593 6.3214185205 1895.1135594688
90.6428625828 1020.9240990984 387.7668423520 6.3384170459 1900.2095865940
90.5520537382 1008.9328165191 404.1879808581 6.4062473643 1920.5445958538
90.2686072967 962.6925139518 456.8353921980 6.6401701251 1990.6728677046
90.2072962672 951.1840648467 467.8769856012 6.6933722928 2006.6224691588
90.1213708440 933.7994758089 483.3073422863 6.7709156067 2029.8693603670
90.0117281502 913.8150068872 499.4063352135 6.8565255917 2055.5345781311
89.6294947398 844.9973252894 543.6843121381 7.1297956144 2137.4588676038
89.2290145568 763.9647226419 578.2675327302 7.4240441205 2225.6723518328
89.1661020882 750.7189516598 582.4052471490 7.4703345744 2239.5498744064
89.0569449211 726.2021623102 589.0340058769 7.5550601530 2264.9499538316
88.9109409893 692.1914116207 596.1086679994 7.6709579711 2299.6952337631
88.6258644547 637.8453350885 602.4723115886 7.8535647392 2354.4393539850
88.5460946751 620.4071448269 603.2531089947 7.9117941997 2371.8960993256
88.2103658163 525.2808096346 596.8657819254 8.2302900917 2467.3787719620
88.1669836584 506.7046577026 593.4705057771 8.2932839709 2486.2638535874
88.1348776908 494.0778241996 590.7449633776 8.3363739883 2499.1819097736
88.0823439193 469.3678593044 584.4128321696 8.4214702137 2524.6931062027
88.0054764665 418.2792570269 566.9491631754 8.6016471955 2578.7087947041
87.9196548407 372.0375275819 545.5148259818 8.7717311696 2629.6986752606
87.7745084824 330.2170879686 520.7811465278 8.9338698323 2678.3066112071
87.6931546083 304.1819778491 502.5027240815 9.0399887992 2710.1202657111
87.6304063879 283.2456930941 485.9564105323 9.1290123694 2736.8088502219
87.5768772462 269.3935175734 473.9705895374 9.1901175372 2755.1277105954
87.5722270257 268.2620076670 472.9515099515 9.1951969880 2756.6504908505
87.3380509233 202.1625578042 400.3843624588 9.5231266299 2854.9613327023
87.3177807737 194.4614507593 389.7876181321 9.5668232093 2868.0612315119
87.1684762676 152.3550068562 318.4702261907 9.8433905955 2950.9740462015
86.6878356347 108.9049082661 181.5495711579 10.3242086915 3095.1197452977
86.6670602090 107.8746221720 175.0387153680 10.3461970509 3101.7116862920
86.4135371905 102.2389695463 92.5603846876 10.6222643462 3184.4745774415
86.2712328214 104.2210348409 54.3712112169 10.7498524934 3222.7245294804
86.2267178443 107.1013875263 29.3213738485 10.8339677810 3247.9416482313
86.2026124022 110.8960592293 6.1651529751 10.9122463876 3271.4089744679
86.2013678284 111.1797226618 4.6718955830 10.9173164380 3272.9289365335
86.1972019435 114.1450739483 -9.6771621005 10.9661927699 3287.5816854608
86.3069891826 147.3553926109 -108.7599316565 11.3154259570 3392.2791748174
86.3106507611 148.6068807386 -111.4817506622 11.3254187292 3395.2749309962
86.3601908638 163.9086822444 -141.7763633530 11.4386507182 3429.2210155264
86.3854041947 176.2098511468 -162.9294785791 11.5202826158 3453.6936328573
86.7303754365 253.3529617484 -259.2371073051 11.9329552914 3577.4098218675
86.8523450075 278.0232639936 -281.7426206412 12.0443644104 3610.8094238016
86.9558470360 300.6366201521 -299.9216534922 12.1411616089 3639.8284829326
87.0405007693 322.5329675829 -315.6159215504 12.2310342550 3666.7716139145
87.0597935263 327.1814240063 -318.7276440000 12.2496934734 3672.3655040037
87.2165895279 366.2797368367 -342.0941433774 12.4016816740 3717.9304077901
87.3212791762 399.3028737980 -358.3011831356 12.5244172541 3754.7255969269
87.6213208950 544.0550760845 -398.3381571156 13.0271828918 3905.4510137451
87.6800268344 603.3858834963 -401.9609512207 13.2255672759 3964.9251450787
87.7428472594 692.1832909307 -394.2139288557 13.5232861954 4054.1790337380
87.7824011317 727.6627357293 -386.5732908633 13.6443730205 4090.4799386033
87.7840390356 733.3369890738 -385.0983998886 13.6639293419 4096.3427732906
87.7966034933 798.9478181313 -362.5891494657 13.8955018594 4165.7664595486
87.7859332409 815.3222702174 -355.3166697585 13.9552690185 4183.6841951323
87.7271575908 862.7466690767 -330.0095994132 14.1346660259 4237.4660531189
87.7094238138 882.2446374200 -317.5774901623 14.2118075416 4260.5924881565
87.7034408488 891.7819659914 -311.0211516730 14.2504134185 4272.1662333292
87.6926038349 906.2316373305 -300.4535557017 14.3101301612 4290.0688544886
87.6845345898 912.6891135936 -295.4644377159 14.3373503003 4298.2292428222
87.6773541933 916.8944767205 -292.1227408029 14.3552674803 4303.6006755353
87.5736515530 953.6934136510 -259.4539167307 14.5194742694 4352.8286201339
87.5415930944 964.1626845472 -248.8804300755 14.5691093045 4367.7088224654
87.4969720798 980.3503861025 -231.2176045381 14.6490345441 4391.6697967209
87.4889438027 982.6518193942 -228.5629331180 14.6607539924 4395.1831971005
87.3250519132 1023.0261577091 -174.7191813629 14.8854106017 4462.5335455087
87.0626046458 1067.9188379167 -88.0739801612 15.2114209991 4560.2690119432
86.9562596490 1078.9166684594 -57.6708572729 15.3192876715 4592.6066152382
86.9196679882 1082.3517185158 -46.6689924373 15.3577340796 4604.1325528878
86.6884619691 1096.8246579560 16.0172213001 15.5724818485 4668.5123047570
86.3991475847 1103.1345163941 78.2168861769 15.7811580690 4731.0718517290
86.1434389601 1102.1370194163 134.1342532148 15.9678010006 4787.0259834365
86.0908416511 1101.3179923602 143.9421993363 16.0006316721 4796.8683663532
86.0478620191 1100.5247341015 151.7567561333 16.0268328833 4804.7232879469
85.9900192211 1099.2087928013 162.7022205315 16.0636070787 4815.7479090345
85.9572273410 1098.2966449565 169.3105679263 16.0858595930 4822.4190416433
85.7885715002 1092.8252163244 200.1402076376 16.1903237773 4853.7366048160
85.4207466876 1077.1213953807 257.5727702528 16.3890526256 4913.3140038913
85.1472789123 1063.3842291522 293.5206164678 16.5174560039 4951.8083559923
84.7844749890 1040.4684948104 340.2726624940 16.6912200145 5003.9014837648
84.0034389598 970.4139488212 436.6897952642 17.0897446622 5123.3761960123
83.9631828798 966.6439808103 440.7117638143 17.1081333456 5128.8889817939
83.5377164795 921.3859388709 482.9048222453 17.3146620291 5190.8047131809
83.1568560829 872.4559033011 518.4528349613 17.5165273440 5251.3224015194
83.1139528136 866.7163590298 522.0619900275 17.5391436117 5258.1025845526
83.1064172511 865.7048898961 522.6868589658 17.5431095039 5259.2915285007
82.7155907274 816.6156899801 549.2775384647 17.7294328620 5315.1498544647
82.6018576238 802.7192580770 555.5746865467 17.7803269979 5330.4075255456
81.8774031469 740.5369659374 577.8967379965 18.0008696544 5396.5245415174
81.8305151801 737.3951175401 578.7851621632 18.0117618139 5399.7899270741
79.8855903772 599.6088108336 597.1313288329 18.4770103989 5539.2679978327
79.6716929917 584.9228429183 596.8088725875 18.5260165807 5553.9596747206
79.6320348866 582.2065267471 596.7027371965 18.5350851270 5556.6783550654
79.2201845378 553.9023725757 594.6840050779 18.6297630315 5585.0620659087
79.2027357266 552.7224323947 594.5638054448 18.6337196875 5586.2482409029
79.1777113188 551.0462743707 594.3883107362 18.6393419340 5587.9337471072
78.9875552468 538.6104808624 592.9049805136 18.6811232224 5600.4594562822
76.9138265912 416.2835996416 560.8819410599 19.1039963337 5727.2336628618
75.9654387368 364.8366783306 536.7497579489 19.2936734707 5784.0974265884
75.7100606006 351.2124988896 529.1007866554 19.3458002601 5799.7246377362
74.8005730044 304.6458502685 498.4119581274 19.5319485380 5855.5304759522
74.3555429300 282.3096112027 480.8145877845 19.6268232970 5883.9732022603
73.3049369463 236.1533436363 436.9601611379 19.8393735293 5947.6941490424
73.2176582381 232.6779324776 433.1680159634 19.8565340148 5952.8387305288
71.5812295911 175.0889436488 355.4731398105 20.1797321945 6049.7311146626
71.2393846852 165.6931801587 339.1063894545 20.2426961702 6068.6072313890
71.0178898030 159.7559267807 327.9715988870 20.2847955792 6081.2283107014
70.9764025101 158.6419087849 325.8063655322 20.2929190866 6083.6636756265
70.6725256731 150.8000275452 309.7968876605 20.3523946819 6101.4940025952
70.4156897744 144.7785222261 296.4094591271 20.4013690713 6116.1761483445
70.0214939330 136.1379163874 275.1226804804 20.4780176832 6139.1548145247
69.0253529816 118.7374251224 219.7880971095 20.6716408039 6197.2015546376
68.6364873115 113.5007662773 196.6747722264 20.7507102883 6220.9059799365
68.5724172857 112.7450791678 192.8537318252 20.7637045723 6224.8015662546
67.1404384340 103.7777041040 107.9009313771 21.0490563650 6310.3478812891
66.8533171520 103.7506510102 90.6856002275 21.1064914456 6327.5664775176
66.2798553136 105.3253887433 58.1510307751 21.2151795125 6360.1503285854
65.8079044845 108.1873546256 31.6743403227 21.3040358023 6386.7887636078
65.2724050180 113.0394511770 2.4729036964 21.4028072249 6416.3996800077
64.3147550366 125.7970101957 -48.2143660840 21.5772641244 6468.7005306522
63.9379551987 132.2594855278 -67.7838371034 21.6460245091 6489.3143664935
63.5165756598 140.2732416968 -88.9266453502 21.7214647602 6511.9307753474
63.5051334860 140.5022354250 -89.4903693601 21.7234947221 6512.5393422750
63.4774839482 141.0601278608 -90.8561529965 21.7284167718 6514.0149348615
63.2617788532 145.6121668647 -101.5796094438 21.7672834648 6525.6668706737
63.1915714648 147.1499300271 -105.0474470404 21.7799394138 6529.4610267738
62.8118935934 156.0386922765 -123.8275229018 21.8492618807 6550.2433705475
62.8019422949 156.2810441087 -124.3124327906 21.8510704358 6550.7855614298
62.7187457096 158.3323148047 -128.3647779543 21.8662233166 6555.3282784549
62.6847216711 159.1861556943 -130.0255614738 21.8724533891 6557.1960061944
61.5350382211 191.5793619008 -184.0945296516 22.0828672153 6620.2764743072
58.9431551072 286.5499831048 -287.1944935574 22.5520993953 6760.9487988497
58.8748346835 289.5499326044 -289.6284280953 22.5649874396 6764.8125353038
58.3032692269 315.4333577519 -309.1216814966 22.6731064209 6797.2257787805
58.2131529309 319.6510140158 -312.0563486795 22.6902482634 6802.3647712077
57.5799094207 352.5749106751 -332.8957483194 22.8202681541 6841.3437414030
57.3188791826 367.2284961331 -341.0752374660 22.8762556569 6858.1283648475
57.0726110380 381.8146456500 -348.5993607966 22.9310101747 6874.5433488360
56.5666306894 414.0486016534 -363.1508910946 23.0490177044 6909.9211041150
55.6317302610 476.5957221702 -384.0302241985 23.2691435897 6975.9131751217
54.5161620231 548.8156145987 -397.3627346893 23.5143732474 7049.4311705377
54.0825624863 577.0934092788 -399.6079996037 23.6090191065 7077.8052743096
53.4730445294 615.7183672644 -400.0712044634 23.7379162480 7116.4476527752
53.3400871290 623.9410762556 -399.7776310802 23.7653656461 7124.6767711635
53.0957753791 639.4573081717 -398.8571575430 23.8172215189 7140.2227635506
53.0275122366 643.8740214440 -398.5101402603 23.8320012942 7144.6536264039
52.8552916188 654.8144268483 -397.4770022827 23.8686622540 7155.6443003147
51.1156221207 761.4171747583 -374.3275117871 24.2332717370 7264.9514916555
50.7574472124 783.5520208935 -366.3409945600 24.3117822148 7288.4883309973
50.5635206357 796.0650133026 -361.2860525451 24.3568042412 7301.9855885647
49.7878724904 843.7584978491 -338.2221107715 24.5336161458 7354.9924519550
49.0359291355 885.1943760043 -312.6741384828 24.6960771503 7403.6970233524
48.7100476755 902.3694140861 -300.3430669227 24.7666170220 7424.8443357836
48.2190209575 927.1606366130 -280.4468505666 24.8726807686 7456.6414354621
47.0527196009 982.1000566502 -225.4073631731 25.1323762551 7534.4961791982
46.8475721425 991.2430524125 -214.3924729278 25.1801326208 7548.8131707454
45.6081106269 1041.3205380921 -139.3120764027 25.4815987431 7639.1904433106
44.2936045580 1078.1432455704 -52.9943680080 25.7951466003 7733.1897314371
44.1830068879 1080.4436237184 -45.5841916373 25.8210308341 7740.9496256080
43.6811246252 1089.3435638820 -11.8431297587 25.9374644463 7775.8555323288
43.2980817588 1094.6700172421 15.1127158675 26.0291382343 7803.3386317762
42.0334333615 1101.6219105051 107.5618008815 26.3388560757 7896.1897092308
40.4218631174 1084.8689505751 226.4385987130 26.7402890613 8016.5363205321
39.5602321869 1064.6809141719 286.7435057095 26.9525815220 8080.1799892204
39.5001527549 1063.0092982838 290.7966978314 26.9672076089 8084.5647774768
39.2824982695 1056.4332716135 305.8511249175 27.0220127098 8100.9949258500
38.8330542882 1041.5390656461 335.7695895205 27.1335232502 8134.4249329733
38.4491955233 1027.4613927661 360.1421354866 27.2274301754 8162.5775099608
38.3397581101 1023.3176372772 366.7571813911 27.2534701331 8170.3840889440
38.2556242330 1020.1513783309 371.6641095332 27.2729517040 8176.2245139484
37.8411548389 1004.1594153531 394.6985209504 27.3665107321 8204.2727940537
37.5220199859 990.6946056620 412.1520862264 27.4400543655 8226.3206112753
37.1588650502 974.2384841926 431.5087076585 27.5248189471 8251.7323832349
37.0295944762 968.1389775384 438.2015180537 27.5550275056 8260.7886767310
36.4258247648 938.1990785157 467.8552673518 27.6956461446 8302.9450715254
35.1482489256 863.9973953141 523.7224671769 28.0059332120 8395.9667987515
34.9513065917 851.1805123045 531.3674066692 28.0557194290 8410.8923241626
34.6241123076 830.2605629151 542.7827166050 28.1352276006 8434.7282644621
33.3008836140 744.7358688060 577.1517074640 28.4431724354 8527.0478075182
32.1370693977 669.5461887636 593.3965662859 28.7000360064 8604.0535639459
31.9831269974 659.2683405722 594.6818697963 28.7345907512 8614.4128107243
30.3207660818 545.2197123516 594.1110468055 29.1160805672 8728.7806037346
29.4049572520 482.7408716673 582.3612721166 29.3283078790 8792.4047412481
29.0407414284 458.9707240147 575.6456792125 29.4107178148 8817.1106083310
28.8030616246 443.6308349934 570.6100760178 29.4645808389 8833.2583292656
28.3193844669 412.6703933987 558.7196294069 29.5752396925 8866.4330071167
28.1361678472 400.7053050965 553.4924349260 29.6187988986 8879.4917223373
28.0328357730 393.9820129644 550.3920147311 29.6434977131 8886.8962368687
27.1721005481 340.3850280623 521.0417610010 29.8474775185 8948.0478334979
25.8949955188 275.1596180135 471.9817138137 30.1200634885 9029.7670489654
25.4324714813 253.5161795100 451.5131193136 30.2194556614 9059.5640614958
24.6249875332 217.8990458940 411.4617909587 30.3983606477 9113.1984150403
23.8654084831 187.0848713268 368.1490254991 30.5757700297 9166.3843976187
23.8270668414 185.6842323970 365.9272482067 30.5845317689 9169.0110995662
22.8501819811 152.2379480290 302.8900612289 30.8227956925 9240.4408195189
22.5082385481 142.6470108889 279.5429258880 30.9070053165 9265.6862194120
22.3080273927 137.3883192809 265.0666060204 30.9583870792 9281.0900771614
20.4940845287 111.2274665987 134.8140656247 31.4029496846 9414.3666393558
19.9295982992 110.2880528873 94.1716024791 31.5386062181 9455.0354323591
19.7575673057 110.6374799030 82.3723837313 31.5779865163 9466.8413430064
19.3377069682 112.6315962043 54.1465007188 31.6723973131 9495.1449768436
18.0056477932 130.7463467860 -38.0743256970 31.9863822073 9589.2752854712
17.2772439532 147.4242828704 -85.4938082495 32.1541415696 9639.5682646183
16.9372155135 156.6131585500 -106.5609559850 32.2308213342 9662.5562700472
15.3496584506 207.8336385533 -192.9116851539 32.5663391410 9763.1419885384
14.6080049580 235.2465239690 -226.7196791120 32.7115936077 9806.6881694229
14.5991092471 235.5847930693 -227.1011253757 32.7132944790 9807.1980775533
12.0998122814 342.0024588017 -317.4502709560 33.1805638809 9947.2819756561
10.0349040584 442.3886600725 -365.9640427108 33.5533170775 10059.0305934743
9.7137182524 456.8593917919 -370.7942835147 33.6042176634 10074.2901980723
9.3781454433 472.3385369586 -375.4176878982 33.6581184757 10090.4492475894
9.0847854167 486.1378129865 -379.0860854768 33.7057584801 10104.7313548057
8.2610565932 526.6356693878 -387.4132598824 33.8437424375 10146.0978918398
7.5208134160 564.3946193610 -392.0608156723 33.9706958486 10184.1575545014
7.3129595147 575.2349923832 -392.8536965813 34.0069594577 10195.0291056372
6.0970222841 637.7490886207 -392.7713619713 34.2156611882 10257.5963001006
5.9859184739 643.2206913616 -392.3877182068 34.2339611621 10263.0824913811
5.7239630333 655.9598290510 -391.2546540289 34.2766323205 10275.8749766709
5.0343634403 689.4744790444 -386.6758797420 34.3895077168 10309.7141571265
4.7026622459 705.4267670834 -383.6838837305 34.4436601417 10325.9486381558
2.1123426876 821.3368056514 -344.4735352464 34.8529848004 10448.6611165959
2.0658636704 823.3259927271 -343.5068160219 34.8603637191 10450.8732595668
0.5897971958 885.3261064935 -307.4483563074 35.0998603223 10522.6725276666
-0.2685085439 918.5145861563 -282.6627593741 35.2381037305 10564.1168460744
-0.7299040198 934.3033136725 -269.2401171244 35.3072517496 10584.8468916370
-1.1860488336 948.6516056698 -256.0214290336 35.3723483645 10604.3623571380
-1.4810692069 957.5609592985 -247.2748519922 35.4140069675 10616.8512860658
-2.6471818049 989.5101953054 -211.9212009507 35.5730585265 10664.5337312101
-2.8420124303 994.4410739222 -205.8204286231 35.5992325982 10672.3805164982
-3.4714461305 1009.5383791010 -185.8487871771 35.6827774347 10697.4266180509
-3.6796634199 1014.3105179183 -179.0705835050 35.7104375678 10705.7189131421
-5.3245400873 1047.1065538871 -124.4189482806 35.9232628558 10769.5223193468
-5.4867459137 1049.8409169102 -119.0381082565 35.9434033171 10775.5602746102
-6.8575148324 1069.9470190988 -73.2624108998 36.1103032846 10825.5956135927
-7.2184879501 1074.3798182190 -61.0900289930 36.1535328272 10838.5554981455
-8.4524519002 1086.7911877623 -19.7822285148 36.2975144425 10881.7200877240
-9.1006737889 1091.7382738514 1.8148653474 36.3714579217 10903.8877755926
-9.4204650484 1093.8155394751 12.5072881190 36.4078071349 10914.7849901729
-9.7933999557 1095.9224581783 24.9495976875 36.4499207967 10927.4103422512
-10.7520631163 1099.8531840576 57.1186061369 36.5580912146 10959.8390058537
-11.2915485562 1101.1392630213 75.3733919219 36.6191633611 10978.1479664694
-11.7321502661 1101.6938984278 90.2556982270 36.6688632861 10993.0476221236
-11.8590035580 1101.7727807902 94.5443759479 36.6831774923 10997.3389109139
-13.6216021912 1098.9337734130 154.8590332207 36.8847997316 11057.7837267271
-13.7970633496 1098.2545564333 160.7842570029 36.9047023148 11063.7503679781
-15.9031745068 1084.6471776228 230.7560956288 37.1427796496 11135.1241499441
-16.0141690691 1083.6522353294 234.3801975008 37.1553211358 11138.8839909017
-20.2560775168 1025.1185863387 366.2921800877 37.6385937346 11283.7655343085
-20.8095256197 1014.5412219669 382.3109414995 37.7026554932 11302.9707577780
-23.9305052445 943.9282939519 463.9647410817 38.0636228555 11411.1860680418
-25.5744908283 899.6417513134 500.4623034595 38.2552399395 11468.6314131141
-29.2895066470 777.0157653778 565.6886745040 38.7202434992 11608.0360282229
-29.9284607359 754.2196908778 573.3287501787 38.8004752235 11632.0888839981
-30.8617001277 720.4795898277 582.4458622690 38.9171222308 11667.0587648021
-34.4249558127 589.3102712782 594.8217120811 39.3581167874 11799.2656518491
-34.5067028099 586.3422035394 594.6924295959 39.3680303498 11802.2376614977
-34.8572272616 573.6816831221 593.9374300893 39.4103537803 11814.9259005917
-35.9743713508 533.5166379779 589.3539865437 39.5452901781 11855.3788022380
-37.1353010857 492.5833253328 581.2228155163 39.6845897106 11897.1397387030
-38.6649784244 440.0195149348 565.2769481513 39.8679812453 11952.1191256724
-39.4473988553 414.2024101893 554.9940661279 39.9607269867 11979.9235884686
-41.6066211389 346.7987463152 519.5170872336 40.2151604287 12056.2008101080
-48.1892671951 186.4338200393 355.8775304305 40.9867010536 12287.5031280110
-48.4109458117 182.3718806724 348.9958102971 41.0133670256 12295.4973812173
-48.6575840637 178.0037405433 341.2923129296 41.0429185671 12304.3567059842
-49.2699660901 167.7160625171 321.7532389931 41.1166107436 12326.4490551844
-49.9706604782 156.7818515054 298.2798944904 41.2030291398 12352.3566280239
-49.9870220580 156.5405159995 297.7242971257 41.2050504370 12352.9625973498
-50.7782065778 145.6052114822 270.2918787721 41.3036075535 12382.5092661800
-51.4485436586 137.5598888269 246.3205152827 41.3879899759 12407.8064695899
-53.7351050798 119.2905773696 159.4282937769 41.6846785330 12496.7514632387
-54.3548388402 117.7264360436 133.4676425599 41.7715048512 12522.7812872008
-55.5980764170 124.2831445845 79.3851415743 41.9537150822 12577.4064818829
-56.3637191724 135.6546255455 45.4426405132 42.0732824477 12613.2518163175
-57.7303390094 176.2456351772 -17.6229812042 42.3247069969 12688.6269720729
-57.9944553331 187.3791453099 -28.9727927809 42.3777597979 12704.5317655909
-58.5198690224 210.5952601503 -48.2269317904 42.4784583649 12734.7203806621
-60.2716616675 313.4002279179 -88.7593732829 42.8508658755 12846.3654449196
-61.5572006539 389.1376183333 -85.6683426496 43.1048576623 12922.5102408600
-64.0340789109 506.0643714235 -19.4562625154 43.5603352304 13059.0592283067
-65.2457310879 548.4673272762 45.1678045751 43.8193559624 13136.7116675920
-65.3721848411 551.7191825973 52.9893514854 43.8476159933 13145.1837907635
-65.4979929076 554.5094403225 60.4721837393 43.8742597159 13153.1713579736
-66.2777455976 565.6591754854 108.2087223836 44.0381330974 13202.2993002634
-66.9952426998 566.1483715461 156.8656693357 44.2007921272 13251.0631889770
-67.4490901699 563.5081378930 176.4215194387 44.2666511974 13270.8071986934
-67.7035167194 561.3323514153 186.9785518111 44.3026200916 13281.5903758334
-68.6319845709 549.9591557046 222.2308890458 44.4263686216 13318.6891909720
-69.4472141894 535.0775049117 251.5793280722 44.5362692698 13351.6365181107
-69.7800832898 527.6867526716 263.0029736814 44.5816746857 13365.2486874671
-70.2076743528 516.6725951081 277.6345417997 44.6427936456 13383.5716502081
-70.2276496507 516.1335345724 278.2913931931 44.6456288290 13384.4216145300
-70.4288599293 510.5656298508 284.7969708456 44.6742013536 13392.9874207104
-70.8958566374 496.5287545233 299.1965972712 44.7413214691 13413.1094813030
-71.1602436661 488.0081032877 306.7701086672 44.7793620495 13424.5137327679
-71.3705727183 480.6319974202 312.7296254396 44.8110034562 13433.9995643552
-73.0335762433 417.6103479258 346.8687394185 45.0512076903 13506.0109467923
-73.3186731985 405.6570817115 350.6699932355 45.0930634929 13518.5589706945
-74.0055395911 377.6171355697 356.8259307327 45.1889156459 13547.2946681114
-74.9214643755 340.9539600252 359.2900049602 45.3116775712 13584.0977060547
-74.9767269540 338.7361827139 359.2421996848 45.3190793339 13586.3166927016
-75.6789304796 310.6069893479 356.7167000566 45.4133764209 13614.5861934802
-76.5244560167 277.1528107166 348.9123414421 45.5280993996 13648.9792172337
-79.3003725234 183.6434088954 290.8004239965 45.8995054034 13760.3240374471
-81.5635394582 138.2545046134 221.2550219182 46.1782900347 13843.9015600044
-83.0984051140 124.0637615518 170.1297947157 46.3557598283 13897.1056052281
-83.3626286311 122.9295928533 161.3355063040 46.3853531288 13905.9774313344
-84.9832141203 124.1282222580 104.1093809577 46.5768639200 13963.3908650350
-85.6513294001 129.0391724261 80.4497612789 46.6575398005 13987.5768352196
-89.4584514019 210.9177998697 -40.5641332938 47.1543256697 14136.5098384503
-89.9571309391 229.8541427739 -53.2873451978 47.2304759924 14159.3390823676
-90.2177571691 239.8195520732 -58.9100251205 47.2686576238 14170.7856194131
-90.9806061241 268.8976038677 -71.7749862486 47.3748400712 14202.6182575855
-93.6253943429 368.5097472244 -83.2783472302 47.7124778984 14303.8395872186
-94.7441462165 409.9811100722 -74.4055118962 47.8542111005 14346.3300684066
-95.2579818582 428.0013327201 -67.8146142124 47.9182573734 14365.5306150868
-96.0933794782 457.0110921610 -53.1680612894 48.0267910619 14398.0681369654
-96.1766440218 459.7145676891 -51.5164155924 48.0373623829 14401.2373308409
-98.1892321415 514.9095783014 -3.0711454198 48.2834792572 14475.0212814097
-99.1682769019 535.3749529217 26.7943750838 48.4044229958 14511.2792401947
-107.0498469997 519.7767059945 269.3742580613 49.2641560079 14769.0224185970
-107.0930900638 518.9884459439 270.4082689311 49.2684954389 14770.3233437279
-108.1610798720 497.7499921790 294.3795522030 49.3754660724 14802.3922737671
-111.0666477595 427.4789993783 340.5394318731 49.6578634823 14887.0528831993
-111.1349043511 425.6542856098 341.2785028911 49.6644343615 14889.0227778661
-117.5297359228 255.5238904572 338.9970903083 50.2470832722 15063.6971084986
-118.5029960403 233.4570564367 327.9403878217 50.3295212289 15088.4113348484
-119.0375337386 222.1746376999 321.0146714976 50.3737232875 15101.6627466454
-121.3255408297 178.0938835516 282.7840141838 50.5691055809 15160.2368280277
-121.5795483079 173.6823707942 277.6198614240 50.5917775682 15167.0337012217
-122.0582811307 165.8341513461 267.5582485266 50.6343783607 15179.8050664921
-122.3987348174 160.5946896951 260.1065150084 50.6647872619 15188.9214026889
-122.7657377291 155.2966493282 251.8393745114 50.6975655386 15198.7480581408
-123.5655203735 145.2109941598 233.3398354147 50.7679283422 15219.8422498527
-123.6192711417 144.6588403736 232.1839669482 50.7722050025 15221.1243568388
-125.9603005116 127.2496585259 178.5455911740 50.9610035183 15277.7246693701
-126.2546270734 126.0962691405 171.8413625605 50.9837171631 15284.5340310978
-130.9613963919 136.8096116235 62.1614818039 51.3555599912 15396.0098103243
-131.0326471686 137.3991681510 60.5682081405 51.3612317611 15397.7101594865
-131.5260798009 141.8401926045 49.6128100840 51.4007024400 15409.5431421842
-137.0353826295 228.2322760291 -49.8720618317 51.8474195735 15543.4658073357
-138.4382337226 258.4509273052 -65.3235252545 51.9608379529 15577.4677211351
-140.2903351555 300.5488624751 -78.1634731933 52.1080197374 15621.5916456503
-140.7882650023 314.7048403701 -80.4283456933 52.1558884987 15635.9423048916
-141.0509079523 328.3769916009 -81.5567555912 52.2016654361 15649.6658523401
-141.6396948948 354.0514538520 -81.3142295864 52.2873818177 15675.3629242601
-142.2191923242 379.9549075645 -78.0070396572 52.3745611894 15701.4985889983
-143.4990668060 430.1555778677 -62.0752837009 52.5507458714 15754.3173661391
-144.2711947603 457.4133871874 -47.2887515831 52.6543013406 15785.3624561490
-144.3274861446 459.4337709517 -45.9848087235 52.6623245653 15787.7677517955
-144.6912725889 472.0321634995 -37.1060510992 52.7137615379 15803.1881317399
-144.7316599004 473.4366191100 -36.0298412831 52.7196651384 15804.9579817740
-145.1888794203 489.3288159939 -22.4744452915 52.7893860834 15825.8597491891
-145.2137944952 490.2127643356 -21.6385061548 52.7934451498 15827.0766233147
-145.2347732385 490.9625840321 -20.9220792725 52.7969051352 15828.1138980097
-147.8596724098 552.6695384573 87.4314609918 53.2188283901 15954.6034970330
-149.4941666432 557.0751330056 161.3914754061 53.4672326769 16029.0731978227
-151.5059089693 525.0659185333 253.6770623915 53.7958429741 16127.5881313441
-152.0383668095 509.6706260791 275.3578597228 53.8846180112 16154.2021638257
-152.6997147410 486.8473624659 299.5858932218 53.9957794517 16187.5274647034
-153.3217639354 460.9207221870 319.9048340316 54.1057677373 16220.5010628027
-153.4638716775 454.3987681619 324.1149294304 54.1316671702 16228.2654974000
-153.5068951392 452.5332996793 325.2589330427 54.1389680587 16230.4542426697
-153.6174665283 447.8015350278 328.0487675346 54.1572948547 16235.9484633746
-154.8919098911 386.7460606775 351.7958882211 54.3766763105 16301.7173216548
-157.7625962612 247.0716914125 337.0986985561 54.8538054274 16444.7573373615
-158.0392832157 234.4491149084 330.8542319737 54.9007975703 16458.8451933865
-159.4385772399 181.0380032962 290.9103442723 55.1241353009 16525.8001148765
-160.6081082046 148.2296968118 248.0929445600 55.3045426462 16579.8848152096
-161.8641556451 126.0850891556 195.9508286251 55.4940993265 16636.7124194328
-162.2118493529 122.4394408237 180.8284958813 55.5460113543 16652.2752169084
-162.8466643570 122.8749193546 148.3733327546 55.6552141050 16685.0132115280
-163.7562413013 164.5500132469 95.9476307596 55.8862349641 16754.2725031889
-163.8070814243 171.0464233505 93.1328939971 55.9098587644 16761.3546084576
-164.0687157326 213.9193997412 89.9356302219 56.0553920683 16804.9844238412
-164.0122999951 254.0417730458 112.4602164308 56.2114571614 16851.7716702815
-163.8328335643 274.4416301316 171.9607578551 56.4277271332 16916.6085453017
-163.8306320583 273.5194730602 178.8330592128 56.4508623198 16923.5441697754
-163.9019661053 267.5483960748 197.6253306802 56.5168256283 16943.3192357209
-164.2803538246 237.6707342180 231.0862722267 56.6687786458 16988.8736805444
-164.2884956156 236.7269811687 231.6507691938 56.6724470570 16989.9734185149
-164.5030067709 197.6395992766 242.1484349030 56.8092093561 17030.9736941362
-164.6403033635 181.4902969077 240.3976746993 56.8635101087 17047.2524251426
-164.7086319796 173.2672079797 238.1507114376 56.8919575851 17055.7806110385
-164.3278822695 120.7536927110 170.9697223238 57.1930826287 17146.0579181848
-163.9559643600 136.6927625189 117.9274407083 57.3820228467 17202.7011985859
-162.8352850952 203.9144451515 88.8311625398 57.6372150410 17279.2072786102
-162.4377296934 234.0096145428 97.8900103412 57.7427386768 17310.8422880379
-162.4099820466 235.4918629731 98.7173917778 57.7484019830 17312.5400678075
-162.3728581540 237.4055449537 99.8462454691 57.7558145134 17314.7622410932
-161.0551905088 262.0396228252 205.9852627758 58.1619377276 17436.5200521430
-160.8475020883 253.8313021094 216.5187141300 58.2065368574 17449.8903284586
-160.7253177258 245.2516981279 224.3832277876 58.2454025442 17461.5417776577
-160.4918277047 222.5687104436 236.6162755796 58.3318351573 17487.4533959108
-160.1731675763 188.2837529930 239.7480251378 58.4477778705 17522.2120054545
-159.1776456792 123.4377818473 173.7451939007 58.7808426648 17622.0653788752
-158.7574443341 127.5538992964 137.5187300068 58.9035948238 17658.8654404619
-158.7401624538 128.4560119031 135.1783407324 58.9119622553 17661.3738798692
-158.5764492334 167.2408271005 94.6382755153 59.1038284306 17718.8943770418
-158.4806347390 181.5705780152 89.6880307455 59.1544691752 17734.0758695035
-158.5306190670 270.7824678806 135.1610552724 59.5168112503 17842.7071384567
-158.5031100414 275.7627014566 153.7530955218 59.5811962682 17862.0090425720
-158.4990332837 276.2824003267 158.6638585969 59.5976720280 17866.9482520148
-158.7487978989 263.8614789876 206.5768570095 59.7657167347 17917.3270032494
-158.8953523802 209.6580091060 240.5292159130 59.9852598328 17983.1451948056
-158.8885878571 204.0100524873 241.0548693971 60.0041851256 17988.8187430864
-157.2062712411 129.2266612905 134.6485425615 60.5219963824 18144.0640532526
-157.0336497441 138.6384803608 118.0309121755 60.5858694847 18163.2124882900
-156.5707034292 166.7725872076 94.7292629071 60.7087890069 18200.0627241521
-156.5245015522 169.8289433422 93.3260739901 60.7200088840 18203.4262880598
-155.6602144897 254.0476004203 110.1139972022 61.0253961689 18294.9815153014
-153.8821634355 242.9294780175 226.9563425407 61.4696031169 18428.1579220655
-153.3456489556 223.7556975596 236.6818439127 61.5415814743 18449.7362483434
-152.3592513008 180.2503884797 238.1026571943 61.6890729088 18493.9531115779
-152.1944844185 173.8265340543 236.1369049067 61.7114951898 18500.6750127981
-149.5687660849 131.9741544692 199.6017819187 61.9012118002 18557.5510667952
-149.2694164132 129.2946888866 193.8881181983 61.9222931159 18563.8709629710
-148.0425005783 123.6574676230 169.7178569147 62.0055968056 18588.8445456855
-142.2706469799 179.1223825391 90.8320891464 62.3537626239 18693.2255317022
-138.4868648059 257.2489268840 113.9624884157 62.6401842189 18779.0945865731
-135.5896121661 272.5716360186 185.9752542574 62.8975626094 18856.2561407333
-134.8514650018 264.0730681071 204.3703326178 62.9654182902 18876.5985187779
-133.6556043121 244.9921123561 224.9016818108 63.0594975076 18904.8025415337
-125.2046790267 127.2493586379 134.5498539107 63.7173541441 19102.0395711593
-123.9024603610 142.5875257682 110.2297057864 63.8140099306 19131.0160355616
-121.7386373627 186.7684071546 87.1366698629 63.9837308425 19181.8973198719
-121.1987743434 199.1389714913 86.3096418352 64.0251654565 19194.3189020277
-118.8991504011 244.5591760213 102.0793873690 64.1883009648 19243.2258704962
-118.1635114816 256.8425395162 113.9779656882 64.2455037423 19260.3745959453
-113.7054731539 266.2564710257 196.5288396929 64.5383199566 19348.1608598412
-112.7640762197 257.3666624063 210.3660353647 64.5933977490 19364.6725334311
-112.7428995457 257.1320698318 210.6517518618 64.5946329378 19365.0428252319
-111.1981288788 235.7702501570 228.4133301868 64.6880285866 19393.0419163907
-107.6585171599 169.5173086690 231.6606525356 64.9180173646 19461.9918184497
-105.3954095824 136.4609723043 204.0187272700 65.0641392628 19505.7980953927
-103.1882945968 123.0460925051 164.7605413519 65.2043260025 19547.8250142216
-101.4961772346 128.0058905212 133.3267408584 65.3115140061 19579.9589886433
-99.9701513026 143.8608046374 108.1524234943 65.4114817432 19609.9283552346
-99.7867925551 146.4978003999 105.5037837266 65.4239648693 19613.6706218414
-96.1829245252 207.0093397802 84.9213319536 65.6440873692 19679.6625534062
-95.0779952216 228.2879122260 90.5094430847 65.7177974044 19701.7600155952
-93.5451607975 251.5797044863 106.3779502430 65.8125664718 19730.1708453003
-92.0933409084 266.8245504845 128.5276291958 65.9028546883 19757.2383398153
-90.5732679183 273.4677443270 156.6919161109 66.0001947289 19786.4199341572
-88.7954257795 268.4528238000 186.8796823502 66.1031219960 19817.2765533702
-86.2988937855 242.7296699785 220.3184975156 66.2461839305 19860.1654542323
-85.5432769982 230.4507350978 227.5738081686 66.2938870306 19874.4662587274
-85.3645852866 227.4721096094 228.8883457836 66.3047647177 19877.7272357538
-82.9289771456 179.7914098159 232.1223913364 66.4671778891 19926.4176515007
-82.0512569384 164.8830051291 226.4791780998 66.5205165913 19942.4079553004
-79.3876065088 128.0530716190 184.6733551994 66.7108971408 19999.4830784043
-73.2867188399 204.7032137246 85.7528991574 67.2066794834 20148.1237593607
-73.2396719991 205.9260933602 85.8398823800 67.2107720425 20149.3506492715
-72.1586395702 236.8822196931 95.3972475369 67.3198014690 20182.0366704072
-71.8821821407 243.2879876308 99.4891099426 67.3451829484 20189.6456974014
-71.3886376029 251.6848774153 106.4099072802 67.3815522722 20200.5487527650
-71.2591113620 253.6412471533 108.3409970580 67.3907323940 20203.3008225244
-70.5157984727 263.2698225353 120.4368241789 67.4424414865 20218.8025833244
-61.2923792803 196.0495894931 235.3196124913 67.9900596878 20382.9856708983
-60.2306441194 176.8495031318 231.7966366594 68.0554582803 20402.5914231695
-56.0677239160 126.2826153139 170.6418307535 68.3359518762 20486.6832699106
-50.4028662917 195.0403843251 86.3727226544 68.7415236265 20608.2760725394
-49.7642382197 213.4318466176 87.3993107821 68.8031537380 20626.7520645189
-48.1516299287 255.7841818105 111.5905592943 68.9692938996 20676.5598414212
-47.2865866855 269.8743753602 135.6418451958 69.0628021533 20704.5926821195
-46.4079142005 274.1587518486 172.1401919889 69.1868056838 20741.7678951843
-43.7018087195 207.3297670878 235.1226383153 69.5190539715 20841.3766637047
-43.6754914017 206.3679945174 235.1959246740 69.5222726909 20842.3415887506
-43.6653271652 205.9759810919 235.2222791782 69.5235837292 20842.7346187554
-43.2038828749 186.8888588128 234.0467958149 69.5875430329 20861.9088823197
-41.7318804053 130.9498128598 185.1630159896 69.8474617606 20939.8321320500
-41.6081017804 129.2851493644 179.5709825158 69.8669349697 20945.6699313888
-41.4985950937 128.2690383339 175.0138574935 69.8825163102 20950.3409990936
-41.1519315274 127.0203353761 158.7240716086 69.9371382966 20966.7160152156
-40.8764272352 128.0775765960 148.4239795553 69.9717137106 20977.0812738262
-40.8417118866 128.3298251684 147.0584899807 69.9763471953 20978.4703250092
-39.4541637945 168.7636390651 94.7345027761 70.2054513585 21047.1550575122
-39.1614732168 206.1490267933 87.4829431362 70.3338870172 21085.6590135524
-38.2464098823 262.0638527749 119.0516824994 70.5550899313 21151.9748874834
-38.2276202729 263.1011632079 120.5695776521 70.5612230623 21153.8135111605
-38.0250215668 271.3963501543 137.0875603621 70.6230191036 21172.3392448160
-37.8849386788 275.1881908146 154.0278369541 70.6810541512 21189.7374648588
-37.7155475869 271.8660557969 184.6765141072 70.7846433896 21220.7925351608
-37.6002155978 268.5120319178 193.0731280444 70.8148278097 21229.8414233535
-37.5785388002 267.8316063431 194.4749550242 70.8200262257 21231.3998327080
-37.5171718227 265.6620403301 198.5242697839 70.8353534693 21235.9947249508
-37.1664151701 231.5813491641 229.1870373774 70.9908441748 21282.6097788051
-39.3166343327 149.8310744158 215.5594458711 71.2843643416 21370.6072188085
-40.0869086447 135.7145145138 196.4185377700 71.3641230796 21394.5180324500
-40.8126220369 128.1196128365 171.1638376311 71.4526600662 21421.0605109338
-41.7837558435 135.4464133963 129.7285643706 71.5952275442 21463.8011741234
-42.9178861655 168.5744593982 97.0119659690 71.7535639353 21511.2693689601
-43.1328566944 176.8357785027 93.5392224604 71.7834879349 21520.2401850226
-45.1951885650 255.5995172360 112.5564695405 72.0685499766 21605.7017630187
-46.0728959724 273.8999845367 147.9365622049 72.2032681622 21646.0892120981
-47.5468331219 237.1670527793 226.6126844925 72.5141725295 21739.2987394379
-47.9460336997 213.4467349941 234.6017999555 72.5981220939 21764.4659342852
-51.0442152598 128.4491228465 166.4968332078 73.0067188034 21886.9658402177
-51.5257905864 129.3680582201 149.4166002611 73.0639266243 21904.1160616362
-52.1048903547 136.6216406908 128.1591208539 73.1392020000 21926.6827912047
-54.9491530519 231.8049348598 95.6912115304 73.5116840934 22038.3546158909
-55.3378872798 245.2810346753 103.6807203890 73.5640607897 22054.0565101402
-56.1952242012 270.0506995823 135.7022764732 73.7007072635 22095.0220582416
-57.0291847767 271.7135296880 184.8713362064 73.8682752100 22145.2578946488
-57.6945730577 190.6515310912 234.7206400193 74.2150271582 22249.2152507035
-57.9553486531 159.1027185408 221.4639468291 74.3303694020 22283.7938274464
-58.1566010443 144.2226213765 207.0190314502 74.3997464170 22304.5922705281
-58.5078072742 129.1578267936 169.7711706078 74.5353225759 22345.2369388039
-60.2375170628 184.0538717693 90.4283192661 74.8842726366 22449.8533465710
-60.8586664191 221.6479409839 90.6212208546 75.0111766559 22487.8981173748
-61.2048243754 242.6900807921 100.0466332965 75.0883908880 22511.0461003727
-61.3770712771 253.4226743633 108.5600893232 75.1341509183 22524.7643814101
-63.0768988204 272.9244220016 183.9379051919 75.4072966993 22606.6533251505
-63.4908393270 265.7792296263 199.7910150931 75.4654442690 22624.0852718588
-64.7630416107 210.9853184208 234.7747180215 75.6899186340 22691.3819799708
-65.3740662197 187.3836234385 233.3721598591 75.7691919804 22715.1472704959
-67.3952203679 135.2172345984 189.2017093327 76.0057316097 22786.0612593939
-68.1562091277 131.1300700112 150.6824956819 76.1366991010 22825.3242529515
-68.2465649862 132.1372683338 145.7032647951 76.1536511848 22830.4062478633
-68.5088237483 136.2820422102 133.3022430569 76.1973237558 22843.4987287307
-69.2876239845 167.3231466192 99.1241850175 76.3541667756 22890.5192115801
-69.7476827014 189.4863352548 91.0989707758 76.4331930469 22914.2104297533
-69.8836961192 195.9169220272 90.1384398792 76.4548927984 22920.7157135050
-70.5253675887 221.0473672363 91.9344551763 76.5394151585 22946.0546238699
-72.5349538510 274.9021533468 145.8299207702 76.8062704628 23026.0576120472
-73.2212984002 276.2883704092 172.5981155186 76.8961574040 23053.0047924662
-77.8909250059 175.1522533036 230.1658748350 77.3446609613 23187.4701134462
-78.3008717301 164.2028648410 224.1026412926 77.3864767414 23200.0059467257
-79.2823607230 143.4632812967 202.4389600493 77.4873673870 23230.2519831457
-79.3483609029 142.4569991804 200.7982252004 77.4937917543 23232.1779137155
-81.0459319049 132.2784853385 158.3956806211 77.6414994654 23276.4596210983
-81.0704369970 132.3258523279 157.7804592541 77.6435593733 23277.0771506098
-81.9434632196 138.1908155880 134.5166967786 77.7240307728 23301.2016072850
-83.7654392355 178.8891957883 96.1851805260 77.9159380275 23358.7344727401
-84.5181580860 202.3976224874 91.6881003335 77.9962377446 23382.8074564053
-84.7676838050 213.9422545733 93.6239803985 78.0355496446 23394.5917643542
-87.5723731571 188.2334308808 150.2162741627 78.3882466523 23500.3477414124
-89.7060352539 221.7895212104 93.5467177512 78.7237013519 23600.9320924238
-90.3055439397 228.7354597276 98.7312104208 78.7527757257 23609.6474356836
-90.4655113747 230.4766333074 100.5753978637 78.7612561283 23612.1894743593
-92.5350529635 236.6032727528 129.9831279792 78.8665386177 23643.7512487873
-93.7780030469 229.0607978206 142.9950671819 78.9172868872 23658.9638724891
-93.8307565516 228.6236079444 143.4231827035 78.9193358620 23659.5780578583
-94.3902229292 223.5000035659 147.4144430522 78.9411139889 23666.1062272380
-103.0666793686 215.7604907207 89.0474661929 79.3558273644 23790.4662659866
-103.6180024606 224.3309246642 92.6631940974 79.3870057598 23799.8123183331
-106.0825243699 238.8193790729 123.7702278699 79.5092286572 23836.4530966128
-118.3737702299 189.2787489951 93.6941948167 79.9221779524 23960.2840908372
-119.2221916924 197.0432139668 89.7208429319 79.9515310476 23969.0829702952
-124.6401159125 237.2304124289 126.8346338427 80.1751885193 24036.1389742172
-129.1500271597 194.3915564481 146.8787947949 80.3539680319 24089.7375634606
-133.7598597119 181.7007108525 100.8774282192 80.5369524959 24144.5970334374
-133.8286691430 182.1232911841 100.2830964259 80.5393961591 24145.3295261937
-136.7588680664 207.0840655375 87.7431985900 80.6368971611 24174.5583123415
-137.2215158962 211.7161812174 88.0809607190 80.6524798730 24179.2293188327
-137.6067221828 215.6392644873 88.9217673629 80.6659337098 24183.2621744974
-139.4339140792 231.6371387768 99.8174125384 80.7319996130 24203.0667660064
-142.7191287638 232.7616845600 135.6249550713 80.8604584404 24241.5772140519
-150.3559993118 178.0198210482 125.7513181994 81.1001339861 24313.4368410916
-151.1745891177 177.3604276124 118.2696480305 81.1254096422 24321.0134286166
-152.6816876077 181.0664288901 104.8053174160 81.1727314356 24335.1988308408
-157.2543870916 219.4774125462 90.3213152242 81.3223846792 24380.0640337578
-158.5530662126 230.7650243849 97.8621899846 81.3682950838 24393.8263297937
-161.4642219488 237.8982473392 126.5044745464 81.4719829292 24424.9099767025
-161.6036715310 237.4662502456 127.9438319202 81.4770184501 24426.4193850209
-161.6755321616 237.2228370567 128.6519821950 81.4795281648 24427.1716755886
-167.0073896869 187.4736186241 142.0763409254 81.6803063620 24487.3668530061
-169.1916592946 177.0476726668 121.3309723123 81.7600821461 24511.2815476838
-175.6649284024 220.8330479459 90.2288716792 81.9761737005 24576.0688120572
-176.0248378735 229.7643306211 95.6947153172 82.0112621101 24586.5869364371
-179.7144041245 176.3277236657 118.2110504743 82.4238341598 24710.3057275774
-181.7630361998 196.2274740895 88.3089399359 82.5510854313 24748.4541046609
-183.9382399257 233.8580209160 100.4607684834 82.6932513484 24791.0743373187
-184.1901388356 236.2015498068 104.9490428658 82.7101774313 24796.1480165793
-196.8504925514 236.6109717194 98.9971842013 83.3380939097 24984.4829764349
-198.3689422175 240.9898664273 115.0257476619 83.3943521215 25001.3473089042
-206.7554051764 192.3493836336 88.9296135745 83.8116622530 25126.4878812269
-208.5853762606 237.2733962187 99.9794998584 83.9866458652 25178.9483182848
-208.7397946402 239.6410870619 106.2786513255 84.0091364304 25185.6900085191
-208.8137591883 240.5029205292 110.9957630255 84.0251468050 25190.4891892000
-209.7039468879 229.1148931344 138.1832991600 84.1277576009 25221.2498888591
-210.3884744547 210.4415487973 144.8798264746 84.1950829642 25241.4319971453
-211.2342924485 181.9084649402 126.1282655496 84.3166680553 25277.8815069327
-211.2918778071 180.8649520545 123.2259647855 84.3269620805 25280.9671678128
-211.4422914717 179.6413588188 115.3616478671 84.3536129112 25288.9559538127
-211.8713364495 207.0501487206 83.8877244902 84.5059082471 25334.6133687716
-211.9453186669 210.0700770779 83.7176831056 84.5160067149 25337.6404009321
-213.2387370570 239.3005687888 124.0272055396 84.7076797759 25395.1053959184
-217.0143037397 190.3768908856 90.4764346351 85.0748932808 25505.2186116323
-218.5905994199 237.3084124178 98.7015327996 85.2578335074 25560.0649630061
-218.1571689322 238.7898134640 123.6582381316 85.3435291142 25585.7543343634
-217.8002816480 230.8068103853 136.9297188195 85.3958813463 25601.4476654320
-217.4699698304 221.6503665273 143.0163902244 85.4328272437 25612.5225494769
-215.6248438264 194.4557431336 87.8856110557 85.7370752563 25703.7490267283
-215.3203113578 205.5962998857 84.0959891367 85.7765556762 25715.5836847724
-214.6299256939 225.8792472430 88.5372894755 85.8471166930 25736.7357499201
-212.9329057130 235.7096662264 129.3915102931 86.0009071507 25782.8414782231
-209.9324345596 182.6921792540 106.3500976473 86.2901442263 25869.5657615841
-206.6610747173 237.0779584168 126.3366972523 86.6092035293 25965.2349006977
-206.6324399642 236.8829822351 126.8139962467 86.6109262562 25965.7512848006
-206.1923814070 232.5035468008 134.0372299935 86.6392595415 25974.2443695251
-205.6393200311 223.8763561497 141.0997563723 86.6767635699 25985.4865509635
-201.2982893619 216.5246012436 147.8847101117 87.3305614906 26181.5951037309
-201.0297628200 207.3482585272 148.4782821253 87.3614003974 26190.8392828069
-200.3197306033 180.8881487566 123.6204238686 87.4921486616 26230.0361126520
-199.7377064370 189.6793793530 96.8417765653 87.5895858647 26259.2456439137
-199.5253000611 197.2575623434 91.6737152247 87.6203392874 26268.4641957245
-199.1960666818 238.5514118526 111.5029611112 87.7957079098 26321.0401685377
-199.4297049620 235.8329084649 132.5701171046 87.8684243634 26342.8383902477
-200.1877678306 211.6701307999 149.0708566248 87.9699157040 26373.2633872626
-199.1689739477 215.5789934795 150.2788714504 88.5798045508 26556.1937773402
-199.4355353101 194.1931449038 147.3302202271 88.6537544295 26578.3617625591
-199.5692103197 183.6642124750 137.5176007897 88.7021673171 26592.8741190285
-200.2749715312 197.5806733699 93.2895415900 88.8773247642 26645.3867843265
-200.4437496280 215.6760442056 92.3357553173 88.9389135900 26663.8490428974
-204.6386843258 238.3480037940 129.9439264208 89.7151832555 26896.7261534893
-206.9720787580 186.0578742822 139.4615007143 89.9333688626 26962.1418110188
-210.7668381283 210.9100883350 92.3679026854 90.1552941580 27028.6789682628
-213.7842573569 238.9684842553 116.4266585360 90.2901677674 27069.1126934689
-217.9374425840 209.7436979717 150.5055342719 90.4633377015 27121.0294080972
-221.6405344797 181.2013666497 123.4843663044 90.6067508250 27164.0235874320
-230.0572466666 238.4012319315 115.1909675607 90.9006781895 27252.1551527937
-230.9486882705 238.8078494394 123.5769035106 90.9289596441 27260.6326627528
-231.7256620912 237.3329704810 130.2266311543 90.9518906071 27267.5062954589
-239.9176544122 188.3149741300 140.6222110970 91.1514608320 27327.3395971300
-252.3760761449 230.4987413692 103.4677465275 91.4648494938 27421.3085250934
-253.4000556621 234.5443902840 110.2887332894 91.4916171147 27429.3322373133
-257.8681964573 230.3653142116 139.8963783447 91.5973858852 27461.0396203135
-266.2961583373 182.6122123297 132.8733697784 91.7945400474 27520.1484233993
-267.6309707083 180.1828846195 123.5590564437 91.8270757867 27529.9012120103
-270.5844539681 185.8339861656 103.6077199255 91.8986397902 27551.3538779548
-270.9284253130 187.2358754201 101.8904584809 91.9061265625 27553.5980222774
-271.9384219309 192.2182729518 97.4386588892 91.9287257008 27560.3721785765
-275.7263807889 217.1572999355 93.6870540900 92.0170590979 27586.8522708792
-279.8250267330 237.0493993893 114.8827973020 92.1190597739 27617.4299196390
-284.5932969586 225.1230065021 144.6349832177 92.2344266860 27652.0149894740
-287.5718372077 206.9124001580 149.9187456968 92.2995332023 27671.5317549741
-306.6846078088 238.3691833532 129.5906126701 92.7773143858 27814.8196430692
-315.3491661437 181.1511534260 123.8056430621 93.0491878540 27896.3368270482
-316.4617756969 182.2359165044 113.4737555309 93.0842136078 27906.8360255515
-322.2486139643 224.3522402021 97.6198587796 93.2607729015 27959.7691165606
-325.8473542319 237.6112638393 123.7135671437 93.3638513887 27990.6698897753
-332.0808423834 203.8671470595 150.1525762777 93.5269913922 28039.5791068175
-338.3410625326 182.1965557748 111.2426154615 93.7001852039 28091.5030283722
-345.0735808555 236.3192823967 111.4250873491 93.9270399811 28159.5187075929
-353.8183036437 187.3924991720 104.2278596739 94.3315830496 28280.8330574807
-354.1107727217 190.6282471320 100.8225251420 94.3473078930 28285.5465727041
-360.3876608566 235.4296186829 135.7885083853 94.6158487941 28366.0644062951
-372.8674930459 185.6590255910 134.8894219269 94.8202691108 28427.3522801724
-377.6481421083 183.7011343847 113.4041324249 94.8959444448 28450.0374438124
-378.3651570256 184.8484328798 110.4343042228 94.9068363470 28453.3022663144
-386.8868696066 214.0370963089 94.3873208559 95.0295174323 28490.0802715074
-387.7066161852 217.0323405981 94.9928192134 95.0400790926 28493.2461027710
-388.7458593865 220.7578830694 96.2639641490 95.0536685877 28497.3195330164
-401.1656713685 235.3262108502 133.4676374150 95.2079467749 28543.5715389085
-406.6234437221 220.6961871145 147.3084009494 95.2790095564 28564.8738793527
-417.6652005658 185.1441162145 132.4905340707 95.4270585953 28609.2580980165
-422.3781250414 183.6327636547 114.9651860617 95.4886435117 28627.7190764837
-424.5039736183 186.7823705614 107.0306079058 95.5180799286 28636.5427487389
-434.0587432984 221.3231971068 95.1744506322 95.6541123858 28677.3239105496
-455.3137332455 200.8165346142 148.1294863202 95.9522657947 28766.7238509859
-461.4835662865 184.8870418310 131.7977587592 96.0337402858 28791.1475574805
-464.5568584716 183.9839558548 119.3289292957 96.0769992477 28804.1147805083
-473.0020986118 205.4606100233 96.8062985388 96.1915124945 28838.4438505381
-479.9243572347 230.7510348434 104.5339148017 96.2866737944 28866.9709111741
-512.9228606573 197.4864191064 102.7030418152 96.7510382621 29006.2351687279
-526.8299686387 237.4337299137 116.3047337709 96.9184422764 29056.4230156312
-533.3034913135 236.2615723527 138.4167477762 96.9975606466 29080.1403433575
-535.8971309131 230.5167594623 145.9730156936 97.0305629223 29090.0329132187
-556.7804554082 190.7520826031 110.4012930307 97.3093222809 29173.6159530176
-563.2051373001 212.0427090869 99.5522934017 97.3943598493 29199.1078465285
-584.0953824652 216.3621927873 152.5269115665 97.6785524591 29284.3205694222
-585.5192970571 210.9438453753 152.5435669805 97.6972773989 29289.9333495413
-586.7498624765 206.3789286888 151.6537933126 97.7133511766 29294.7514304711
-587.4901956723 203.6964492669 150.7276409400 97.7231414202 29297.6860136422
-624.2656603732 237.5876851119 136.0926900157 98.1734734120 29432.7405342019
-628.3464360802 227.2691292444 146.9557372473 98.2260133700 29448.4899383104
-652.9173436668 200.6597873451 98.5652466815 98.5268115683 29538.6836038957
-683.4082078032 214.5073856172 148.5809799362 98.8595336971 29638.4533747369
-685.1404939973 209.1612093570 148.2707771915 98.8783385487 29644.0900996573
-687.1265794394 203.1726032103 146.5929097781 98.9001589519 29650.6307545000
-730.4384099309 239.7162803107 131.2269035679 99.3399592929 29782.5256199042
-786.7704399304 242.1250239408 129.1879339658 99.9132169757 29954.4713605028
-787.9158974050 241.3246182409 132.3020346656 99.9246092691 29957.8861480381
-817.9499574371 190.0098565549 118.6029233582 100.2099558343 30043.4453137461
-819.0885886593 190.8207013084 115.8242501188 100.2203378064 30046.5572566387
-822.8629455386 195.7817057415 107.3704232903 100.2555474691 30057.1114838872
-855.4651614600 233.0760666258 141.3680840747 100.5523678731 30146.1122800193
-866.6954522762 207.0273615302 147.9482447950 100.6533990612 30176.3991258211
-871.5520828098 196.5093814097 141.7970674821 100.6974422231 30189.6013590567
-880.3205374473 188.5335897926 121.0060011664 100.7793238081 30214.1470253895
-888.0748386758 197.4182290358 103.6871283658 100.8509747258 30235.6255744239
-949.0042964490 191.0532241833 118.4052364227 101.3782353130 30393.7672847692
-949.0920799918 191.1031723589 118.2065904496 101.3789787796 30393.9901320235
-968.7202223385 226.6846987216 102.1711139054 101.5434434824 30443.2966514663
-987.0554301864 237.7741726564 137.0053555466 101.6917710085 30487.7643787849
-996.5715826496 221.7868227844 149.1697816343 101.7679410360 30510.5977142175
-1003.7469987780 205.3836521844 147.8501664765 101.8286706105 30528.8021505849
-1030.4942979647 210.5577298791 100.5214244605 102.0618517358 30598.7156995187
-1065.6031084863 221.4110333066 149.8044790008 102.3520044222 30685.7167930596
-1067.2527614330 217.6735084725 150.2530314075 102.3657244378 30689.8292985490
-1068.1516458986 215.6025431338 150.2668905496 102.3732591565 30692.0877753435
-1084.5642301481 193.7350203324 126.0296032412 102.5065877471 30732.0580213198
-1089.8734166868 198.6161077420 114.6032596751 102.5521848718 30745.7256755981
-1103.2952857538 226.1348246499 108.5934547557 102.6640128232 30779.2492178171
-1127.6966785306 218.9200239114 151.6839021094 102.8749571816 30842.4950526548
-1132.8091304094 207.1613135263 150.4059509255 102.9183108814 30855.4901933348
-1151.0558686570 196.6190417330 116.3456332937 103.0677787850 30900.2998844699
-1226.4110395148 211.0886966696 108.9574402456 103.6577913364 31077.2998601035
-1256.1764892106 225.2730205467 150.1413190309 103.8745821200 31142.2992059617
-1268.3047891144 202.3053754433 151.1919496537 103.9651147945 31169.4380048590
-1296.8112186966 210.2287522441 109.0163791304 104.1741965173 31232.1252692425
-1333.7153544961 211.8984009240 151.5702703044 104.4462801134 31313.7096936650
-1346.1127573740 193.4015537409 138.5812089911 104.5353346186 31340.4053124598
-1346.1811541701 193.3498624877 138.4612404077 104.5358265783 31340.5527659676
-1361.3851459718 199.7830840069 112.4921101632 104.6436673599 31372.8808161794
-1369.4785414632 213.7435871756 107.7158247522 104.7007779777 31389.9998673529
-1374.8159524930 223.3802920144 110.0130387242 104.7386353791 31401.3473821153
-1389.1224877625 234.3801587732 132.4915121069 104.8402917423 31431.8211987476
-1394.2578856002 230.9330013229 141.1869892456 104.8761187236 31442.5600725013
-1398.6124924625 225.4217976005 146.5793932558 104.9057582665 31451.4442224726
-1413.9818178334 200.4838059576 145.1684294376 105.0093340747 31482.4935238167
-1421.4866643073 193.7381529942 134.2100574513 105.0597421454 31497.6033045947
-1423.1055714002 193.2260866691 131.4367948059 105.0705957774 31500.8564749132
-1430.8188478918 195.5522136005 118.8295564851 105.1211313700 31516.0044813202
-1445.7568960092 217.1368349416 108.2584445736 105.2205818817 31545.8169331602
-1471.1830386940 232.5154583311 141.3177312130 105.3879674458 31595.9996294883
-1480.3855740126 220.2851607571 149.8430539858 105.4474255595 31613.8223892284
-1487.5244493872 208.3135482188 149.3084028150 105.4943793237 31627.8966578412
-1546.0641073824 204.8931957688 132.7122965398 105.9058236428 31751.3612366185
-1567.1792652341 230.7310644184 138.7653147725 106.0550801817 31796.1072393196
-1575.2072353470 221.8360537845 150.8556503633 106.1141888380 31813.8217705676
-1624.7264733250 209.2600814473 154.1243391640 106.4832347962 31924.5475367009
-1627.1640322885 204.6130125290 151.3404028453 106.5031391480 31930.5118943252
-1646.6972441765 223.3409163129 128.2939747773 106.6628700181 31978.3998411954
-1647.1896387382 224.1272990891 128.9176520354 106.6666022026 31979.5181254304
-1651.8471742032 228.9453143353 137.3452493414 106.7031125450 31990.4591267508
-1660.2922507888 220.4988017246 152.5267613234 106.7723431912 32011.2078563612
-1678.0886435601 208.7700167802 127.2726515462 106.9284027943 32057.9945103780
-1682.4803773193 218.3385855048 125.6723050259 106.9645434623 32068.8246945283
-1689.9202275146 229.4156736656 136.5250883083 107.0252199043 32087.0090813656
-1690.0139234735 229.4587457969 136.7262534593 107.0259743596 32087.2351372458
-1694.6556808199 228.0136346933 146.3434173486 107.0625291474 32098.1894197529
-1732.6660927539 226.6335754138 136.6533781358 107.3509235430 32184.6923679242
-1752.9950578539 201.0425213093 143.9455236488 107.5036424280 32230.4768968672
-1761.7951288097 205.2907239001 127.8458764944 107.5694106121 32250.1875538722
-1765.0607733334 211.6778058774 125.0211961268 107.5953223298 32257.9521118963
-1773.7283297256 226.6625702738 133.6168649213 107.6646421638 32278.7274583091
-1779.7980856937 225.5728085572 145.9498300748 107.7120982213 32292.9490019907
-1792.6323202847 202.9783281095 147.5394309010 107.8107242985 32322.5107277677
-1811.5117114718 223.4026065053 128.4551624769 107.9624912099 32368.0096832385
-1821.6200878267 225.5183425790 148.1921983577 108.0422533638 32391.9155054416
-1849.5550968003 220.3218556751 128.4264293288 108.2715234102 32460.6695681278
-1865.6088174185 215.2015951941 154.9965549984 108.4054332484 32500.8123340659
-1873.7736796590 200.6290446588 144.8589830782 108.4753426457 32521.7643024133
-1884.1565313201 212.8365859406 126.6370425192 108.5643442984 32548.4401673365
-1901.8316283116 217.9410803433 153.1031448638 108.7157820201 32593.8403464646
-1906.1127216391 208.2120620998 152.0826405143 108.7519307907 32604.6727771991
-1907.6903195205 205.2666239592 150.0758649129 108.7649763187 32608.5816874290
-1919.5969271701 209.4053600391 126.3301151090 108.8680993130 32639.4916745588
-1962.9955103757 217.0982967445 127.9159784875 109.2232518046 32746.0474438467
-1972.3683630702 226.7037881744 144.2968512199 109.3000305924 32769.0586871698
-1983.9205336288 207.2531595701 154.2913218025 109.3912053553 32796.3860243391
-2002.0960474408 215.9176303606 128.9127163930 109.5413602553 32841.4013769891
-2025.6103784789 196.9893409123 147.0657872243 109.7499852123 32903.9597540625
-2025.6422386435 196.9643967051 146.9940788705 109.7502600191 32904.0420913233
-2038.3566512111 212.5440285541 128.2744941906 109.8550814569 32935.4612570549
-2155.5946452842 184.3178329257 142.1938955778 110.7259458329 33197.2757290180
-2158.7472129153 186.3305693282 135.2360404840 110.7526311424 33205.2718952748
-2191.8944163349 184.7806165185 140.0077808560 111.0442234291 33292.7377943147
-2195.2908446946 188.1733359075 132.6911198517 111.0737727511 33301.5922275638
-2207.2388233755 212.1995287729 139.8647416003 111.1852785482 33335.0156929131
-2207.4114547492 212.2701864996 140.2911717001 111.1868320230 33335.4811382447
-2210.2555134890 211.5361980209 147.3226003744 111.2124669069 33343.1624768511
-2214.6081524351 204.4268144690 155.0538251992 111.2510901414 33354.7362857981
-2217.1249241893 198.4322995554 156.3052156144 111.2733734903 33361.4132593554
-2230.0857064601 188.1520825355 134.9634947221 111.3815555262 33393.8399649682
-2239.6646348200 206.6401394497 131.3640889282 111.4571759231 33416.5036244494
-2260.4903312447 189.9786378660 150.6879225298 111.6259386288 33467.1011264633
-2271.7739740036 194.8624971585 130.3308160422 111.7159444180 33494.0776390687
-2304.4622578149 190.9093774170 134.6948556243 112.0006418882 33579.4738516075
-2309.4933002369 202.6356454313 128.7515599033 112.0491404623 33594.0073567841
-2316.6186470453 215.5588053046 140.5569238119 112.1175965597 33614.5231485828
-2324.1752574036 202.9090558939 156.3912992166 112.1967478621 33638.2452292730
-2343.2122442674 213.1467154420 136.5938330407 112.4081820895 33701.6472843156
-2358.8761612144 186.7999128396 146.6883431567 112.5754050518 33751.7828475907
-2371.1688529645 212.5444459020 138.7694681210 112.7186603281 33794.7283865366
-2382.1269433063 193.1545575477 157.6899181192 112.8386809249 33830.7051186289
-2386.8706883207 184.6260422724 144.8386808775 112.8949041053 33847.5538436830
-2388.3499187241 185.3853301897 140.0947544570 112.9117816060 33852.6107970673
-2395.0934710136 203.6187242802 131.8625350683 112.9906967065 33876.2619272685
-2395.4090383033 204.5335293240 132.2551806990 112.9941826128 33877.3063398399
-2423.8051602584 212.4529542857 135.1092136216 113.3241482944 33976.3008330749
-2431.9575806682 208.2613338519 156.2250930407 113.4106483847 34002.2259619265
-2448.5238834902 208.1749007388 130.7286161298 113.6083721122 34061.5135693879
-2488.3112259084 186.6392550720 155.4942143564 114.0847942002 34204.5354774701
-2495.7529623591 191.3990809014 133.2449143040 114.1746732315 34231.4736040906
-2496.4552093553 193.7901445380 132.4197737864 114.1834458073 34234.1019828078
-2508.4561807360 196.3574041965 159.1670153942 114.3490830376 34283.7617973356
-2511.9956956748 183.8659908797 150.7970619410 114.4028074029 34299.8613418292
-2517.7133544671 194.2427154824 130.6634925252 114.4906624061 34326.1925709633
-2521.9413962142 210.2353563495 139.8386283436 114.5586157108 34346.5572784767
-2524.9905338064 208.3519850097 153.5071339547 114.6074157040 34361.1807969098
-2539.5703865809 211.1216115254 149.1185728604 114.8894128491 34445.7685389799
-2544.5745296758 183.5410649409 147.8628861469 115.0226827309 34485.7187319007
-2550.9151306499 210.7251612227 147.3116913249 115.1840901187 34534.1095075555
-2551.3301089711 210.0569973566 150.1451492793 115.1939208283 34537.0548829623
-2564.7176865806 209.6907848476 138.2005945549 115.4544014660 34615.1816746461
-2565.6335217111 211.3174999392 143.3962798859 115.4729232491 34620.7311703648
-2566.1714213410 211.2756969321 146.6835610784 115.4840757625 34624.0725787012
-2569.1374395903 201.2507739652 158.5962986578 115.5396288824 34640.7200618114
-2575.4119024519 188.3668922682 135.4753219112 115.6670307827 34678.9101785177
-2580.3068211565 210.4474119321 142.2356449425 115.7617789932 34707.3079571479
-2580.8164379108 210.9173136688 145.1802621410 115.7719006718 34710.3404924651
-2591.7508988675 194.1724319272 130.0958291868 115.9895992968 34775.6236396472
-2616.1593499820 207.9874975268 143.2878662118 116.3722743210 34890.4625151501
-2617.9827887122 204.2365508593 152.2865824516 116.4062291098 34900.6366110151
-2624.1160686238 181.1272571471 140.7903928865 116.5238746857 34935.9005254823
-2625.0434340401 182.8582591304 135.8178031839 116.5418552314 34941.2877448889
-2638.9099974627 182.2377451141 131.3245488266 116.8456164627 35032.4145694201
-2642.9140794344 205.7316705081 135.9068831797 116.9464945677 35062.6501278719
-2647.8296466619 179.3115689645 143.0562978030 117.0964027107 35107.5909907722
-2649.6032915116 193.1158469299 125.7805126446 117.1813449094 35133.0483228705
-2654.7687611893 177.1197345932 139.1543826016 117.4012668386 35198.9993212242
-2658.1080945449 202.3597587275 131.6787665037 117.5189621612 35234.2779630033
-2666.3396052579 197.4387657512 130.5872803143 117.7944347634 35316.9086132684
-2668.0679429862 202.0887022119 147.0624730726 117.8558176032 35335.3031036072
-2673.4693701624 181.6161695541 132.0157260055 118.0248341112 35385.9767822532
-2682.5194846430 179.3251928539 139.2218127439 118.2877443207 35464.8351565664
-2687.3742630732 194.2847559746 157.6191962744 118.4772815537 35521.6666177452
-2691.2306231189 182.4313224472 133.1288470255 118.5976785573 35557.7553352586
-2692.5475534995 192.1763686078 129.8074347839 118.6331392692 35568.3804220581
-2696.1539469319 194.5942454416 156.3933665414 118.7630079421 35607.3099342985
-2706.6535413195 182.0033264514 144.1012269046 119.1295023424 35717.2911845378
-2711.4467515969 204.7296058525 135.1539813345 119.2339247124 35748.5891308581
-2722.4915151411 204.0182875578 139.4202597102 119.5305451936 35837.5735051894
-2730.8129824883 178.1099096965 158.2010318873 119.9541356228 35964.7249134235
-2734.8764059021 202.3420587255 146.3324435240 120.1179564241 36013.8396049896
-2735.0569441631 202.7065028427 148.4484002952 120.1251529815 36015.9955783702
-2744.3505529453 200.7839161536 147.5997744868 120.4054624950 36100.0811105558
-2765.0924390470 173.2607913778 159.7862613842 120.8062113732 36220.3649084961
-2786.8716014338 173.9330641728 147.8243911281 121.1325162337 36318.2701680421
-2788.2579078074 186.7710914496 138.9835600047 121.1876499529 36334.7909519491
-2788.8400262690 196.5520144076 143.3211226802 121.2243594663 36345.7899417549
-2790.2535861178 192.7370481080 163.7557048400 121.3048069170 36369.8989034112
-2790.3663119176 190.7456813201 164.6274977449 121.3120783792 36372.0772814681
-2790.4336777093 189.6048981958 164.9608746490 121.3160537463 36373.2681989786
-2793.4981889345 189.1864291915 137.7259330629 121.4755212556 36421.0766806147
-2794.6430513859 199.2091893104 155.4900124263 121.5537393191 36444.5171836546
-2796.4682251525 174.5748040189 149.7022867543 121.6800919022 36482.3916137792
-2795.7605957547 179.4138766355 163.0476958298 121.9124025733 36552.0634225106
-2797.0543496210 195.0832540373 163.8312363077 122.1372357725 36619.4903082883
-2798.0471791013 174.0541085259 152.0807533740 122.2382142025 36649.7548955058
-2799.2196923528 197.0250508620 143.5859957858 122.3383192298 36679.7575591163
-2800.7001971743 192.2053786347 165.4635423428 122.4284751250 36706.7769921532
-2801.7677289667 175.8238962145 157.6216157082 122.4964898721 36727.1585328604
-2804.0430982275 186.7148240604 164.6842854237 122.7236687249 36795.2898455468
-2813.0004382083 176.3019585807 152.1529230648 123.0601864742 36896.2675039822
-2813.6908976936 180.3719598131 141.6638887543 123.0988351950 36907.8473164924
-2814.9833523111 192.2989613904 138.5361464730 123.1418957524 36920.7492643069
-2817.3673814595 202.3355240480 153.9741465331 123.2097518885 36941.0830867634
-2824.4364093435 204.7889646358 153.3368744228 123.4793710667 37021.9600908136
-2825.6714016863 198.5701164271 163.6321963125 123.5215059120 37034.5845627544
-2825.8552102593 196.7802447822 164.4555064703 123.5281204795 37036.5660641102
-2827.4442838986 179.5716204635 154.0384753277 123.6055670591 37059.7748172586
-2830.4486010557 203.6536089459 147.9423724219 123.7315640540 37097.5422190664
-2833.0361398702 185.8169698065 164.9004258613 123.8342040072 37128.3046890307
-2850.6475726500 191.9699873372 143.3730699425 124.9104598097 37452.4928864591
-2849.0423588507 208.8779790229 135.1118330646 125.1163317760 37514.2280770244
-2844.3466245611 196.1247045238 140.5714085297 125.4429722410 37612.2403103604
-2840.4246442959 200.7764875230 116.4150081128 125.8540163508 37735.6341631113
-2834.8822626165 188.9349096762 137.6874233331 126.0053279350 37780.9952469488
-2832.9185895537 186.0192674996 123.5501213069 126.0573228874 37796.5743800576
-2818.4543134634 193.3519629694 119.8038620043 126.3553251704 37885.9809796834
-2814.7748104046 210.2361474952 129.6741090852 126.4332234093 37909.3245921938
-2813.5447872520 208.9650022716 136.5512826627 126.4572413018 37916.5199080112
-2807.1544223380 187.9426823483 125.3030616862 126.5924617258 37957.0535374747
-2800.4604613464 207.2872143322 138.9701727542 126.7314651704 37998.7219837596
-2799.9964424727 205.2192071358 140.8713244952 126.7409909948 38001.5755085053
-2786.6182605153 197.9116446217 146.8414983062 127.0319456900 38088.8650974827
-2775.3144877498 209.1287571692 141.9657694012 127.2552229449 38155.8263641098
-2770.1110636870 187.2633371216 140.9966209387 127.3479433538 38183.6137042351
-2761.6787107529 210.1179778319 133.8047731773 127.4893062297 38225.9898632155
-2761.0205710032 210.2372860696 137.0633744693 127.5004335397 38229.3231119390
-2759.5798072084 207.1896792239 143.8594924456 127.5262338887 38237.0523684893
-2758.1702828747 201.3256179355 147.5186894364 127.5501013551 38244.2024938290
-2736.4604091157 187.5166243059 142.4272946439 127.8680951467 38339.6191437682
-2733.4523909993 188.4648934795 129.5334952672 127.9151458530 38353.7161390613
-2727.5556361848 209.6452703123 138.2214137241 128.0209118061 38385.4151832880
-2725.2054968415 202.9359801170 147.7363104524 128.0625007292 38397.8753532717
-2721.2291629760 185.4378181860 137.9418012233 128.1429247689 38421.9757466802
-2719.2867626819 190.0929682250 127.2896570478 128.1840859256 38434.3076748816
-2717.4147879364 201.7547449508 125.5973633498 128.2259294246 38446.8440737385
-2716.7013886569 205.9472859313 128.2472682642 128.2427380067 38451.8792548653
-2716.5723547626 206.5818193240 128.9060651179 128.2458224674 38452.8031656638
-2713.4781815680 204.1503718616 147.9377532108 128.3183399331 38474.5332179259
-2712.0427047119 195.2255815857 149.4913702207 128.3497192223 38483.9339470072
-2706.1455534143 195.2325218777 125.2701548264 128.4628000624 38517.8265389292
-2703.3965017798 208.7008532117 131.2439246919 128.5157287761 38533.6849948300
-2702.9944842620 209.5789491997 133.1951002945 128.5230057803 38535.8647672743
-2682.9985894083 187.8158761621 150.9090867216 128.8865659661 38644.9838354054
-2672.0752346396 208.6314079712 144.3558308195 129.0618875362 38697.5494499916
-2661.3599559795 199.8275381320 128.2156995771 129.2551922459 38755.5127282313
-2653.7783285377 191.7720915903 149.0995126312 129.4001698007 38798.9730056777
-2650.1633231364 190.5226103647 130.6756098572 129.4721816360 38820.5512218209
-2649.9765776786 191.3120299729 129.9842946913 129.4757415713 38821.6175348319
-2649.3297429063 194.6781048549 128.0520081027 129.4889301324 38825.5681405834
-2644.1368147880 205.9969569545 148.2072144918 129.6043237302 38860.1541165202
-2639.2946755238 187.0373661489 138.0878257622 129.6985616100 38888.3958409435
-2638.6252215535 187.8537621361 134.6115108030 129.7107495513 38892.0466751269
-2637.9899995186 189.4483454187 131.7060757177 129.7220399563 38895.4286384713
-2623.7429378100 187.2886969894 144.6929016606 129.9340738862 38959.0148466343
-2623.6678347265 187.1740983815 144.4515152087 129.9350005899 38959.2924171092
-2620.3941484633 187.6444836507 133.9199159386 129.9732116509 38970.7400073495
-2620.1605638948 188.0440562544 133.2364814236 129.9759676901 38971.5655163681
-2613.3416353987 208.7684108277 134.6435347387 130.0630389756 38997.6583533056
-2607.5605610310 195.7269334367 151.3590086319 130.1532904986 39024.7046398275
-2601.0169736786 194.3778311966 129.2928992071 130.2589437314 39056.3692560822
-2597.0452171440 209.8493821793 138.9580210742 130.3297159285 39077.5756109181
-2595.8957366157 209.2924228434 144.8097360199 130.3498881299 39083.6182844497
-2592.7617829697 195.9892011184 152.8638581438 130.4065916963 39100.6076798130
-2588.7858875241 186.6159640048 137.4450313475 130.4765373416 39121.5662185460
-2587.0885387785 191.8067134051 130.8867191101 130.5055398987 39130.2544811218
-2572.8167750486 201.8524880055 133.2783876033 130.7978793556 39217.9646536984
-2563.8370999250 187.1872731572 139.5518184212 130.9858961333 39274.3407696083
-2546.0145319166 204.3303464010 145.9575839766 131.3537091560 39384.7448313906
-2545.1689921066 201.5023714291 151.0916697251 131.3737155032 39390.7377106775
-2538.2160867936 190.5153209380 130.1104339438 131.5243854016 39435.9055571971
-2529.7247474376 180.7033658514 147.5228542249 131.7027470832 39489.3836145340
-2523.6972764975 200.6005643533 137.0262693823 131.8265128481 39526.4801621392
-2506.8340207911 199.6372130110 136.3985028627 132.3176453025 39674.0114546541
-2506.0730232262 184.4828542976 154.2212588202 132.4216399791 39705.1781503966
-2505.6815859745 180.0151940768 136.2567226918 132.4908854470 39725.9263069516
-2505.6683044811 180.6620986809 135.4542948607 132.4943279312 39726.9573748996
-2505.6666640100 181.1422245862 134.9489415819 132.4966554589 39727.6544931479
-2502.1527770013 186.4415658374 132.9818299412 132.7639736705 39807.8475558697
-2500.4733262050 175.8675276014 145.3817941909 132.9556362553 39865.3182764024
-2495.0273736754 181.7695942783 154.7034845802 133.1654705014 39928.2448533321
-2485.7061323390 188.4383718882 136.8367208970 133.5234985938 40035.7106330377
-2478.3595608221 176.7551743167 137.1627867046 133.7321677754 40098.2874872446
-2473.6606203445 174.1081224408 154.2584651548 133.9161915815 40153.4651686425
-2473.0022244805 171.3855425991 148.7817395572 133.9369125390 40159.6718464177
-2468.1647674954 195.0918491719 148.9361678029 134.0735922898 40200.6418343161
-2465.9003946263 177.1206258757 155.7523576690 134.1524019254 40224.2566285521
-2463.6820802763 189.2036373812 136.3594003011 134.2633755002 40257.5157787105
-2462.8304397483 196.0358473571 146.8465640460 134.3080241946 40270.8915853310
-2462.4557101282 194.1627638657 153.3644215934 134.3309558601 40277.7604877252
-2456.9342276679 178.2113626265 136.4690728042 134.4676218236 40318.7262579851
-2448.9050953950 180.5137490839 155.2224988879 134.6272488811 40366.5815130245
-2448.1497580149 177.8001473479 153.5167587043 134.6382929224 40369.8893377891
-2439.7094680931 189.4676721359 134.7531711962 134.7484140180 40402.8926164314
-2436.1676626104 195.9476067791 144.6880129717 134.7914878198 40415.7963307636
-2434.2122583056 193.8458252387 151.4915186512 134.8164534420 40423.2744725411
-2433.9954865709 193.3275436657 152.1523647457 134.8193506172 40424.1421633672
-2413.6299970995 172.4387158919 149.0496675035 135.1387495086 40519.9933690945
-2408.3022319992 186.3989710960 132.9467864469 135.2292437315 40547.1109430251
-2403.9666620909 193.2208732459 148.6206970544 135.2944152294 40566.6371004789
-2400.5711726829 182.6064551328 155.3035180627 135.3406237485 40580.4800278245
